"seed","replicate","n_genes","variants_per_gene","n_case1","n_control1","n_case2","n_control2","bf_mode","simulation_design","background_prob","background_multiplier","pi11_truth","mtada_error","method","target","metric","threshold","value"
20260813,1,500,15,3000,3000,3000,3000,"fast","control_informative",0.05,5,0.01,"","mirage_joint","trait1","auc",NA,0.711073684210526
20260813,1,500,15,3000,3000,3000,3000,"fast","control_informative",0.05,5,0.01,"","mirage_joint","trait2","auc",NA,0.73
20260813,1,500,15,3000,3000,3000,3000,"fast","control_informative",0.05,5,0.01,"","mirage_joint","pleiotropy","auc",NA,0.782222222222222
20260813,1,500,15,3000,3000,3000,3000,"fast","control_informative",0.05,5,0.01,"","mirage_joint","trait1","pp08_power",0.8,0.2
20260813,1,500,15,3000,3000,3000,3000,"fast","control_informative",0.05,5,0.01,"","mirage_joint","trait1","pp08_fdp",0.8,0
20260813,1,500,15,3000,3000,3000,3000,"fast","control_informative",0.05,5,0.01,"","mirage_joint","trait1","pp08_discoveries",0.8,5
20260813,1,500,15,3000,3000,3000,3000,"fast","control_informative",0.05,5,0.01,"","mirage_joint","trait2","pp08_power",0.8,0.2
20260813,1,500,15,3000,3000,3000,3000,"fast","control_informative",0.05,5,0.01,"","mirage_joint","trait2","pp08_fdp",0.8,0
20260813,1,500,15,3000,3000,3000,3000,"fast","control_informative",0.05,5,0.01,"","mirage_joint","trait2","pp08_discoveries",0.8,2
20260813,1,500,15,3000,3000,3000,3000,"fast","control_informative",0.05,5,0.01,"","mirage_joint","pleiotropy","pp08_power",0.8,0
20260813,1,500,15,3000,3000,3000,3000,"fast","control_informative",0.05,5,0.01,"","mirage_joint","pleiotropy","pp08_fdp",0.8,0
20260813,1,500,15,3000,3000,3000,3000,"fast","control_informative",0.05,5,0.01,"","mirage_joint","pleiotropy","pp08_discoveries",0.8,0
20260813,1,500,15,3000,3000,3000,3000,"fast","control_informative",0.05,5,0.01,"","mirage_joint","trait1","bfdr_observed_fdp",0.01,0
20260813,1,500,15,3000,3000,3000,3000,"fast","control_informative",0.05,5,0.01,"","mirage_joint","trait1","bfdr_estimate",0.01,0.00957324820821903
20260813,1,500,15,3000,3000,3000,3000,"fast","control_informative",0.05,5,0.01,"","mirage_joint","trait1","bfdr_power",0.01,0.12
20260813,1,500,15,3000,3000,3000,3000,"fast","control_informative",0.05,5,0.01,"","mirage_joint","trait1","bfdr_discoveries",0.01,3
20260813,1,500,15,3000,3000,3000,3000,"fast","control_informative",0.05,5,0.01,"","mirage_joint","trait1","bfdr_observed_fdp",0.05,0
20260813,1,500,15,3000,3000,3000,3000,"fast","control_informative",0.05,5,0.01,"","mirage_joint","trait1","bfdr_estimate",0.05,0.0324987015757713
20260813,1,500,15,3000,3000,3000,3000,"fast","control_informative",0.05,5,0.01,"","mirage_joint","trait1","bfdr_power",0.05,0.16
20260813,1,500,15,3000,3000,3000,3000,"fast","control_informative",0.05,5,0.01,"","mirage_joint","trait1","bfdr_discoveries",0.05,4
20260813,1,500,15,3000,3000,3000,3000,"fast","control_informative",0.05,5,0.01,"","mirage_joint","trait1","bfdr_observed_fdp",0.1,0
20260813,1,500,15,3000,3000,3000,3000,"fast","control_informative",0.05,5,0.01,"","mirage_joint","trait1","bfdr_estimate",0.1,0.0949578663572529
20260813,1,500,15,3000,3000,3000,3000,"fast","control_informative",0.05,5,0.01,"","mirage_joint","trait1","bfdr_power",0.1,0.24
20260813,1,500,15,3000,3000,3000,3000,"fast","control_informative",0.05,5,0.01,"","mirage_joint","trait1","bfdr_discoveries",0.1,6
20260813,1,500,15,3000,3000,3000,3000,"fast","control_informative",0.05,5,0.01,"","mirage_joint","trait1","bfdr_observed_fdp",0.2,0.222222222222222
20260813,1,500,15,3000,3000,3000,3000,"fast","control_informative",0.05,5,0.01,"","mirage_joint","trait1","bfdr_estimate",0.2,0.185594723034316
20260813,1,500,15,3000,3000,3000,3000,"fast","control_informative",0.05,5,0.01,"","mirage_joint","trait1","bfdr_power",0.2,0.28
20260813,1,500,15,3000,3000,3000,3000,"fast","control_informative",0.05,5,0.01,"","mirage_joint","trait1","bfdr_discoveries",0.2,9
20260813,1,500,15,3000,3000,3000,3000,"fast","control_informative",0.05,5,0.01,"","mirage_joint","trait2","bfdr_observed_fdp",0.01,0
20260813,1,500,15,3000,3000,3000,3000,"fast","control_informative",0.05,5,0.01,"","mirage_joint","trait2","bfdr_estimate",0.01,0
20260813,1,500,15,3000,3000,3000,3000,"fast","control_informative",0.05,5,0.01,"","mirage_joint","trait2","bfdr_power",0.01,0
20260813,1,500,15,3000,3000,3000,3000,"fast","control_informative",0.05,5,0.01,"","mirage_joint","trait2","bfdr_discoveries",0.01,0
20260813,1,500,15,3000,3000,3000,3000,"fast","control_informative",0.05,5,0.01,"","mirage_joint","trait2","bfdr_observed_fdp",0.05,0
20260813,1,500,15,3000,3000,3000,3000,"fast","control_informative",0.05,5,0.01,"","mirage_joint","trait2","bfdr_estimate",0.05,0
20260813,1,500,15,3000,3000,3000,3000,"fast","control_informative",0.05,5,0.01,"","mirage_joint","trait2","bfdr_power",0.05,0
20260813,1,500,15,3000,3000,3000,3000,"fast","control_informative",0.05,5,0.01,"","mirage_joint","trait2","bfdr_discoveries",0.05,0
20260813,1,500,15,3000,3000,3000,3000,"fast","control_informative",0.05,5,0.01,"","mirage_joint","trait2","bfdr_observed_fdp",0.1,0
20260813,1,500,15,3000,3000,3000,3000,"fast","control_informative",0.05,5,0.01,"","mirage_joint","trait2","bfdr_estimate",0.1,0.05933376697538
20260813,1,500,15,3000,3000,3000,3000,"fast","control_informative",0.05,5,0.01,"","mirage_joint","trait2","bfdr_power",0.1,0.1
20260813,1,500,15,3000,3000,3000,3000,"fast","control_informative",0.05,5,0.01,"","mirage_joint","trait2","bfdr_discoveries",0.1,1
20260813,1,500,15,3000,3000,3000,3000,"fast","control_informative",0.05,5,0.01,"","mirage_joint","trait2","bfdr_observed_fdp",0.2,0.333333333333333
20260813,1,500,15,3000,3000,3000,3000,"fast","control_informative",0.05,5,0.01,"","mirage_joint","trait2","bfdr_estimate",0.2,0.186435611868009
20260813,1,500,15,3000,3000,3000,3000,"fast","control_informative",0.05,5,0.01,"","mirage_joint","trait2","bfdr_power",0.2,0.2
20260813,1,500,15,3000,3000,3000,3000,"fast","control_informative",0.05,5,0.01,"","mirage_joint","trait2","bfdr_discoveries",0.2,3
20260813,1,500,15,3000,3000,3000,3000,"fast","control_informative",0.05,5,0.01,"","mirage_joint","pleiotropy","bfdr_observed_fdp",0.01,0
20260813,1,500,15,3000,3000,3000,3000,"fast","control_informative",0.05,5,0.01,"","mirage_joint","pleiotropy","bfdr_estimate",0.01,0
20260813,1,500,15,3000,3000,3000,3000,"fast","control_informative",0.05,5,0.01,"","mirage_joint","pleiotropy","bfdr_power",0.01,0
20260813,1,500,15,3000,3000,3000,3000,"fast","control_informative",0.05,5,0.01,"","mirage_joint","pleiotropy","bfdr_discoveries",0.01,0
20260813,1,500,15,3000,3000,3000,3000,"fast","control_informative",0.05,5,0.01,"","mirage_joint","pleiotropy","bfdr_observed_fdp",0.05,0
20260813,1,500,15,3000,3000,3000,3000,"fast","control_informative",0.05,5,0.01,"","mirage_joint","pleiotropy","bfdr_estimate",0.05,0
20260813,1,500,15,3000,3000,3000,3000,"fast","control_informative",0.05,5,0.01,"","mirage_joint","pleiotropy","bfdr_power",0.05,0
20260813,1,500,15,3000,3000,3000,3000,"fast","control_informative",0.05,5,0.01,"","mirage_joint","pleiotropy","bfdr_discoveries",0.05,0
20260813,1,500,15,3000,3000,3000,3000,"fast","control_informative",0.05,5,0.01,"","mirage_joint","pleiotropy","bfdr_observed_fdp",0.1,0
20260813,1,500,15,3000,3000,3000,3000,"fast","control_informative",0.05,5,0.01,"","mirage_joint","pleiotropy","bfdr_estimate",0.1,0
20260813,1,500,15,3000,3000,3000,3000,"fast","control_informative",0.05,5,0.01,"","mirage_joint","pleiotropy","bfdr_power",0.1,0
20260813,1,500,15,3000,3000,3000,3000,"fast","control_informative",0.05,5,0.01,"","mirage_joint","pleiotropy","bfdr_discoveries",0.1,0
20260813,1,500,15,3000,3000,3000,3000,"fast","control_informative",0.05,5,0.01,"","mirage_joint","pleiotropy","bfdr_observed_fdp",0.2,0
20260813,1,500,15,3000,3000,3000,3000,"fast","control_informative",0.05,5,0.01,"","mirage_joint","pleiotropy","bfdr_estimate",0.2,0
20260813,1,500,15,3000,3000,3000,3000,"fast","control_informative",0.05,5,0.01,"","mirage_joint","pleiotropy","bfdr_power",0.2,0
20260813,1,500,15,3000,3000,3000,3000,"fast","control_informative",0.05,5,0.01,"","mirage_joint","pleiotropy","bfdr_discoveries",0.2,0
20260813,1,500,15,3000,3000,3000,3000,"fast","control_informative",0.05,5,0.01,"","mirage_joint","global","runtime_seconds",NA,18.167
20260813,1,500,15,3000,3000,3000,3000,"fast","control_informative",0.05,5,0.01,"","mirage_joint","pleiotropy","pi11_estimate",NA,0.0408347007557417
20260813,1,500,15,3000,3000,3000,3000,"fast","control_informative",0.05,5,0.01,"","separate_mirage","trait1","auc",NA,0.712
20260813,1,500,15,3000,3000,3000,3000,"fast","control_informative",0.05,5,0.01,"","separate_mirage","trait2","auc",NA,0.661836734693878
20260813,1,500,15,3000,3000,3000,3000,"fast","control_informative",0.05,5,0.01,"","separate_mirage","pleiotropy","auc",NA,0.798787878787879
20260813,1,500,15,3000,3000,3000,3000,"fast","control_informative",0.05,5,0.01,"","separate_mirage","trait1","pp08_power",0.8,0.12
20260813,1,500,15,3000,3000,3000,3000,"fast","control_informative",0.05,5,0.01,"","separate_mirage","trait1","pp08_fdp",0.8,0
20260813,1,500,15,3000,3000,3000,3000,"fast","control_informative",0.05,5,0.01,"","separate_mirage","trait1","pp08_discoveries",0.8,3
20260813,1,500,15,3000,3000,3000,3000,"fast","control_informative",0.05,5,0.01,"","separate_mirage","trait2","pp08_power",0.8,0.2
20260813,1,500,15,3000,3000,3000,3000,"fast","control_informative",0.05,5,0.01,"","separate_mirage","trait2","pp08_fdp",0.8,0
20260813,1,500,15,3000,3000,3000,3000,"fast","control_informative",0.05,5,0.01,"","separate_mirage","trait2","pp08_discoveries",0.8,2
20260813,1,500,15,3000,3000,3000,3000,"fast","control_informative",0.05,5,0.01,"","separate_mirage","pleiotropy","pp08_power",0.8,0
20260813,1,500,15,3000,3000,3000,3000,"fast","control_informative",0.05,5,0.01,"","separate_mirage","pleiotropy","pp08_fdp",0.8,0
20260813,1,500,15,3000,3000,3000,3000,"fast","control_informative",0.05,5,0.01,"","separate_mirage","pleiotropy","pp08_discoveries",0.8,0
20260813,1,500,15,3000,3000,3000,3000,"fast","control_informative",0.05,5,0.01,"","separate_mirage","trait1","bfdr_observed_fdp",0.01,0
20260813,1,500,15,3000,3000,3000,3000,"fast","control_informative",0.05,5,0.01,"","separate_mirage","trait1","bfdr_estimate",0.01,0.001282495962456
20260813,1,500,15,3000,3000,3000,3000,"fast","control_informative",0.05,5,0.01,"","separate_mirage","trait1","bfdr_power",0.01,0.08
20260813,1,500,15,3000,3000,3000,3000,"fast","control_informative",0.05,5,0.01,"","separate_mirage","trait1","bfdr_discoveries",0.01,2
20260813,1,500,15,3000,3000,3000,3000,"fast","control_informative",0.05,5,0.01,"","separate_mirage","trait1","bfdr_observed_fdp",0.05,0
20260813,1,500,15,3000,3000,3000,3000,"fast","control_informative",0.05,5,0.01,"","separate_mirage","trait1","bfdr_estimate",0.05,0.0309350034123631
20260813,1,500,15,3000,3000,3000,3000,"fast","control_informative",0.05,5,0.01,"","separate_mirage","trait1","bfdr_power",0.05,0.12
20260813,1,500,15,3000,3000,3000,3000,"fast","control_informative",0.05,5,0.01,"","separate_mirage","trait1","bfdr_discoveries",0.05,3
20260813,1,500,15,3000,3000,3000,3000,"fast","control_informative",0.05,5,0.01,"","separate_mirage","trait1","bfdr_observed_fdp",0.1,0
20260813,1,500,15,3000,3000,3000,3000,"fast","control_informative",0.05,5,0.01,"","separate_mirage","trait1","bfdr_estimate",0.1,0.0749711221165845
20260813,1,500,15,3000,3000,3000,3000,"fast","control_informative",0.05,5,0.01,"","separate_mirage","trait1","bfdr_power",0.1,0.16
20260813,1,500,15,3000,3000,3000,3000,"fast","control_informative",0.05,5,0.01,"","separate_mirage","trait1","bfdr_discoveries",0.1,4
20260813,1,500,15,3000,3000,3000,3000,"fast","control_informative",0.05,5,0.01,"","separate_mirage","trait1","bfdr_observed_fdp",0.2,0.166666666666667
20260813,1,500,15,3000,3000,3000,3000,"fast","control_informative",0.05,5,0.01,"","separate_mirage","trait1","bfdr_estimate",0.2,0.193123380411385
20260813,1,500,15,3000,3000,3000,3000,"fast","control_informative",0.05,5,0.01,"","separate_mirage","trait1","bfdr_power",0.2,0.2
20260813,1,500,15,3000,3000,3000,3000,"fast","control_informative",0.05,5,0.01,"","separate_mirage","trait1","bfdr_discoveries",0.2,6
20260813,1,500,15,3000,3000,3000,3000,"fast","control_informative",0.05,5,0.01,"","separate_mirage","trait2","bfdr_observed_fdp",0.01,0
20260813,1,500,15,3000,3000,3000,3000,"fast","control_informative",0.05,5,0.01,"","separate_mirage","trait2","bfdr_estimate",0.01,0
20260813,1,500,15,3000,3000,3000,3000,"fast","control_informative",0.05,5,0.01,"","separate_mirage","trait2","bfdr_power",0.01,0
20260813,1,500,15,3000,3000,3000,3000,"fast","control_informative",0.05,5,0.01,"","separate_mirage","trait2","bfdr_discoveries",0.01,0
20260813,1,500,15,3000,3000,3000,3000,"fast","control_informative",0.05,5,0.01,"","separate_mirage","trait2","bfdr_observed_fdp",0.05,0
20260813,1,500,15,3000,3000,3000,3000,"fast","control_informative",0.05,5,0.01,"","separate_mirage","trait2","bfdr_estimate",0.05,0
20260813,1,500,15,3000,3000,3000,3000,"fast","control_informative",0.05,5,0.01,"","separate_mirage","trait2","bfdr_power",0.05,0
20260813,1,500,15,3000,3000,3000,3000,"fast","control_informative",0.05,5,0.01,"","separate_mirage","trait2","bfdr_discoveries",0.05,0
20260813,1,500,15,3000,3000,3000,3000,"fast","control_informative",0.05,5,0.01,"","separate_mirage","trait2","bfdr_observed_fdp",0.1,0
20260813,1,500,15,3000,3000,3000,3000,"fast","control_informative",0.05,5,0.01,"","separate_mirage","trait2","bfdr_estimate",0.1,0
20260813,1,500,15,3000,3000,3000,3000,"fast","control_informative",0.05,5,0.01,"","separate_mirage","trait2","bfdr_power",0.1,0
20260813,1,500,15,3000,3000,3000,3000,"fast","control_informative",0.05,5,0.01,"","separate_mirage","trait2","bfdr_discoveries",0.1,0
20260813,1,500,15,3000,3000,3000,3000,"fast","control_informative",0.05,5,0.01,"","separate_mirage","trait2","bfdr_observed_fdp",0.2,0
20260813,1,500,15,3000,3000,3000,3000,"fast","control_informative",0.05,5,0.01,"","separate_mirage","trait2","bfdr_estimate",0.2,0.160867200150221
20260813,1,500,15,3000,3000,3000,3000,"fast","control_informative",0.05,5,0.01,"","separate_mirage","trait2","bfdr_power",0.2,0.2
20260813,1,500,15,3000,3000,3000,3000,"fast","control_informative",0.05,5,0.01,"","separate_mirage","trait2","bfdr_discoveries",0.2,2
20260813,1,500,15,3000,3000,3000,3000,"fast","control_informative",0.05,5,0.01,"","separate_mirage","pleiotropy","bfdr_observed_fdp",0.01,0
20260813,1,500,15,3000,3000,3000,3000,"fast","control_informative",0.05,5,0.01,"","separate_mirage","pleiotropy","bfdr_estimate",0.01,0
20260813,1,500,15,3000,3000,3000,3000,"fast","control_informative",0.05,5,0.01,"","separate_mirage","pleiotropy","bfdr_power",0.01,0
20260813,1,500,15,3000,3000,3000,3000,"fast","control_informative",0.05,5,0.01,"","separate_mirage","pleiotropy","bfdr_discoveries",0.01,0
20260813,1,500,15,3000,3000,3000,3000,"fast","control_informative",0.05,5,0.01,"","separate_mirage","pleiotropy","bfdr_observed_fdp",0.05,0
20260813,1,500,15,3000,3000,3000,3000,"fast","control_informative",0.05,5,0.01,"","separate_mirage","pleiotropy","bfdr_estimate",0.05,0
20260813,1,500,15,3000,3000,3000,3000,"fast","control_informative",0.05,5,0.01,"","separate_mirage","pleiotropy","bfdr_power",0.05,0
20260813,1,500,15,3000,3000,3000,3000,"fast","control_informative",0.05,5,0.01,"","separate_mirage","pleiotropy","bfdr_discoveries",0.05,0
20260813,1,500,15,3000,3000,3000,3000,"fast","control_informative",0.05,5,0.01,"","separate_mirage","pleiotropy","bfdr_observed_fdp",0.1,0
20260813,1,500,15,3000,3000,3000,3000,"fast","control_informative",0.05,5,0.01,"","separate_mirage","pleiotropy","bfdr_estimate",0.1,0
20260813,1,500,15,3000,3000,3000,3000,"fast","control_informative",0.05,5,0.01,"","separate_mirage","pleiotropy","bfdr_power",0.1,0
20260813,1,500,15,3000,3000,3000,3000,"fast","control_informative",0.05,5,0.01,"","separate_mirage","pleiotropy","bfdr_discoveries",0.1,0
20260813,1,500,15,3000,3000,3000,3000,"fast","control_informative",0.05,5,0.01,"","separate_mirage","pleiotropy","bfdr_observed_fdp",0.2,0
20260813,1,500,15,3000,3000,3000,3000,"fast","control_informative",0.05,5,0.01,"","separate_mirage","pleiotropy","bfdr_estimate",0.2,0
20260813,1,500,15,3000,3000,3000,3000,"fast","control_informative",0.05,5,0.01,"","separate_mirage","pleiotropy","bfdr_power",0.2,0
20260813,1,500,15,3000,3000,3000,3000,"fast","control_informative",0.05,5,0.01,"","separate_mirage","pleiotropy","bfdr_discoveries",0.2,0
20260813,1,500,15,3000,3000,3000,3000,"fast","control_informative",0.05,5,0.01,"","separate_mirage","global","runtime_seconds",NA,18.033
20260813,1,500,15,3000,3000,3000,3000,"fast","control_informative",0.05,5,0.01,"","separate_mirage","pleiotropy","pi11_estimate",NA,0.001
20260813,1,500,15,3000,3000,3000,3000,"fast","control_informative",0.05,5,0.01,"","mtada_aggregated","trait1","auc",NA,0.688042105263158
20260813,1,500,15,3000,3000,3000,3000,"fast","control_informative",0.05,5,0.01,"","mtada_aggregated","trait2","auc",NA,0.628571428571429
20260813,1,500,15,3000,3000,3000,3000,"fast","control_informative",0.05,5,0.01,"","mtada_aggregated","pleiotropy","auc",NA,0.661010101010101
20260813,1,500,15,3000,3000,3000,3000,"fast","control_informative",0.05,5,0.01,"","mtada_aggregated","trait1","pp08_power",0.8,0.32
20260813,1,500,15,3000,3000,3000,3000,"fast","control_informative",0.05,5,0.01,"","mtada_aggregated","trait1","pp08_fdp",0.8,0.864406779661017
20260813,1,500,15,3000,3000,3000,3000,"fast","control_informative",0.05,5,0.01,"","mtada_aggregated","trait1","pp08_discoveries",0.8,59
20260813,1,500,15,3000,3000,3000,3000,"fast","control_informative",0.05,5,0.01,"","mtada_aggregated","trait2","pp08_power",0.8,0.2
20260813,1,500,15,3000,3000,3000,3000,"fast","control_informative",0.05,5,0.01,"","mtada_aggregated","trait2","pp08_fdp",0.8,0.947368421052632
20260813,1,500,15,3000,3000,3000,3000,"fast","control_informative",0.05,5,0.01,"","mtada_aggregated","trait2","pp08_discoveries",0.8,38
20260813,1,500,15,3000,3000,3000,3000,"fast","control_informative",0.05,5,0.01,"","mtada_aggregated","pleiotropy","pp08_power",0.8,0.2
20260813,1,500,15,3000,3000,3000,3000,"fast","control_informative",0.05,5,0.01,"","mtada_aggregated","pleiotropy","pp08_fdp",0.8,0.75
20260813,1,500,15,3000,3000,3000,3000,"fast","control_informative",0.05,5,0.01,"","mtada_aggregated","pleiotropy","pp08_discoveries",0.8,4
20260813,1,500,15,3000,3000,3000,3000,"fast","control_informative",0.05,5,0.01,"","mtada_aggregated","trait1","bfdr_observed_fdp",0.01,0.865384615384615
20260813,1,500,15,3000,3000,3000,3000,"fast","control_informative",0.05,5,0.01,"","mtada_aggregated","trait1","bfdr_estimate",0.01,0.00923003433859658
20260813,1,500,15,3000,3000,3000,3000,"fast","control_informative",0.05,5,0.01,"","mtada_aggregated","trait1","bfdr_power",0.01,0.28
20260813,1,500,15,3000,3000,3000,3000,"fast","control_informative",0.05,5,0.01,"","mtada_aggregated","trait1","bfdr_discoveries",0.01,52
20260813,1,500,15,3000,3000,3000,3000,"fast","control_informative",0.05,5,0.01,"","mtada_aggregated","trait1","bfdr_observed_fdp",0.05,0.873015873015873
20260813,1,500,15,3000,3000,3000,3000,"fast","control_informative",0.05,5,0.01,"","mtada_aggregated","trait1","bfdr_estimate",0.05,0.0482414404520359
20260813,1,500,15,3000,3000,3000,3000,"fast","control_informative",0.05,5,0.01,"","mtada_aggregated","trait1","bfdr_power",0.05,0.32
20260813,1,500,15,3000,3000,3000,3000,"fast","control_informative",0.05,5,0.01,"","mtada_aggregated","trait1","bfdr_discoveries",0.05,63
20260813,1,500,15,3000,3000,3000,3000,"fast","control_informative",0.05,5,0.01,"","mtada_aggregated","trait1","bfdr_observed_fdp",0.1,0.884057971014493
20260813,1,500,15,3000,3000,3000,3000,"fast","control_informative",0.05,5,0.01,"","mtada_aggregated","trait1","bfdr_estimate",0.1,0.0987847927089514
20260813,1,500,15,3000,3000,3000,3000,"fast","control_informative",0.05,5,0.01,"","mtada_aggregated","trait1","bfdr_power",0.1,0.32
20260813,1,500,15,3000,3000,3000,3000,"fast","control_informative",0.05,5,0.01,"","mtada_aggregated","trait1","bfdr_discoveries",0.1,69
20260813,1,500,15,3000,3000,3000,3000,"fast","control_informative",0.05,5,0.01,"","mtada_aggregated","trait1","bfdr_observed_fdp",0.2,0.873417721518987
20260813,1,500,15,3000,3000,3000,3000,"fast","control_informative",0.05,5,0.01,"","mtada_aggregated","trait1","bfdr_estimate",0.2,0.19364347892967
20260813,1,500,15,3000,3000,3000,3000,"fast","control_informative",0.05,5,0.01,"","mtada_aggregated","trait1","bfdr_power",0.2,0.4
20260813,1,500,15,3000,3000,3000,3000,"fast","control_informative",0.05,5,0.01,"","mtada_aggregated","trait1","bfdr_discoveries",0.2,79
20260813,1,500,15,3000,3000,3000,3000,"fast","control_informative",0.05,5,0.01,"","mtada_aggregated","trait2","bfdr_observed_fdp",0.01,0.93939393939394
20260813,1,500,15,3000,3000,3000,3000,"fast","control_informative",0.05,5,0.01,"","mtada_aggregated","trait2","bfdr_estimate",0.01,0.00916592876948927
20260813,1,500,15,3000,3000,3000,3000,"fast","control_informative",0.05,5,0.01,"","mtada_aggregated","trait2","bfdr_power",0.01,0.2
20260813,1,500,15,3000,3000,3000,3000,"fast","control_informative",0.05,5,0.01,"","mtada_aggregated","trait2","bfdr_discoveries",0.01,33
20260813,1,500,15,3000,3000,3000,3000,"fast","control_informative",0.05,5,0.01,"","mtada_aggregated","trait2","bfdr_observed_fdp",0.05,0.926829268292683
20260813,1,500,15,3000,3000,3000,3000,"fast","control_informative",0.05,5,0.01,"","mtada_aggregated","trait2","bfdr_estimate",0.05,0.0422141735342644
20260813,1,500,15,3000,3000,3000,3000,"fast","control_informative",0.05,5,0.01,"","mtada_aggregated","trait2","bfdr_power",0.05,0.3
20260813,1,500,15,3000,3000,3000,3000,"fast","control_informative",0.05,5,0.01,"","mtada_aggregated","trait2","bfdr_discoveries",0.05,41
20260813,1,500,15,3000,3000,3000,3000,"fast","control_informative",0.05,5,0.01,"","mtada_aggregated","trait2","bfdr_observed_fdp",0.1,0.934782608695652
20260813,1,500,15,3000,3000,3000,3000,"fast","control_informative",0.05,5,0.01,"","mtada_aggregated","trait2","bfdr_estimate",0.1,0.0974359942730509
20260813,1,500,15,3000,3000,3000,3000,"fast","control_informative",0.05,5,0.01,"","mtada_aggregated","trait2","bfdr_power",0.1,0.3
20260813,1,500,15,3000,3000,3000,3000,"fast","control_informative",0.05,5,0.01,"","mtada_aggregated","trait2","bfdr_discoveries",0.1,46
20260813,1,500,15,3000,3000,3000,3000,"fast","control_informative",0.05,5,0.01,"","mtada_aggregated","trait2","bfdr_observed_fdp",0.2,0.944444444444444
20260813,1,500,15,3000,3000,3000,3000,"fast","control_informative",0.05,5,0.01,"","mtada_aggregated","trait2","bfdr_estimate",0.2,0.193006712740779
20260813,1,500,15,3000,3000,3000,3000,"fast","control_informative",0.05,5,0.01,"","mtada_aggregated","trait2","bfdr_power",0.2,0.3
20260813,1,500,15,3000,3000,3000,3000,"fast","control_informative",0.05,5,0.01,"","mtada_aggregated","trait2","bfdr_discoveries",0.2,54
20260813,1,500,15,3000,3000,3000,3000,"fast","control_informative",0.05,5,0.01,"","mtada_aggregated","pleiotropy","bfdr_observed_fdp",0.01,0
20260813,1,500,15,3000,3000,3000,3000,"fast","control_informative",0.05,5,0.01,"","mtada_aggregated","pleiotropy","bfdr_estimate",0.01,0.00477246015947652
20260813,1,500,15,3000,3000,3000,3000,"fast","control_informative",0.05,5,0.01,"","mtada_aggregated","pleiotropy","bfdr_power",0.01,0.2
20260813,1,500,15,3000,3000,3000,3000,"fast","control_informative",0.05,5,0.01,"","mtada_aggregated","pleiotropy","bfdr_discoveries",0.01,1
20260813,1,500,15,3000,3000,3000,3000,"fast","control_informative",0.05,5,0.01,"","mtada_aggregated","pleiotropy","bfdr_observed_fdp",0.05,0.666666666666667
20260813,1,500,15,3000,3000,3000,3000,"fast","control_informative",0.05,5,0.01,"","mtada_aggregated","pleiotropy","bfdr_estimate",0.05,0.0386818840657537
20260813,1,500,15,3000,3000,3000,3000,"fast","control_informative",0.05,5,0.01,"","mtada_aggregated","pleiotropy","bfdr_power",0.05,0.2
20260813,1,500,15,3000,3000,3000,3000,"fast","control_informative",0.05,5,0.01,"","mtada_aggregated","pleiotropy","bfdr_discoveries",0.05,3
20260813,1,500,15,3000,3000,3000,3000,"fast","control_informative",0.05,5,0.01,"","mtada_aggregated","pleiotropy","bfdr_observed_fdp",0.1,0.75
20260813,1,500,15,3000,3000,3000,3000,"fast","control_informative",0.05,5,0.01,"","mtada_aggregated","pleiotropy","bfdr_estimate",0.1,0.0729712383149588
20260813,1,500,15,3000,3000,3000,3000,"fast","control_informative",0.05,5,0.01,"","mtada_aggregated","pleiotropy","bfdr_power",0.1,0.2
20260813,1,500,15,3000,3000,3000,3000,"fast","control_informative",0.05,5,0.01,"","mtada_aggregated","pleiotropy","bfdr_discoveries",0.1,4
20260813,1,500,15,3000,3000,3000,3000,"fast","control_informative",0.05,5,0.01,"","mtada_aggregated","pleiotropy","bfdr_observed_fdp",0.2,0.833333333333333
20260813,1,500,15,3000,3000,3000,3000,"fast","control_informative",0.05,5,0.01,"","mtada_aggregated","pleiotropy","bfdr_estimate",0.2,0.194670926837071
20260813,1,500,15,3000,3000,3000,3000,"fast","control_informative",0.05,5,0.01,"","mtada_aggregated","pleiotropy","bfdr_power",0.2,0.2
20260813,1,500,15,3000,3000,3000,3000,"fast","control_informative",0.05,5,0.01,"","mtada_aggregated","pleiotropy","bfdr_discoveries",0.2,6
20260813,1,500,15,3000,3000,3000,3000,"fast","control_informative",0.05,5,0.01,"","mtada_aggregated","global","runtime_seconds",NA,0.781000000000006
20260813,1,500,15,3000,3000,3000,3000,"fast","control_informative",0.05,5,0.01,"","mtada_aggregated","pleiotropy","pi11_estimate",NA,0.00142756
20260814,2,500,15,3000,3000,3000,3000,"fast","control_informative",0.05,5,0.01,"","mirage_joint","trait1","auc",NA,0.756042105263158
20260814,2,500,15,3000,3000,3000,3000,"fast","control_informative",0.05,5,0.01,"","mirage_joint","trait2","auc",NA,0.602040816326531
20260814,2,500,15,3000,3000,3000,3000,"fast","control_informative",0.05,5,0.01,"","mirage_joint","pleiotropy","auc",NA,0.706262626262626
20260814,2,500,15,3000,3000,3000,3000,"fast","control_informative",0.05,5,0.01,"","mirage_joint","trait1","pp08_power",0.8,0.2
20260814,2,500,15,3000,3000,3000,3000,"fast","control_informative",0.05,5,0.01,"","mirage_joint","trait1","pp08_fdp",0.8,0
20260814,2,500,15,3000,3000,3000,3000,"fast","control_informative",0.05,5,0.01,"","mirage_joint","trait1","pp08_discoveries",0.8,5
20260814,2,500,15,3000,3000,3000,3000,"fast","control_informative",0.05,5,0.01,"","mirage_joint","trait2","pp08_power",0.8,0.1
20260814,2,500,15,3000,3000,3000,3000,"fast","control_informative",0.05,5,0.01,"","mirage_joint","trait2","pp08_fdp",0.8,0
20260814,2,500,15,3000,3000,3000,3000,"fast","control_informative",0.05,5,0.01,"","mirage_joint","trait2","pp08_discoveries",0.8,1
20260814,2,500,15,3000,3000,3000,3000,"fast","control_informative",0.05,5,0.01,"","mirage_joint","pleiotropy","pp08_power",0.8,0.2
20260814,2,500,15,3000,3000,3000,3000,"fast","control_informative",0.05,5,0.01,"","mirage_joint","pleiotropy","pp08_fdp",0.8,0
20260814,2,500,15,3000,3000,3000,3000,"fast","control_informative",0.05,5,0.01,"","mirage_joint","pleiotropy","pp08_discoveries",0.8,1
20260814,2,500,15,3000,3000,3000,3000,"fast","control_informative",0.05,5,0.01,"","mirage_joint","trait1","bfdr_observed_fdp",0.01,0
20260814,2,500,15,3000,3000,3000,3000,"fast","control_informative",0.05,5,0.01,"","mirage_joint","trait1","bfdr_estimate",0.01,0.00525552058139805
20260814,2,500,15,3000,3000,3000,3000,"fast","control_informative",0.05,5,0.01,"","mirage_joint","trait1","bfdr_power",0.01,0.08
20260814,2,500,15,3000,3000,3000,3000,"fast","control_informative",0.05,5,0.01,"","mirage_joint","trait1","bfdr_discoveries",0.01,2
20260814,2,500,15,3000,3000,3000,3000,"fast","control_informative",0.05,5,0.01,"","mirage_joint","trait1","bfdr_observed_fdp",0.05,0
20260814,2,500,15,3000,3000,3000,3000,"fast","control_informative",0.05,5,0.01,"","mirage_joint","trait1","bfdr_estimate",0.05,0.0495766068622875
20260814,2,500,15,3000,3000,3000,3000,"fast","control_informative",0.05,5,0.01,"","mirage_joint","trait1","bfdr_power",0.05,0.16
20260814,2,500,15,3000,3000,3000,3000,"fast","control_informative",0.05,5,0.01,"","mirage_joint","trait1","bfdr_discoveries",0.05,4
20260814,2,500,15,3000,3000,3000,3000,"fast","control_informative",0.05,5,0.01,"","mirage_joint","trait1","bfdr_observed_fdp",0.1,0.166666666666667
20260814,2,500,15,3000,3000,3000,3000,"fast","control_informative",0.05,5,0.01,"","mirage_joint","trait1","bfdr_estimate",0.1,0.094830516304037
20260814,2,500,15,3000,3000,3000,3000,"fast","control_informative",0.05,5,0.01,"","mirage_joint","trait1","bfdr_power",0.1,0.2
20260814,2,500,15,3000,3000,3000,3000,"fast","control_informative",0.05,5,0.01,"","mirage_joint","trait1","bfdr_discoveries",0.1,6
20260814,2,500,15,3000,3000,3000,3000,"fast","control_informative",0.05,5,0.01,"","mirage_joint","trait1","bfdr_observed_fdp",0.2,0.25
20260814,2,500,15,3000,3000,3000,3000,"fast","control_informative",0.05,5,0.01,"","mirage_joint","trait1","bfdr_estimate",0.2,0.199764838731277
20260814,2,500,15,3000,3000,3000,3000,"fast","control_informative",0.05,5,0.01,"","mirage_joint","trait1","bfdr_power",0.2,0.24
20260814,2,500,15,3000,3000,3000,3000,"fast","control_informative",0.05,5,0.01,"","mirage_joint","trait1","bfdr_discoveries",0.2,8
20260814,2,500,15,3000,3000,3000,3000,"fast","control_informative",0.05,5,0.01,"","mirage_joint","trait2","bfdr_observed_fdp",0.01,0
20260814,2,500,15,3000,3000,3000,3000,"fast","control_informative",0.05,5,0.01,"","mirage_joint","trait2","bfdr_estimate",0.01,0
20260814,2,500,15,3000,3000,3000,3000,"fast","control_informative",0.05,5,0.01,"","mirage_joint","trait2","bfdr_power",0.01,0
20260814,2,500,15,3000,3000,3000,3000,"fast","control_informative",0.05,5,0.01,"","mirage_joint","trait2","bfdr_discoveries",0.01,0
20260814,2,500,15,3000,3000,3000,3000,"fast","control_informative",0.05,5,0.01,"","mirage_joint","trait2","bfdr_observed_fdp",0.05,0
20260814,2,500,15,3000,3000,3000,3000,"fast","control_informative",0.05,5,0.01,"","mirage_joint","trait2","bfdr_estimate",0.05,0
20260814,2,500,15,3000,3000,3000,3000,"fast","control_informative",0.05,5,0.01,"","mirage_joint","trait2","bfdr_power",0.05,0
20260814,2,500,15,3000,3000,3000,3000,"fast","control_informative",0.05,5,0.01,"","mirage_joint","trait2","bfdr_discoveries",0.05,0
20260814,2,500,15,3000,3000,3000,3000,"fast","control_informative",0.05,5,0.01,"","mirage_joint","trait2","bfdr_observed_fdp",0.1,0
20260814,2,500,15,3000,3000,3000,3000,"fast","control_informative",0.05,5,0.01,"","mirage_joint","trait2","bfdr_estimate",0.1,0
20260814,2,500,15,3000,3000,3000,3000,"fast","control_informative",0.05,5,0.01,"","mirage_joint","trait2","bfdr_power",0.1,0
20260814,2,500,15,3000,3000,3000,3000,"fast","control_informative",0.05,5,0.01,"","mirage_joint","trait2","bfdr_discoveries",0.1,0
20260814,2,500,15,3000,3000,3000,3000,"fast","control_informative",0.05,5,0.01,"","mirage_joint","trait2","bfdr_observed_fdp",0.2,0
20260814,2,500,15,3000,3000,3000,3000,"fast","control_informative",0.05,5,0.01,"","mirage_joint","trait2","bfdr_estimate",0.2,0.169379490810967
20260814,2,500,15,3000,3000,3000,3000,"fast","control_informative",0.05,5,0.01,"","mirage_joint","trait2","bfdr_power",0.2,0.1
20260814,2,500,15,3000,3000,3000,3000,"fast","control_informative",0.05,5,0.01,"","mirage_joint","trait2","bfdr_discoveries",0.2,1
20260814,2,500,15,3000,3000,3000,3000,"fast","control_informative",0.05,5,0.01,"","mirage_joint","pleiotropy","bfdr_observed_fdp",0.01,0
20260814,2,500,15,3000,3000,3000,3000,"fast","control_informative",0.05,5,0.01,"","mirage_joint","pleiotropy","bfdr_estimate",0.01,0
20260814,2,500,15,3000,3000,3000,3000,"fast","control_informative",0.05,5,0.01,"","mirage_joint","pleiotropy","bfdr_power",0.01,0
20260814,2,500,15,3000,3000,3000,3000,"fast","control_informative",0.05,5,0.01,"","mirage_joint","pleiotropy","bfdr_discoveries",0.01,0
20260814,2,500,15,3000,3000,3000,3000,"fast","control_informative",0.05,5,0.01,"","mirage_joint","pleiotropy","bfdr_observed_fdp",0.05,0
20260814,2,500,15,3000,3000,3000,3000,"fast","control_informative",0.05,5,0.01,"","mirage_joint","pleiotropy","bfdr_estimate",0.05,0
20260814,2,500,15,3000,3000,3000,3000,"fast","control_informative",0.05,5,0.01,"","mirage_joint","pleiotropy","bfdr_power",0.05,0
20260814,2,500,15,3000,3000,3000,3000,"fast","control_informative",0.05,5,0.01,"","mirage_joint","pleiotropy","bfdr_discoveries",0.05,0
20260814,2,500,15,3000,3000,3000,3000,"fast","control_informative",0.05,5,0.01,"","mirage_joint","pleiotropy","bfdr_observed_fdp",0.1,0
20260814,2,500,15,3000,3000,3000,3000,"fast","control_informative",0.05,5,0.01,"","mirage_joint","pleiotropy","bfdr_estimate",0.1,0
20260814,2,500,15,3000,3000,3000,3000,"fast","control_informative",0.05,5,0.01,"","mirage_joint","pleiotropy","bfdr_power",0.1,0
20260814,2,500,15,3000,3000,3000,3000,"fast","control_informative",0.05,5,0.01,"","mirage_joint","pleiotropy","bfdr_discoveries",0.1,0
20260814,2,500,15,3000,3000,3000,3000,"fast","control_informative",0.05,5,0.01,"","mirage_joint","pleiotropy","bfdr_observed_fdp",0.2,0
20260814,2,500,15,3000,3000,3000,3000,"fast","control_informative",0.05,5,0.01,"","mirage_joint","pleiotropy","bfdr_estimate",0.2,0.170039005339072
20260814,2,500,15,3000,3000,3000,3000,"fast","control_informative",0.05,5,0.01,"","mirage_joint","pleiotropy","bfdr_power",0.2,0.2
20260814,2,500,15,3000,3000,3000,3000,"fast","control_informative",0.05,5,0.01,"","mirage_joint","pleiotropy","bfdr_discoveries",0.2,1
20260814,2,500,15,3000,3000,3000,3000,"fast","control_informative",0.05,5,0.01,"","mirage_joint","global","runtime_seconds",NA,18.014
20260814,2,500,15,3000,3000,3000,3000,"fast","control_informative",0.05,5,0.01,"","mirage_joint","pleiotropy","pi11_estimate",NA,0.0531872891541775
20260814,2,500,15,3000,3000,3000,3000,"fast","control_informative",0.05,5,0.01,"","separate_mirage","trait1","auc",NA,0.763368421052632
20260814,2,500,15,3000,3000,3000,3000,"fast","control_informative",0.05,5,0.01,"","separate_mirage","trait2","auc",NA,0.619387755102041
20260814,2,500,15,3000,3000,3000,3000,"fast","control_informative",0.05,5,0.01,"","separate_mirage","pleiotropy","auc",NA,0.712323232323232
20260814,2,500,15,3000,3000,3000,3000,"fast","control_informative",0.05,5,0.01,"","separate_mirage","trait1","pp08_power",0.8,0.12
20260814,2,500,15,3000,3000,3000,3000,"fast","control_informative",0.05,5,0.01,"","separate_mirage","trait1","pp08_fdp",0.8,0
20260814,2,500,15,3000,3000,3000,3000,"fast","control_informative",0.05,5,0.01,"","separate_mirage","trait1","pp08_discoveries",0.8,3
20260814,2,500,15,3000,3000,3000,3000,"fast","control_informative",0.05,5,0.01,"","separate_mirage","trait2","pp08_power",0.8,0
20260814,2,500,15,3000,3000,3000,3000,"fast","control_informative",0.05,5,0.01,"","separate_mirage","trait2","pp08_fdp",0.8,0
20260814,2,500,15,3000,3000,3000,3000,"fast","control_informative",0.05,5,0.01,"","separate_mirage","trait2","pp08_discoveries",0.8,0
20260814,2,500,15,3000,3000,3000,3000,"fast","control_informative",0.05,5,0.01,"","separate_mirage","pleiotropy","pp08_power",0.8,0
20260814,2,500,15,3000,3000,3000,3000,"fast","control_informative",0.05,5,0.01,"","separate_mirage","pleiotropy","pp08_fdp",0.8,0
20260814,2,500,15,3000,3000,3000,3000,"fast","control_informative",0.05,5,0.01,"","separate_mirage","pleiotropy","pp08_discoveries",0.8,0
20260814,2,500,15,3000,3000,3000,3000,"fast","control_informative",0.05,5,0.01,"","separate_mirage","trait1","bfdr_observed_fdp",0.01,0
20260814,2,500,15,3000,3000,3000,3000,"fast","control_informative",0.05,5,0.01,"","separate_mirage","trait1","bfdr_estimate",0.01,6.66133814775094e-16
20260814,2,500,15,3000,3000,3000,3000,"fast","control_informative",0.05,5,0.01,"","separate_mirage","trait1","bfdr_power",0.01,0.04
20260814,2,500,15,3000,3000,3000,3000,"fast","control_informative",0.05,5,0.01,"","separate_mirage","trait1","bfdr_discoveries",0.01,1
20260814,2,500,15,3000,3000,3000,3000,"fast","control_informative",0.05,5,0.01,"","separate_mirage","trait1","bfdr_observed_fdp",0.05,0
20260814,2,500,15,3000,3000,3000,3000,"fast","control_informative",0.05,5,0.01,"","separate_mirage","trait1","bfdr_estimate",0.05,0.0107594665828779
20260814,2,500,15,3000,3000,3000,3000,"fast","control_informative",0.05,5,0.01,"","separate_mirage","trait1","bfdr_power",0.05,0.08
20260814,2,500,15,3000,3000,3000,3000,"fast","control_informative",0.05,5,0.01,"","separate_mirage","trait1","bfdr_discoveries",0.05,2
20260814,2,500,15,3000,3000,3000,3000,"fast","control_informative",0.05,5,0.01,"","separate_mirage","trait1","bfdr_observed_fdp",0.1,0
20260814,2,500,15,3000,3000,3000,3000,"fast","control_informative",0.05,5,0.01,"","separate_mirage","trait1","bfdr_estimate",0.1,0.097763937003967
20260814,2,500,15,3000,3000,3000,3000,"fast","control_informative",0.05,5,0.01,"","separate_mirage","trait1","bfdr_power",0.1,0.16
20260814,2,500,15,3000,3000,3000,3000,"fast","control_informative",0.05,5,0.01,"","separate_mirage","trait1","bfdr_discoveries",0.1,4
20260814,2,500,15,3000,3000,3000,3000,"fast","control_informative",0.05,5,0.01,"","separate_mirage","trait1","bfdr_observed_fdp",0.2,0.2
20260814,2,500,15,3000,3000,3000,3000,"fast","control_informative",0.05,5,0.01,"","separate_mirage","trait1","bfdr_estimate",0.2,0.152884247625757
20260814,2,500,15,3000,3000,3000,3000,"fast","control_informative",0.05,5,0.01,"","separate_mirage","trait1","bfdr_power",0.2,0.16
20260814,2,500,15,3000,3000,3000,3000,"fast","control_informative",0.05,5,0.01,"","separate_mirage","trait1","bfdr_discoveries",0.2,5
20260814,2,500,15,3000,3000,3000,3000,"fast","control_informative",0.05,5,0.01,"","separate_mirage","trait2","bfdr_observed_fdp",0.01,0
20260814,2,500,15,3000,3000,3000,3000,"fast","control_informative",0.05,5,0.01,"","separate_mirage","trait2","bfdr_estimate",0.01,0
20260814,2,500,15,3000,3000,3000,3000,"fast","control_informative",0.05,5,0.01,"","separate_mirage","trait2","bfdr_power",0.01,0
20260814,2,500,15,3000,3000,3000,3000,"fast","control_informative",0.05,5,0.01,"","separate_mirage","trait2","bfdr_discoveries",0.01,0
20260814,2,500,15,3000,3000,3000,3000,"fast","control_informative",0.05,5,0.01,"","separate_mirage","trait2","bfdr_observed_fdp",0.05,0
20260814,2,500,15,3000,3000,3000,3000,"fast","control_informative",0.05,5,0.01,"","separate_mirage","trait2","bfdr_estimate",0.05,0
20260814,2,500,15,3000,3000,3000,3000,"fast","control_informative",0.05,5,0.01,"","separate_mirage","trait2","bfdr_power",0.05,0
20260814,2,500,15,3000,3000,3000,3000,"fast","control_informative",0.05,5,0.01,"","separate_mirage","trait2","bfdr_discoveries",0.05,0
20260814,2,500,15,3000,3000,3000,3000,"fast","control_informative",0.05,5,0.01,"","separate_mirage","trait2","bfdr_observed_fdp",0.1,0
20260814,2,500,15,3000,3000,3000,3000,"fast","control_informative",0.05,5,0.01,"","separate_mirage","trait2","bfdr_estimate",0.1,0
20260814,2,500,15,3000,3000,3000,3000,"fast","control_informative",0.05,5,0.01,"","separate_mirage","trait2","bfdr_power",0.1,0
20260814,2,500,15,3000,3000,3000,3000,"fast","control_informative",0.05,5,0.01,"","separate_mirage","trait2","bfdr_discoveries",0.1,0
20260814,2,500,15,3000,3000,3000,3000,"fast","control_informative",0.05,5,0.01,"","separate_mirage","trait2","bfdr_observed_fdp",0.2,0
20260814,2,500,15,3000,3000,3000,3000,"fast","control_informative",0.05,5,0.01,"","separate_mirage","trait2","bfdr_estimate",0.2,0
20260814,2,500,15,3000,3000,3000,3000,"fast","control_informative",0.05,5,0.01,"","separate_mirage","trait2","bfdr_power",0.2,0
20260814,2,500,15,3000,3000,3000,3000,"fast","control_informative",0.05,5,0.01,"","separate_mirage","trait2","bfdr_discoveries",0.2,0
20260814,2,500,15,3000,3000,3000,3000,"fast","control_informative",0.05,5,0.01,"","separate_mirage","pleiotropy","bfdr_observed_fdp",0.01,0
20260814,2,500,15,3000,3000,3000,3000,"fast","control_informative",0.05,5,0.01,"","separate_mirage","pleiotropy","bfdr_estimate",0.01,0
20260814,2,500,15,3000,3000,3000,3000,"fast","control_informative",0.05,5,0.01,"","separate_mirage","pleiotropy","bfdr_power",0.01,0
20260814,2,500,15,3000,3000,3000,3000,"fast","control_informative",0.05,5,0.01,"","separate_mirage","pleiotropy","bfdr_discoveries",0.01,0
20260814,2,500,15,3000,3000,3000,3000,"fast","control_informative",0.05,5,0.01,"","separate_mirage","pleiotropy","bfdr_observed_fdp",0.05,0
20260814,2,500,15,3000,3000,3000,3000,"fast","control_informative",0.05,5,0.01,"","separate_mirage","pleiotropy","bfdr_estimate",0.05,0
20260814,2,500,15,3000,3000,3000,3000,"fast","control_informative",0.05,5,0.01,"","separate_mirage","pleiotropy","bfdr_power",0.05,0
20260814,2,500,15,3000,3000,3000,3000,"fast","control_informative",0.05,5,0.01,"","separate_mirage","pleiotropy","bfdr_discoveries",0.05,0
20260814,2,500,15,3000,3000,3000,3000,"fast","control_informative",0.05,5,0.01,"","separate_mirage","pleiotropy","bfdr_observed_fdp",0.1,0
20260814,2,500,15,3000,3000,3000,3000,"fast","control_informative",0.05,5,0.01,"","separate_mirage","pleiotropy","bfdr_estimate",0.1,0
20260814,2,500,15,3000,3000,3000,3000,"fast","control_informative",0.05,5,0.01,"","separate_mirage","pleiotropy","bfdr_power",0.1,0
20260814,2,500,15,3000,3000,3000,3000,"fast","control_informative",0.05,5,0.01,"","separate_mirage","pleiotropy","bfdr_discoveries",0.1,0
20260814,2,500,15,3000,3000,3000,3000,"fast","control_informative",0.05,5,0.01,"","separate_mirage","pleiotropy","bfdr_observed_fdp",0.2,0
20260814,2,500,15,3000,3000,3000,3000,"fast","control_informative",0.05,5,0.01,"","separate_mirage","pleiotropy","bfdr_estimate",0.2,0
20260814,2,500,15,3000,3000,3000,3000,"fast","control_informative",0.05,5,0.01,"","separate_mirage","pleiotropy","bfdr_power",0.2,0
20260814,2,500,15,3000,3000,3000,3000,"fast","control_informative",0.05,5,0.01,"","separate_mirage","pleiotropy","bfdr_discoveries",0.2,0
20260814,2,500,15,3000,3000,3000,3000,"fast","control_informative",0.05,5,0.01,"","separate_mirage","global","runtime_seconds",NA,18.034
20260814,2,500,15,3000,3000,3000,3000,"fast","control_informative",0.05,5,0.01,"","separate_mirage","pleiotropy","pi11_estimate",NA,0.001
20260814,2,500,15,3000,3000,3000,3000,"fast","control_informative",0.05,5,0.01,"","mtada_aggregated","trait1","auc",NA,0.758863157894737
20260814,2,500,15,3000,3000,3000,3000,"fast","control_informative",0.05,5,0.01,"","mtada_aggregated","trait2","auc",NA,0.685714285714286
20260814,2,500,15,3000,3000,3000,3000,"fast","control_informative",0.05,5,0.01,"","mtada_aggregated","pleiotropy","auc",NA,0.745858585858586
20260814,2,500,15,3000,3000,3000,3000,"fast","control_informative",0.05,5,0.01,"","mtada_aggregated","trait1","pp08_power",0.8,0.44
20260814,2,500,15,3000,3000,3000,3000,"fast","control_informative",0.05,5,0.01,"","mtada_aggregated","trait1","pp08_fdp",0.8,0.816666666666667
20260814,2,500,15,3000,3000,3000,3000,"fast","control_informative",0.05,5,0.01,"","mtada_aggregated","trait1","pp08_discoveries",0.8,60
20260814,2,500,15,3000,3000,3000,3000,"fast","control_informative",0.05,5,0.01,"","mtada_aggregated","trait2","pp08_power",0.8,0.1
20260814,2,500,15,3000,3000,3000,3000,"fast","control_informative",0.05,5,0.01,"","mtada_aggregated","trait2","pp08_fdp",0.8,0.96969696969697
20260814,2,500,15,3000,3000,3000,3000,"fast","control_informative",0.05,5,0.01,"","mtada_aggregated","trait2","pp08_discoveries",0.8,33
20260814,2,500,15,3000,3000,3000,3000,"fast","control_informative",0.05,5,0.01,"","mtada_aggregated","pleiotropy","pp08_power",0.8,0
20260814,2,500,15,3000,3000,3000,3000,"fast","control_informative",0.05,5,0.01,"","mtada_aggregated","pleiotropy","pp08_fdp",0.8,1
20260814,2,500,15,3000,3000,3000,3000,"fast","control_informative",0.05,5,0.01,"","mtada_aggregated","pleiotropy","pp08_discoveries",0.8,5
20260814,2,500,15,3000,3000,3000,3000,"fast","control_informative",0.05,5,0.01,"","mtada_aggregated","trait1","bfdr_observed_fdp",0.01,0.803921568627451
20260814,2,500,15,3000,3000,3000,3000,"fast","control_informative",0.05,5,0.01,"","mtada_aggregated","trait1","bfdr_estimate",0.01,0.0096869804974327
20260814,2,500,15,3000,3000,3000,3000,"fast","control_informative",0.05,5,0.01,"","mtada_aggregated","trait1","bfdr_power",0.01,0.4
20260814,2,500,15,3000,3000,3000,3000,"fast","control_informative",0.05,5,0.01,"","mtada_aggregated","trait1","bfdr_discoveries",0.01,51
20260814,2,500,15,3000,3000,3000,3000,"fast","control_informative",0.05,5,0.01,"","mtada_aggregated","trait1","bfdr_observed_fdp",0.05,0.828125
20260814,2,500,15,3000,3000,3000,3000,"fast","control_informative",0.05,5,0.01,"","mtada_aggregated","trait1","bfdr_estimate",0.05,0.0478202900940449
20260814,2,500,15,3000,3000,3000,3000,"fast","control_informative",0.05,5,0.01,"","mtada_aggregated","trait1","bfdr_power",0.05,0.44
20260814,2,500,15,3000,3000,3000,3000,"fast","control_informative",0.05,5,0.01,"","mtada_aggregated","trait1","bfdr_discoveries",0.05,64
20260814,2,500,15,3000,3000,3000,3000,"fast","control_informative",0.05,5,0.01,"","mtada_aggregated","trait1","bfdr_observed_fdp",0.1,0.833333333333333
20260814,2,500,15,3000,3000,3000,3000,"fast","control_informative",0.05,5,0.01,"","mtada_aggregated","trait1","bfdr_estimate",0.1,0.0980503540182202
20260814,2,500,15,3000,3000,3000,3000,"fast","control_informative",0.05,5,0.01,"","mtada_aggregated","trait1","bfdr_power",0.1,0.48
20260814,2,500,15,3000,3000,3000,3000,"fast","control_informative",0.05,5,0.01,"","mtada_aggregated","trait1","bfdr_discoveries",0.1,72
20260814,2,500,15,3000,3000,3000,3000,"fast","control_informative",0.05,5,0.01,"","mtada_aggregated","trait1","bfdr_observed_fdp",0.2,0.833333333333333
20260814,2,500,15,3000,3000,3000,3000,"fast","control_informative",0.05,5,0.01,"","mtada_aggregated","trait1","bfdr_estimate",0.2,0.19396807158289
20260814,2,500,15,3000,3000,3000,3000,"fast","control_informative",0.05,5,0.01,"","mtada_aggregated","trait1","bfdr_power",0.2,0.56
20260814,2,500,15,3000,3000,3000,3000,"fast","control_informative",0.05,5,0.01,"","mtada_aggregated","trait1","bfdr_discoveries",0.2,84
20260814,2,500,15,3000,3000,3000,3000,"fast","control_informative",0.05,5,0.01,"","mtada_aggregated","trait2","bfdr_observed_fdp",0.01,0.964285714285714
20260814,2,500,15,3000,3000,3000,3000,"fast","control_informative",0.05,5,0.01,"","mtada_aggregated","trait2","bfdr_estimate",0.01,0.00930146819721268
20260814,2,500,15,3000,3000,3000,3000,"fast","control_informative",0.05,5,0.01,"","mtada_aggregated","trait2","bfdr_power",0.01,0.1
20260814,2,500,15,3000,3000,3000,3000,"fast","control_informative",0.05,5,0.01,"","mtada_aggregated","trait2","bfdr_discoveries",0.01,28
20260814,2,500,15,3000,3000,3000,3000,"fast","control_informative",0.05,5,0.01,"","mtada_aggregated","trait2","bfdr_observed_fdp",0.05,0.971428571428571
20260814,2,500,15,3000,3000,3000,3000,"fast","control_informative",0.05,5,0.01,"","mtada_aggregated","trait2","bfdr_estimate",0.05,0.0467929183295719
20260814,2,500,15,3000,3000,3000,3000,"fast","control_informative",0.05,5,0.01,"","mtada_aggregated","trait2","bfdr_power",0.05,0.1
20260814,2,500,15,3000,3000,3000,3000,"fast","control_informative",0.05,5,0.01,"","mtada_aggregated","trait2","bfdr_discoveries",0.05,35
20260814,2,500,15,3000,3000,3000,3000,"fast","control_informative",0.05,5,0.01,"","mtada_aggregated","trait2","bfdr_observed_fdp",0.1,0.973684210526316
20260814,2,500,15,3000,3000,3000,3000,"fast","control_informative",0.05,5,0.01,"","mtada_aggregated","trait2","bfdr_estimate",0.1,0.0910809912828227
20260814,2,500,15,3000,3000,3000,3000,"fast","control_informative",0.05,5,0.01,"","mtada_aggregated","trait2","bfdr_power",0.1,0.1
20260814,2,500,15,3000,3000,3000,3000,"fast","control_informative",0.05,5,0.01,"","mtada_aggregated","trait2","bfdr_discoveries",0.1,38
20260814,2,500,15,3000,3000,3000,3000,"fast","control_informative",0.05,5,0.01,"","mtada_aggregated","trait2","bfdr_observed_fdp",0.2,0.955555555555556
20260814,2,500,15,3000,3000,3000,3000,"fast","control_informative",0.05,5,0.01,"","mtada_aggregated","trait2","bfdr_estimate",0.2,0.191175254855363
20260814,2,500,15,3000,3000,3000,3000,"fast","control_informative",0.05,5,0.01,"","mtada_aggregated","trait2","bfdr_power",0.2,0.2
20260814,2,500,15,3000,3000,3000,3000,"fast","control_informative",0.05,5,0.01,"","mtada_aggregated","trait2","bfdr_discoveries",0.2,45
20260814,2,500,15,3000,3000,3000,3000,"fast","control_informative",0.05,5,0.01,"","mtada_aggregated","pleiotropy","bfdr_observed_fdp",0.01,1
20260814,2,500,15,3000,3000,3000,3000,"fast","control_informative",0.05,5,0.01,"","mtada_aggregated","pleiotropy","bfdr_estimate",0.01,0.00820193469732711
20260814,2,500,15,3000,3000,3000,3000,"fast","control_informative",0.05,5,0.01,"","mtada_aggregated","pleiotropy","bfdr_power",0.01,0
20260814,2,500,15,3000,3000,3000,3000,"fast","control_informative",0.05,5,0.01,"","mtada_aggregated","pleiotropy","bfdr_discoveries",0.01,3
20260814,2,500,15,3000,3000,3000,3000,"fast","control_informative",0.05,5,0.01,"","mtada_aggregated","pleiotropy","bfdr_observed_fdp",0.05,1
20260814,2,500,15,3000,3000,3000,3000,"fast","control_informative",0.05,5,0.01,"","mtada_aggregated","pleiotropy","bfdr_estimate",0.05,0.0198617978259432
20260814,2,500,15,3000,3000,3000,3000,"fast","control_informative",0.05,5,0.01,"","mtada_aggregated","pleiotropy","bfdr_power",0.05,0
20260814,2,500,15,3000,3000,3000,3000,"fast","control_informative",0.05,5,0.01,"","mtada_aggregated","pleiotropy","bfdr_discoveries",0.05,4
20260814,2,500,15,3000,3000,3000,3000,"fast","control_informative",0.05,5,0.01,"","mtada_aggregated","pleiotropy","bfdr_observed_fdp",0.1,1
20260814,2,500,15,3000,3000,3000,3000,"fast","control_informative",0.05,5,0.01,"","mtada_aggregated","pleiotropy","bfdr_estimate",0.1,0.0552229607572214
20260814,2,500,15,3000,3000,3000,3000,"fast","control_informative",0.05,5,0.01,"","mtada_aggregated","pleiotropy","bfdr_power",0.1,0
20260814,2,500,15,3000,3000,3000,3000,"fast","control_informative",0.05,5,0.01,"","mtada_aggregated","pleiotropy","bfdr_discoveries",0.1,5
20260814,2,500,15,3000,3000,3000,3000,"fast","control_informative",0.05,5,0.01,"","mtada_aggregated","pleiotropy","bfdr_observed_fdp",0.2,1
20260814,2,500,15,3000,3000,3000,3000,"fast","control_informative",0.05,5,0.01,"","mtada_aggregated","pleiotropy","bfdr_estimate",0.2,0.173974052329641
20260814,2,500,15,3000,3000,3000,3000,"fast","control_informative",0.05,5,0.01,"","mtada_aggregated","pleiotropy","bfdr_power",0.2,0
20260814,2,500,15,3000,3000,3000,3000,"fast","control_informative",0.05,5,0.01,"","mtada_aggregated","pleiotropy","bfdr_discoveries",0.2,6
20260814,2,500,15,3000,3000,3000,3000,"fast","control_informative",0.05,5,0.01,"","mtada_aggregated","global","runtime_seconds",NA,0.796000000000006
20260814,2,500,15,3000,3000,3000,3000,"fast","control_informative",0.05,5,0.01,"","mtada_aggregated","pleiotropy","pi11_estimate",NA,0.002185
20260815,3,500,15,3000,3000,3000,3000,"fast","control_informative",0.05,5,0.01,"","mirage_joint","trait1","auc",NA,0.754947368421053
20260815,3,500,15,3000,3000,3000,3000,"fast","control_informative",0.05,5,0.01,"","mirage_joint","trait2","auc",NA,0.759387755102041
20260815,3,500,15,3000,3000,3000,3000,"fast","control_informative",0.05,5,0.01,"","mirage_joint","pleiotropy","auc",NA,0.821414141414141
20260815,3,500,15,3000,3000,3000,3000,"fast","control_informative",0.05,5,0.01,"","mirage_joint","trait1","pp08_power",0.8,0.16
20260815,3,500,15,3000,3000,3000,3000,"fast","control_informative",0.05,5,0.01,"","mirage_joint","trait1","pp08_fdp",0.8,0
20260815,3,500,15,3000,3000,3000,3000,"fast","control_informative",0.05,5,0.01,"","mirage_joint","trait1","pp08_discoveries",0.8,4
20260815,3,500,15,3000,3000,3000,3000,"fast","control_informative",0.05,5,0.01,"","mirage_joint","trait2","pp08_power",0.8,0.1
20260815,3,500,15,3000,3000,3000,3000,"fast","control_informative",0.05,5,0.01,"","mirage_joint","trait2","pp08_fdp",0.8,0
20260815,3,500,15,3000,3000,3000,3000,"fast","control_informative",0.05,5,0.01,"","mirage_joint","trait2","pp08_discoveries",0.8,1
20260815,3,500,15,3000,3000,3000,3000,"fast","control_informative",0.05,5,0.01,"","mirage_joint","pleiotropy","pp08_power",0.8,0
20260815,3,500,15,3000,3000,3000,3000,"fast","control_informative",0.05,5,0.01,"","mirage_joint","pleiotropy","pp08_fdp",0.8,0
20260815,3,500,15,3000,3000,3000,3000,"fast","control_informative",0.05,5,0.01,"","mirage_joint","pleiotropy","pp08_discoveries",0.8,0
20260815,3,500,15,3000,3000,3000,3000,"fast","control_informative",0.05,5,0.01,"","mirage_joint","trait1","bfdr_observed_fdp",0.01,0
20260815,3,500,15,3000,3000,3000,3000,"fast","control_informative",0.05,5,0.01,"","mirage_joint","trait1","bfdr_estimate",0.01,1.54614752586602e-05
20260815,3,500,15,3000,3000,3000,3000,"fast","control_informative",0.05,5,0.01,"","mirage_joint","trait1","bfdr_power",0.01,0.12
20260815,3,500,15,3000,3000,3000,3000,"fast","control_informative",0.05,5,0.01,"","mirage_joint","trait1","bfdr_discoveries",0.01,3
20260815,3,500,15,3000,3000,3000,3000,"fast","control_informative",0.05,5,0.01,"","mirage_joint","trait1","bfdr_observed_fdp",0.05,0
20260815,3,500,15,3000,3000,3000,3000,"fast","control_informative",0.05,5,0.01,"","mirage_joint","trait1","bfdr_estimate",0.05,0.0415787126844129
20260815,3,500,15,3000,3000,3000,3000,"fast","control_informative",0.05,5,0.01,"","mirage_joint","trait1","bfdr_power",0.05,0.16
20260815,3,500,15,3000,3000,3000,3000,"fast","control_informative",0.05,5,0.01,"","mirage_joint","trait1","bfdr_discoveries",0.05,4
20260815,3,500,15,3000,3000,3000,3000,"fast","control_informative",0.05,5,0.01,"","mirage_joint","trait1","bfdr_observed_fdp",0.1,0.2
20260815,3,500,15,3000,3000,3000,3000,"fast","control_informative",0.05,5,0.01,"","mirage_joint","trait1","bfdr_estimate",0.1,0.081012897175438
20260815,3,500,15,3000,3000,3000,3000,"fast","control_informative",0.05,5,0.01,"","mirage_joint","trait1","bfdr_power",0.1,0.16
20260815,3,500,15,3000,3000,3000,3000,"fast","control_informative",0.05,5,0.01,"","mirage_joint","trait1","bfdr_discoveries",0.1,5
20260815,3,500,15,3000,3000,3000,3000,"fast","control_informative",0.05,5,0.01,"","mirage_joint","trait1","bfdr_observed_fdp",0.2,0.25
20260815,3,500,15,3000,3000,3000,3000,"fast","control_informative",0.05,5,0.01,"","mirage_joint","trait1","bfdr_estimate",0.2,0.178870392458722
20260815,3,500,15,3000,3000,3000,3000,"fast","control_informative",0.05,5,0.01,"","mirage_joint","trait1","bfdr_power",0.2,0.24
20260815,3,500,15,3000,3000,3000,3000,"fast","control_informative",0.05,5,0.01,"","mirage_joint","trait1","bfdr_discoveries",0.2,8
20260815,3,500,15,3000,3000,3000,3000,"fast","control_informative",0.05,5,0.01,"","mirage_joint","trait2","bfdr_observed_fdp",0.01,0
20260815,3,500,15,3000,3000,3000,3000,"fast","control_informative",0.05,5,0.01,"","mirage_joint","trait2","bfdr_estimate",0.01,0
20260815,3,500,15,3000,3000,3000,3000,"fast","control_informative",0.05,5,0.01,"","mirage_joint","trait2","bfdr_power",0.01,0
20260815,3,500,15,3000,3000,3000,3000,"fast","control_informative",0.05,5,0.01,"","mirage_joint","trait2","bfdr_discoveries",0.01,0
20260815,3,500,15,3000,3000,3000,3000,"fast","control_informative",0.05,5,0.01,"","mirage_joint","trait2","bfdr_observed_fdp",0.05,0
20260815,3,500,15,3000,3000,3000,3000,"fast","control_informative",0.05,5,0.01,"","mirage_joint","trait2","bfdr_estimate",0.05,0
20260815,3,500,15,3000,3000,3000,3000,"fast","control_informative",0.05,5,0.01,"","mirage_joint","trait2","bfdr_power",0.05,0
20260815,3,500,15,3000,3000,3000,3000,"fast","control_informative",0.05,5,0.01,"","mirage_joint","trait2","bfdr_discoveries",0.05,0
20260815,3,500,15,3000,3000,3000,3000,"fast","control_informative",0.05,5,0.01,"","mirage_joint","trait2","bfdr_observed_fdp",0.1,0
20260815,3,500,15,3000,3000,3000,3000,"fast","control_informative",0.05,5,0.01,"","mirage_joint","trait2","bfdr_estimate",0.1,0.0818776182069068
20260815,3,500,15,3000,3000,3000,3000,"fast","control_informative",0.05,5,0.01,"","mirage_joint","trait2","bfdr_power",0.1,0.1
20260815,3,500,15,3000,3000,3000,3000,"fast","control_informative",0.05,5,0.01,"","mirage_joint","trait2","bfdr_discoveries",0.1,1
20260815,3,500,15,3000,3000,3000,3000,"fast","control_informative",0.05,5,0.01,"","mirage_joint","trait2","bfdr_observed_fdp",0.2,0
20260815,3,500,15,3000,3000,3000,3000,"fast","control_informative",0.05,5,0.01,"","mirage_joint","trait2","bfdr_estimate",0.2,0.0818776182069068
20260815,3,500,15,3000,3000,3000,3000,"fast","control_informative",0.05,5,0.01,"","mirage_joint","trait2","bfdr_power",0.2,0.1
20260815,3,500,15,3000,3000,3000,3000,"fast","control_informative",0.05,5,0.01,"","mirage_joint","trait2","bfdr_discoveries",0.2,1
20260815,3,500,15,3000,3000,3000,3000,"fast","control_informative",0.05,5,0.01,"","mirage_joint","pleiotropy","bfdr_observed_fdp",0.01,0
20260815,3,500,15,3000,3000,3000,3000,"fast","control_informative",0.05,5,0.01,"","mirage_joint","pleiotropy","bfdr_estimate",0.01,0
20260815,3,500,15,3000,3000,3000,3000,"fast","control_informative",0.05,5,0.01,"","mirage_joint","pleiotropy","bfdr_power",0.01,0
20260815,3,500,15,3000,3000,3000,3000,"fast","control_informative",0.05,5,0.01,"","mirage_joint","pleiotropy","bfdr_discoveries",0.01,0
20260815,3,500,15,3000,3000,3000,3000,"fast","control_informative",0.05,5,0.01,"","mirage_joint","pleiotropy","bfdr_observed_fdp",0.05,0
20260815,3,500,15,3000,3000,3000,3000,"fast","control_informative",0.05,5,0.01,"","mirage_joint","pleiotropy","bfdr_estimate",0.05,0
20260815,3,500,15,3000,3000,3000,3000,"fast","control_informative",0.05,5,0.01,"","mirage_joint","pleiotropy","bfdr_power",0.05,0
20260815,3,500,15,3000,3000,3000,3000,"fast","control_informative",0.05,5,0.01,"","mirage_joint","pleiotropy","bfdr_discoveries",0.05,0
20260815,3,500,15,3000,3000,3000,3000,"fast","control_informative",0.05,5,0.01,"","mirage_joint","pleiotropy","bfdr_observed_fdp",0.1,0
20260815,3,500,15,3000,3000,3000,3000,"fast","control_informative",0.05,5,0.01,"","mirage_joint","pleiotropy","bfdr_estimate",0.1,0
20260815,3,500,15,3000,3000,3000,3000,"fast","control_informative",0.05,5,0.01,"","mirage_joint","pleiotropy","bfdr_power",0.1,0
20260815,3,500,15,3000,3000,3000,3000,"fast","control_informative",0.05,5,0.01,"","mirage_joint","pleiotropy","bfdr_discoveries",0.1,0
20260815,3,500,15,3000,3000,3000,3000,"fast","control_informative",0.05,5,0.01,"","mirage_joint","pleiotropy","bfdr_observed_fdp",0.2,0
20260815,3,500,15,3000,3000,3000,3000,"fast","control_informative",0.05,5,0.01,"","mirage_joint","pleiotropy","bfdr_estimate",0.2,0
20260815,3,500,15,3000,3000,3000,3000,"fast","control_informative",0.05,5,0.01,"","mirage_joint","pleiotropy","bfdr_power",0.2,0
20260815,3,500,15,3000,3000,3000,3000,"fast","control_informative",0.05,5,0.01,"","mirage_joint","pleiotropy","bfdr_discoveries",0.2,0
20260815,3,500,15,3000,3000,3000,3000,"fast","control_informative",0.05,5,0.01,"","mirage_joint","global","runtime_seconds",NA,18
20260815,3,500,15,3000,3000,3000,3000,"fast","control_informative",0.05,5,0.01,"","mirage_joint","pleiotropy","pi11_estimate",NA,0.0480053869320288
20260815,3,500,15,3000,3000,3000,3000,"fast","control_informative",0.05,5,0.01,"","separate_mirage","trait1","auc",NA,0.768926315789474
20260815,3,500,15,3000,3000,3000,3000,"fast","control_informative",0.05,5,0.01,"","separate_mirage","trait2","auc",NA,0.559387755102041
20260815,3,500,15,3000,3000,3000,3000,"fast","control_informative",0.05,5,0.01,"","separate_mirage","pleiotropy","auc",NA,0.827878787878788
20260815,3,500,15,3000,3000,3000,3000,"fast","control_informative",0.05,5,0.01,"","separate_mirage","trait1","pp08_power",0.8,0.12
20260815,3,500,15,3000,3000,3000,3000,"fast","control_informative",0.05,5,0.01,"","separate_mirage","trait1","pp08_fdp",0.8,0
20260815,3,500,15,3000,3000,3000,3000,"fast","control_informative",0.05,5,0.01,"","separate_mirage","trait1","pp08_discoveries",0.8,3
20260815,3,500,15,3000,3000,3000,3000,"fast","control_informative",0.05,5,0.01,"","separate_mirage","trait2","pp08_power",0.8,0
20260815,3,500,15,3000,3000,3000,3000,"fast","control_informative",0.05,5,0.01,"","separate_mirage","trait2","pp08_fdp",0.8,0
20260815,3,500,15,3000,3000,3000,3000,"fast","control_informative",0.05,5,0.01,"","separate_mirage","trait2","pp08_discoveries",0.8,0
20260815,3,500,15,3000,3000,3000,3000,"fast","control_informative",0.05,5,0.01,"","separate_mirage","pleiotropy","pp08_power",0.8,0
20260815,3,500,15,3000,3000,3000,3000,"fast","control_informative",0.05,5,0.01,"","separate_mirage","pleiotropy","pp08_fdp",0.8,0
20260815,3,500,15,3000,3000,3000,3000,"fast","control_informative",0.05,5,0.01,"","separate_mirage","pleiotropy","pp08_discoveries",0.8,0
20260815,3,500,15,3000,3000,3000,3000,"fast","control_informative",0.05,5,0.01,"","separate_mirage","trait1","bfdr_observed_fdp",0.01,0
20260815,3,500,15,3000,3000,3000,3000,"fast","control_informative",0.05,5,0.01,"","separate_mirage","trait1","bfdr_estimate",0.01,3.66934348368098e-05
20260815,3,500,15,3000,3000,3000,3000,"fast","control_informative",0.05,5,0.01,"","separate_mirage","trait1","bfdr_power",0.01,0.12
20260815,3,500,15,3000,3000,3000,3000,"fast","control_informative",0.05,5,0.01,"","separate_mirage","trait1","bfdr_discoveries",0.01,3
20260815,3,500,15,3000,3000,3000,3000,"fast","control_informative",0.05,5,0.01,"","separate_mirage","trait1","bfdr_observed_fdp",0.05,0
20260815,3,500,15,3000,3000,3000,3000,"fast","control_informative",0.05,5,0.01,"","separate_mirage","trait1","bfdr_estimate",0.05,3.66934348368098e-05
20260815,3,500,15,3000,3000,3000,3000,"fast","control_informative",0.05,5,0.01,"","separate_mirage","trait1","bfdr_power",0.05,0.12
20260815,3,500,15,3000,3000,3000,3000,"fast","control_informative",0.05,5,0.01,"","separate_mirage","trait1","bfdr_discoveries",0.05,3
20260815,3,500,15,3000,3000,3000,3000,"fast","control_informative",0.05,5,0.01,"","separate_mirage","trait1","bfdr_observed_fdp",0.1,0
20260815,3,500,15,3000,3000,3000,3000,"fast","control_informative",0.05,5,0.01,"","separate_mirage","trait1","bfdr_estimate",0.1,0.0781280034832865
20260815,3,500,15,3000,3000,3000,3000,"fast","control_informative",0.05,5,0.01,"","separate_mirage","trait1","bfdr_power",0.1,0.16
20260815,3,500,15,3000,3000,3000,3000,"fast","control_informative",0.05,5,0.01,"","separate_mirage","trait1","bfdr_discoveries",0.1,4
20260815,3,500,15,3000,3000,3000,3000,"fast","control_informative",0.05,5,0.01,"","separate_mirage","trait1","bfdr_observed_fdp",0.2,0.166666666666667
20260815,3,500,15,3000,3000,3000,3000,"fast","control_informative",0.05,5,0.01,"","separate_mirage","trait1","bfdr_estimate",0.2,0.179404754632932
20260815,3,500,15,3000,3000,3000,3000,"fast","control_informative",0.05,5,0.01,"","separate_mirage","trait1","bfdr_power",0.2,0.2
20260815,3,500,15,3000,3000,3000,3000,"fast","control_informative",0.05,5,0.01,"","separate_mirage","trait1","bfdr_discoveries",0.2,6
20260815,3,500,15,3000,3000,3000,3000,"fast","control_informative",0.05,5,0.01,"","separate_mirage","trait2","bfdr_observed_fdp",0.01,0
20260815,3,500,15,3000,3000,3000,3000,"fast","control_informative",0.05,5,0.01,"","separate_mirage","trait2","bfdr_estimate",0.01,0
20260815,3,500,15,3000,3000,3000,3000,"fast","control_informative",0.05,5,0.01,"","separate_mirage","trait2","bfdr_power",0.01,0
20260815,3,500,15,3000,3000,3000,3000,"fast","control_informative",0.05,5,0.01,"","separate_mirage","trait2","bfdr_discoveries",0.01,0
20260815,3,500,15,3000,3000,3000,3000,"fast","control_informative",0.05,5,0.01,"","separate_mirage","trait2","bfdr_observed_fdp",0.05,0
20260815,3,500,15,3000,3000,3000,3000,"fast","control_informative",0.05,5,0.01,"","separate_mirage","trait2","bfdr_estimate",0.05,0
20260815,3,500,15,3000,3000,3000,3000,"fast","control_informative",0.05,5,0.01,"","separate_mirage","trait2","bfdr_power",0.05,0
20260815,3,500,15,3000,3000,3000,3000,"fast","control_informative",0.05,5,0.01,"","separate_mirage","trait2","bfdr_discoveries",0.05,0
20260815,3,500,15,3000,3000,3000,3000,"fast","control_informative",0.05,5,0.01,"","separate_mirage","trait2","bfdr_observed_fdp",0.1,0
20260815,3,500,15,3000,3000,3000,3000,"fast","control_informative",0.05,5,0.01,"","separate_mirage","trait2","bfdr_estimate",0.1,0
20260815,3,500,15,3000,3000,3000,3000,"fast","control_informative",0.05,5,0.01,"","separate_mirage","trait2","bfdr_power",0.1,0
20260815,3,500,15,3000,3000,3000,3000,"fast","control_informative",0.05,5,0.01,"","separate_mirage","trait2","bfdr_discoveries",0.1,0
20260815,3,500,15,3000,3000,3000,3000,"fast","control_informative",0.05,5,0.01,"","separate_mirage","trait2","bfdr_observed_fdp",0.2,0
20260815,3,500,15,3000,3000,3000,3000,"fast","control_informative",0.05,5,0.01,"","separate_mirage","trait2","bfdr_estimate",0.2,0
20260815,3,500,15,3000,3000,3000,3000,"fast","control_informative",0.05,5,0.01,"","separate_mirage","trait2","bfdr_power",0.2,0
20260815,3,500,15,3000,3000,3000,3000,"fast","control_informative",0.05,5,0.01,"","separate_mirage","trait2","bfdr_discoveries",0.2,0
20260815,3,500,15,3000,3000,3000,3000,"fast","control_informative",0.05,5,0.01,"","separate_mirage","pleiotropy","bfdr_observed_fdp",0.01,0
20260815,3,500,15,3000,3000,3000,3000,"fast","control_informative",0.05,5,0.01,"","separate_mirage","pleiotropy","bfdr_estimate",0.01,0
20260815,3,500,15,3000,3000,3000,3000,"fast","control_informative",0.05,5,0.01,"","separate_mirage","pleiotropy","bfdr_power",0.01,0
20260815,3,500,15,3000,3000,3000,3000,"fast","control_informative",0.05,5,0.01,"","separate_mirage","pleiotropy","bfdr_discoveries",0.01,0
20260815,3,500,15,3000,3000,3000,3000,"fast","control_informative",0.05,5,0.01,"","separate_mirage","pleiotropy","bfdr_observed_fdp",0.05,0
20260815,3,500,15,3000,3000,3000,3000,"fast","control_informative",0.05,5,0.01,"","separate_mirage","pleiotropy","bfdr_estimate",0.05,0
20260815,3,500,15,3000,3000,3000,3000,"fast","control_informative",0.05,5,0.01,"","separate_mirage","pleiotropy","bfdr_power",0.05,0
20260815,3,500,15,3000,3000,3000,3000,"fast","control_informative",0.05,5,0.01,"","separate_mirage","pleiotropy","bfdr_discoveries",0.05,0
20260815,3,500,15,3000,3000,3000,3000,"fast","control_informative",0.05,5,0.01,"","separate_mirage","pleiotropy","bfdr_observed_fdp",0.1,0
20260815,3,500,15,3000,3000,3000,3000,"fast","control_informative",0.05,5,0.01,"","separate_mirage","pleiotropy","bfdr_estimate",0.1,0
20260815,3,500,15,3000,3000,3000,3000,"fast","control_informative",0.05,5,0.01,"","separate_mirage","pleiotropy","bfdr_power",0.1,0
20260815,3,500,15,3000,3000,3000,3000,"fast","control_informative",0.05,5,0.01,"","separate_mirage","pleiotropy","bfdr_discoveries",0.1,0
20260815,3,500,15,3000,3000,3000,3000,"fast","control_informative",0.05,5,0.01,"","separate_mirage","pleiotropy","bfdr_observed_fdp",0.2,0
20260815,3,500,15,3000,3000,3000,3000,"fast","control_informative",0.05,5,0.01,"","separate_mirage","pleiotropy","bfdr_estimate",0.2,0
20260815,3,500,15,3000,3000,3000,3000,"fast","control_informative",0.05,5,0.01,"","separate_mirage","pleiotropy","bfdr_power",0.2,0
20260815,3,500,15,3000,3000,3000,3000,"fast","control_informative",0.05,5,0.01,"","separate_mirage","pleiotropy","bfdr_discoveries",0.2,0
20260815,3,500,15,3000,3000,3000,3000,"fast","control_informative",0.05,5,0.01,"","separate_mirage","global","runtime_seconds",NA,18.023
20260815,3,500,15,3000,3000,3000,3000,"fast","control_informative",0.05,5,0.01,"","separate_mirage","pleiotropy","pi11_estimate",NA,0.001
20260815,3,500,15,3000,3000,3000,3000,"fast","control_informative",0.05,5,0.01,"","mtada_aggregated","trait1","auc",NA,0.758736842105263
20260815,3,500,15,3000,3000,3000,3000,"fast","control_informative",0.05,5,0.01,"","mtada_aggregated","trait2","auc",NA,0.485102040816327
20260815,3,500,15,3000,3000,3000,3000,"fast","control_informative",0.05,5,0.01,"","mtada_aggregated","pleiotropy","auc",NA,0.651717171717172
20260815,3,500,15,3000,3000,3000,3000,"fast","control_informative",0.05,5,0.01,"","mtada_aggregated","trait1","pp08_power",0.8,0.2
20260815,3,500,15,3000,3000,3000,3000,"fast","control_informative",0.05,5,0.01,"","mtada_aggregated","trait1","pp08_fdp",0.8,0.897959183673469
20260815,3,500,15,3000,3000,3000,3000,"fast","control_informative",0.05,5,0.01,"","mtada_aggregated","trait1","pp08_discoveries",0.8,49
20260815,3,500,15,3000,3000,3000,3000,"fast","control_informative",0.05,5,0.01,"","mtada_aggregated","trait2","pp08_power",0.8,0
20260815,3,500,15,3000,3000,3000,3000,"fast","control_informative",0.05,5,0.01,"","mtada_aggregated","trait2","pp08_fdp",0.8,1
20260815,3,500,15,3000,3000,3000,3000,"fast","control_informative",0.05,5,0.01,"","mtada_aggregated","trait2","pp08_discoveries",0.8,28
20260815,3,500,15,3000,3000,3000,3000,"fast","control_informative",0.05,5,0.01,"","mtada_aggregated","pleiotropy","pp08_power",0.8,0
20260815,3,500,15,3000,3000,3000,3000,"fast","control_informative",0.05,5,0.01,"","mtada_aggregated","pleiotropy","pp08_fdp",0.8,1
20260815,3,500,15,3000,3000,3000,3000,"fast","control_informative",0.05,5,0.01,"","mtada_aggregated","pleiotropy","pp08_discoveries",0.8,3
20260815,3,500,15,3000,3000,3000,3000,"fast","control_informative",0.05,5,0.01,"","mtada_aggregated","trait1","bfdr_observed_fdp",0.01,0.883720930232558
20260815,3,500,15,3000,3000,3000,3000,"fast","control_informative",0.05,5,0.01,"","mtada_aggregated","trait1","bfdr_estimate",0.01,0.00863845003463341
20260815,3,500,15,3000,3000,3000,3000,"fast","control_informative",0.05,5,0.01,"","mtada_aggregated","trait1","bfdr_power",0.01,0.2
20260815,3,500,15,3000,3000,3000,3000,"fast","control_informative",0.05,5,0.01,"","mtada_aggregated","trait1","bfdr_discoveries",0.01,43
20260815,3,500,15,3000,3000,3000,3000,"fast","control_informative",0.05,5,0.01,"","mtada_aggregated","trait1","bfdr_observed_fdp",0.05,0.888888888888889
20260815,3,500,15,3000,3000,3000,3000,"fast","control_informative",0.05,5,0.01,"","mtada_aggregated","trait1","bfdr_estimate",0.05,0.0471030462765328
20260815,3,500,15,3000,3000,3000,3000,"fast","control_informative",0.05,5,0.01,"","mtada_aggregated","trait1","bfdr_power",0.05,0.24
20260815,3,500,15,3000,3000,3000,3000,"fast","control_informative",0.05,5,0.01,"","mtada_aggregated","trait1","bfdr_discoveries",0.05,54
20260815,3,500,15,3000,3000,3000,3000,"fast","control_informative",0.05,5,0.01,"","mtada_aggregated","trait1","bfdr_observed_fdp",0.1,0.870967741935484
20260815,3,500,15,3000,3000,3000,3000,"fast","control_informative",0.05,5,0.01,"","mtada_aggregated","trait1","bfdr_estimate",0.1,0.0964760958296758
20260815,3,500,15,3000,3000,3000,3000,"fast","control_informative",0.05,5,0.01,"","mtada_aggregated","trait1","bfdr_power",0.1,0.32
20260815,3,500,15,3000,3000,3000,3000,"fast","control_informative",0.05,5,0.01,"","mtada_aggregated","trait1","bfdr_discoveries",0.1,62
20260815,3,500,15,3000,3000,3000,3000,"fast","control_informative",0.05,5,0.01,"","mtada_aggregated","trait1","bfdr_observed_fdp",0.2,0.851351351351351
20260815,3,500,15,3000,3000,3000,3000,"fast","control_informative",0.05,5,0.01,"","mtada_aggregated","trait1","bfdr_estimate",0.2,0.194212290099635
20260815,3,500,15,3000,3000,3000,3000,"fast","control_informative",0.05,5,0.01,"","mtada_aggregated","trait1","bfdr_power",0.2,0.44
20260815,3,500,15,3000,3000,3000,3000,"fast","control_informative",0.05,5,0.01,"","mtada_aggregated","trait1","bfdr_discoveries",0.2,74
20260815,3,500,15,3000,3000,3000,3000,"fast","control_informative",0.05,5,0.01,"","mtada_aggregated","trait2","bfdr_observed_fdp",0.01,1
20260815,3,500,15,3000,3000,3000,3000,"fast","control_informative",0.05,5,0.01,"","mtada_aggregated","trait2","bfdr_estimate",0.01,0.00795061824388862
20260815,3,500,15,3000,3000,3000,3000,"fast","control_informative",0.05,5,0.01,"","mtada_aggregated","trait2","bfdr_power",0.01,0
20260815,3,500,15,3000,3000,3000,3000,"fast","control_informative",0.05,5,0.01,"","mtada_aggregated","trait2","bfdr_discoveries",0.01,24
20260815,3,500,15,3000,3000,3000,3000,"fast","control_informative",0.05,5,0.01,"","mtada_aggregated","trait2","bfdr_observed_fdp",0.05,1
20260815,3,500,15,3000,3000,3000,3000,"fast","control_informative",0.05,5,0.01,"","mtada_aggregated","trait2","bfdr_estimate",0.05,0.0431497545770664
20260815,3,500,15,3000,3000,3000,3000,"fast","control_informative",0.05,5,0.01,"","mtada_aggregated","trait2","bfdr_power",0.05,0
20260815,3,500,15,3000,3000,3000,3000,"fast","control_informative",0.05,5,0.01,"","mtada_aggregated","trait2","bfdr_discoveries",0.05,30
20260815,3,500,15,3000,3000,3000,3000,"fast","control_informative",0.05,5,0.01,"","mtada_aggregated","trait2","bfdr_observed_fdp",0.1,0.971428571428571
20260815,3,500,15,3000,3000,3000,3000,"fast","control_informative",0.05,5,0.01,"","mtada_aggregated","trait2","bfdr_estimate",0.1,0.0968625580396757
20260815,3,500,15,3000,3000,3000,3000,"fast","control_informative",0.05,5,0.01,"","mtada_aggregated","trait2","bfdr_power",0.1,0.1
20260815,3,500,15,3000,3000,3000,3000,"fast","control_informative",0.05,5,0.01,"","mtada_aggregated","trait2","bfdr_discoveries",0.1,35
20260815,3,500,15,3000,3000,3000,3000,"fast","control_informative",0.05,5,0.01,"","mtada_aggregated","trait2","bfdr_observed_fdp",0.2,0.975609756097561
20260815,3,500,15,3000,3000,3000,3000,"fast","control_informative",0.05,5,0.01,"","mtada_aggregated","trait2","bfdr_estimate",0.2,0.187217992839626
20260815,3,500,15,3000,3000,3000,3000,"fast","control_informative",0.05,5,0.01,"","mtada_aggregated","trait2","bfdr_power",0.2,0.1
20260815,3,500,15,3000,3000,3000,3000,"fast","control_informative",0.05,5,0.01,"","mtada_aggregated","trait2","bfdr_discoveries",0.2,41
20260815,3,500,15,3000,3000,3000,3000,"fast","control_informative",0.05,5,0.01,"","mtada_aggregated","pleiotropy","bfdr_observed_fdp",0.01,1
20260815,3,500,15,3000,3000,3000,3000,"fast","control_informative",0.05,5,0.01,"","mtada_aggregated","pleiotropy","bfdr_estimate",0.01,0.0015040030225496
20260815,3,500,15,3000,3000,3000,3000,"fast","control_informative",0.05,5,0.01,"","mtada_aggregated","pleiotropy","bfdr_power",0.01,0
20260815,3,500,15,3000,3000,3000,3000,"fast","control_informative",0.05,5,0.01,"","mtada_aggregated","pleiotropy","bfdr_discoveries",0.01,2
20260815,3,500,15,3000,3000,3000,3000,"fast","control_informative",0.05,5,0.01,"","mtada_aggregated","pleiotropy","bfdr_observed_fdp",0.05,1
20260815,3,500,15,3000,3000,3000,3000,"fast","control_informative",0.05,5,0.01,"","mtada_aggregated","pleiotropy","bfdr_estimate",0.05,0.0015040030225496
20260815,3,500,15,3000,3000,3000,3000,"fast","control_informative",0.05,5,0.01,"","mtada_aggregated","pleiotropy","bfdr_power",0.05,0
20260815,3,500,15,3000,3000,3000,3000,"fast","control_informative",0.05,5,0.01,"","mtada_aggregated","pleiotropy","bfdr_discoveries",0.05,2
20260815,3,500,15,3000,3000,3000,3000,"fast","control_informative",0.05,5,0.01,"","mtada_aggregated","pleiotropy","bfdr_observed_fdp",0.1,1
20260815,3,500,15,3000,3000,3000,3000,"fast","control_informative",0.05,5,0.01,"","mtada_aggregated","pleiotropy","bfdr_estimate",0.1,0.0528501323944598
20260815,3,500,15,3000,3000,3000,3000,"fast","control_informative",0.05,5,0.01,"","mtada_aggregated","pleiotropy","bfdr_power",0.1,0
20260815,3,500,15,3000,3000,3000,3000,"fast","control_informative",0.05,5,0.01,"","mtada_aggregated","pleiotropy","bfdr_discoveries",0.1,3
20260815,3,500,15,3000,3000,3000,3000,"fast","control_informative",0.05,5,0.01,"","mtada_aggregated","pleiotropy","bfdr_observed_fdp",0.2,1
20260815,3,500,15,3000,3000,3000,3000,"fast","control_informative",0.05,5,0.01,"","mtada_aggregated","pleiotropy","bfdr_estimate",0.2,0.127030881841465
20260815,3,500,15,3000,3000,3000,3000,"fast","control_informative",0.05,5,0.01,"","mtada_aggregated","pleiotropy","bfdr_power",0.2,0
20260815,3,500,15,3000,3000,3000,3000,"fast","control_informative",0.05,5,0.01,"","mtada_aggregated","pleiotropy","bfdr_discoveries",0.2,4
20260815,3,500,15,3000,3000,3000,3000,"fast","control_informative",0.05,5,0.01,"","mtada_aggregated","global","runtime_seconds",NA,0.709000000000003
20260815,3,500,15,3000,3000,3000,3000,"fast","control_informative",0.05,5,0.01,"","mtada_aggregated","pleiotropy","pi11_estimate",NA,0.00165816
20260816,4,500,15,3000,3000,3000,3000,"fast","control_informative",0.05,5,0.01,"","mirage_joint","trait1","auc",NA,0.713768421052632
20260816,4,500,15,3000,3000,3000,3000,"fast","control_informative",0.05,5,0.01,"","mirage_joint","trait2","auc",NA,0.735918367346939
20260816,4,500,15,3000,3000,3000,3000,"fast","control_informative",0.05,5,0.01,"","mirage_joint","pleiotropy","auc",NA,0.978989898989899
20260816,4,500,15,3000,3000,3000,3000,"fast","control_informative",0.05,5,0.01,"","mirage_joint","trait1","pp08_power",0.8,0.16
20260816,4,500,15,3000,3000,3000,3000,"fast","control_informative",0.05,5,0.01,"","mirage_joint","trait1","pp08_fdp",0.8,0.2
20260816,4,500,15,3000,3000,3000,3000,"fast","control_informative",0.05,5,0.01,"","mirage_joint","trait1","pp08_discoveries",0.8,5
20260816,4,500,15,3000,3000,3000,3000,"fast","control_informative",0.05,5,0.01,"","mirage_joint","trait2","pp08_power",0.8,0.1
20260816,4,500,15,3000,3000,3000,3000,"fast","control_informative",0.05,5,0.01,"","mirage_joint","trait2","pp08_fdp",0.8,0
20260816,4,500,15,3000,3000,3000,3000,"fast","control_informative",0.05,5,0.01,"","mirage_joint","trait2","pp08_discoveries",0.8,1
20260816,4,500,15,3000,3000,3000,3000,"fast","control_informative",0.05,5,0.01,"","mirage_joint","pleiotropy","pp08_power",0.8,0.2
20260816,4,500,15,3000,3000,3000,3000,"fast","control_informative",0.05,5,0.01,"","mirage_joint","pleiotropy","pp08_fdp",0.8,0
20260816,4,500,15,3000,3000,3000,3000,"fast","control_informative",0.05,5,0.01,"","mirage_joint","pleiotropy","pp08_discoveries",0.8,1
20260816,4,500,15,3000,3000,3000,3000,"fast","control_informative",0.05,5,0.01,"","mirage_joint","trait1","bfdr_observed_fdp",0.01,0
20260816,4,500,15,3000,3000,3000,3000,"fast","control_informative",0.05,5,0.01,"","mirage_joint","trait1","bfdr_estimate",0.01,0.00186085537184977
20260816,4,500,15,3000,3000,3000,3000,"fast","control_informative",0.05,5,0.01,"","mirage_joint","trait1","bfdr_power",0.01,0.04
20260816,4,500,15,3000,3000,3000,3000,"fast","control_informative",0.05,5,0.01,"","mirage_joint","trait1","bfdr_discoveries",0.01,1
20260816,4,500,15,3000,3000,3000,3000,"fast","control_informative",0.05,5,0.01,"","mirage_joint","trait1","bfdr_observed_fdp",0.05,0.25
20260816,4,500,15,3000,3000,3000,3000,"fast","control_informative",0.05,5,0.01,"","mirage_joint","trait1","bfdr_estimate",0.05,0.0329610222973128
20260816,4,500,15,3000,3000,3000,3000,"fast","control_informative",0.05,5,0.01,"","mirage_joint","trait1","bfdr_power",0.05,0.12
20260816,4,500,15,3000,3000,3000,3000,"fast","control_informative",0.05,5,0.01,"","mirage_joint","trait1","bfdr_discoveries",0.05,4
20260816,4,500,15,3000,3000,3000,3000,"fast","control_informative",0.05,5,0.01,"","mirage_joint","trait1","bfdr_observed_fdp",0.1,0.2
20260816,4,500,15,3000,3000,3000,3000,"fast","control_informative",0.05,5,0.01,"","mirage_joint","trait1","bfdr_estimate",0.1,0.0589950199457748
20260816,4,500,15,3000,3000,3000,3000,"fast","control_informative",0.05,5,0.01,"","mirage_joint","trait1","bfdr_power",0.1,0.16
20260816,4,500,15,3000,3000,3000,3000,"fast","control_informative",0.05,5,0.01,"","mirage_joint","trait1","bfdr_discoveries",0.1,5
20260816,4,500,15,3000,3000,3000,3000,"fast","control_informative",0.05,5,0.01,"","mirage_joint","trait1","bfdr_observed_fdp",0.2,0.25
20260816,4,500,15,3000,3000,3000,3000,"fast","control_informative",0.05,5,0.01,"","mirage_joint","trait1","bfdr_estimate",0.2,0.17394767664006
20260816,4,500,15,3000,3000,3000,3000,"fast","control_informative",0.05,5,0.01,"","mirage_joint","trait1","bfdr_power",0.2,0.24
20260816,4,500,15,3000,3000,3000,3000,"fast","control_informative",0.05,5,0.01,"","mirage_joint","trait1","bfdr_discoveries",0.2,8
20260816,4,500,15,3000,3000,3000,3000,"fast","control_informative",0.05,5,0.01,"","mirage_joint","trait2","bfdr_observed_fdp",0.01,0
20260816,4,500,15,3000,3000,3000,3000,"fast","control_informative",0.05,5,0.01,"","mirage_joint","trait2","bfdr_estimate",0.01,0
20260816,4,500,15,3000,3000,3000,3000,"fast","control_informative",0.05,5,0.01,"","mirage_joint","trait2","bfdr_power",0.01,0
20260816,4,500,15,3000,3000,3000,3000,"fast","control_informative",0.05,5,0.01,"","mirage_joint","trait2","bfdr_discoveries",0.01,0
20260816,4,500,15,3000,3000,3000,3000,"fast","control_informative",0.05,5,0.01,"","mirage_joint","trait2","bfdr_observed_fdp",0.05,0
20260816,4,500,15,3000,3000,3000,3000,"fast","control_informative",0.05,5,0.01,"","mirage_joint","trait2","bfdr_estimate",0.05,0
20260816,4,500,15,3000,3000,3000,3000,"fast","control_informative",0.05,5,0.01,"","mirage_joint","trait2","bfdr_power",0.05,0
20260816,4,500,15,3000,3000,3000,3000,"fast","control_informative",0.05,5,0.01,"","mirage_joint","trait2","bfdr_discoveries",0.05,0
20260816,4,500,15,3000,3000,3000,3000,"fast","control_informative",0.05,5,0.01,"","mirage_joint","trait2","bfdr_observed_fdp",0.1,0
20260816,4,500,15,3000,3000,3000,3000,"fast","control_informative",0.05,5,0.01,"","mirage_joint","trait2","bfdr_estimate",0.1,0.066046054825989
20260816,4,500,15,3000,3000,3000,3000,"fast","control_informative",0.05,5,0.01,"","mirage_joint","trait2","bfdr_power",0.1,0.1
20260816,4,500,15,3000,3000,3000,3000,"fast","control_informative",0.05,5,0.01,"","mirage_joint","trait2","bfdr_discoveries",0.1,1
20260816,4,500,15,3000,3000,3000,3000,"fast","control_informative",0.05,5,0.01,"","mirage_joint","trait2","bfdr_observed_fdp",0.2,0
20260816,4,500,15,3000,3000,3000,3000,"fast","control_informative",0.05,5,0.01,"","mirage_joint","trait2","bfdr_estimate",0.2,0.066046054825989
20260816,4,500,15,3000,3000,3000,3000,"fast","control_informative",0.05,5,0.01,"","mirage_joint","trait2","bfdr_power",0.2,0.1
20260816,4,500,15,3000,3000,3000,3000,"fast","control_informative",0.05,5,0.01,"","mirage_joint","trait2","bfdr_discoveries",0.2,1
20260816,4,500,15,3000,3000,3000,3000,"fast","control_informative",0.05,5,0.01,"","mirage_joint","pleiotropy","bfdr_observed_fdp",0.01,0
20260816,4,500,15,3000,3000,3000,3000,"fast","control_informative",0.05,5,0.01,"","mirage_joint","pleiotropy","bfdr_estimate",0.01,0
20260816,4,500,15,3000,3000,3000,3000,"fast","control_informative",0.05,5,0.01,"","mirage_joint","pleiotropy","bfdr_power",0.01,0
20260816,4,500,15,3000,3000,3000,3000,"fast","control_informative",0.05,5,0.01,"","mirage_joint","pleiotropy","bfdr_discoveries",0.01,0
20260816,4,500,15,3000,3000,3000,3000,"fast","control_informative",0.05,5,0.01,"","mirage_joint","pleiotropy","bfdr_observed_fdp",0.05,0
20260816,4,500,15,3000,3000,3000,3000,"fast","control_informative",0.05,5,0.01,"","mirage_joint","pleiotropy","bfdr_estimate",0.05,0
20260816,4,500,15,3000,3000,3000,3000,"fast","control_informative",0.05,5,0.01,"","mirage_joint","pleiotropy","bfdr_power",0.05,0
20260816,4,500,15,3000,3000,3000,3000,"fast","control_informative",0.05,5,0.01,"","mirage_joint","pleiotropy","bfdr_discoveries",0.05,0
20260816,4,500,15,3000,3000,3000,3000,"fast","control_informative",0.05,5,0.01,"","mirage_joint","pleiotropy","bfdr_observed_fdp",0.1,0
20260816,4,500,15,3000,3000,3000,3000,"fast","control_informative",0.05,5,0.01,"","mirage_joint","pleiotropy","bfdr_estimate",0.1,0.0664971909165091
20260816,4,500,15,3000,3000,3000,3000,"fast","control_informative",0.05,5,0.01,"","mirage_joint","pleiotropy","bfdr_power",0.1,0.2
20260816,4,500,15,3000,3000,3000,3000,"fast","control_informative",0.05,5,0.01,"","mirage_joint","pleiotropy","bfdr_discoveries",0.1,1
20260816,4,500,15,3000,3000,3000,3000,"fast","control_informative",0.05,5,0.01,"","mirage_joint","pleiotropy","bfdr_observed_fdp",0.2,0
20260816,4,500,15,3000,3000,3000,3000,"fast","control_informative",0.05,5,0.01,"","mirage_joint","pleiotropy","bfdr_estimate",0.2,0.0664971909165091
20260816,4,500,15,3000,3000,3000,3000,"fast","control_informative",0.05,5,0.01,"","mirage_joint","pleiotropy","bfdr_power",0.2,0.2
20260816,4,500,15,3000,3000,3000,3000,"fast","control_informative",0.05,5,0.01,"","mirage_joint","pleiotropy","bfdr_discoveries",0.2,1
20260816,4,500,15,3000,3000,3000,3000,"fast","control_informative",0.05,5,0.01,"","mirage_joint","global","runtime_seconds",NA,18.024
20260816,4,500,15,3000,3000,3000,3000,"fast","control_informative",0.05,5,0.01,"","mirage_joint","pleiotropy","pi11_estimate",NA,0.0154550480355024
20260816,4,500,15,3000,3000,3000,3000,"fast","control_informative",0.05,5,0.01,"","separate_mirage","trait1","auc",NA,0.682526315789474
20260816,4,500,15,3000,3000,3000,3000,"fast","control_informative",0.05,5,0.01,"","separate_mirage","trait2","auc",NA,0.777142857142857
20260816,4,500,15,3000,3000,3000,3000,"fast","control_informative",0.05,5,0.01,"","separate_mirage","pleiotropy","auc",NA,0.973737373737374
20260816,4,500,15,3000,3000,3000,3000,"fast","control_informative",0.05,5,0.01,"","separate_mirage","trait1","pp08_power",0.8,0.08
20260816,4,500,15,3000,3000,3000,3000,"fast","control_informative",0.05,5,0.01,"","separate_mirage","trait1","pp08_fdp",0.8,0.333333333333333
20260816,4,500,15,3000,3000,3000,3000,"fast","control_informative",0.05,5,0.01,"","separate_mirage","trait1","pp08_discoveries",0.8,3
20260816,4,500,15,3000,3000,3000,3000,"fast","control_informative",0.05,5,0.01,"","separate_mirage","trait2","pp08_power",0.8,0.1
20260816,4,500,15,3000,3000,3000,3000,"fast","control_informative",0.05,5,0.01,"","separate_mirage","trait2","pp08_fdp",0.8,0
20260816,4,500,15,3000,3000,3000,3000,"fast","control_informative",0.05,5,0.01,"","separate_mirage","trait2","pp08_discoveries",0.8,1
20260816,4,500,15,3000,3000,3000,3000,"fast","control_informative",0.05,5,0.01,"","separate_mirage","pleiotropy","pp08_power",0.8,0
20260816,4,500,15,3000,3000,3000,3000,"fast","control_informative",0.05,5,0.01,"","separate_mirage","pleiotropy","pp08_fdp",0.8,0
20260816,4,500,15,3000,3000,3000,3000,"fast","control_informative",0.05,5,0.01,"","separate_mirage","pleiotropy","pp08_discoveries",0.8,0
20260816,4,500,15,3000,3000,3000,3000,"fast","control_informative",0.05,5,0.01,"","separate_mirage","trait1","bfdr_observed_fdp",0.01,0
20260816,4,500,15,3000,3000,3000,3000,"fast","control_informative",0.05,5,0.01,"","separate_mirage","trait1","bfdr_estimate",0.01,0.00306526160967779
20260816,4,500,15,3000,3000,3000,3000,"fast","control_informative",0.05,5,0.01,"","separate_mirage","trait1","bfdr_power",0.01,0.04
20260816,4,500,15,3000,3000,3000,3000,"fast","control_informative",0.05,5,0.01,"","separate_mirage","trait1","bfdr_discoveries",0.01,1
20260816,4,500,15,3000,3000,3000,3000,"fast","control_informative",0.05,5,0.01,"","separate_mirage","trait1","bfdr_observed_fdp",0.05,0.5
20260816,4,500,15,3000,3000,3000,3000,"fast","control_informative",0.05,5,0.01,"","separate_mirage","trait1","bfdr_estimate",0.05,0.0291018824074301
20260816,4,500,15,3000,3000,3000,3000,"fast","control_informative",0.05,5,0.01,"","separate_mirage","trait1","bfdr_power",0.05,0.04
20260816,4,500,15,3000,3000,3000,3000,"fast","control_informative",0.05,5,0.01,"","separate_mirage","trait1","bfdr_discoveries",0.05,2
20260816,4,500,15,3000,3000,3000,3000,"fast","control_informative",0.05,5,0.01,"","separate_mirage","trait1","bfdr_observed_fdp",0.1,0.333333333333333
20260816,4,500,15,3000,3000,3000,3000,"fast","control_informative",0.05,5,0.01,"","separate_mirage","trait1","bfdr_estimate",0.1,0.051191130639911
20260816,4,500,15,3000,3000,3000,3000,"fast","control_informative",0.05,5,0.01,"","separate_mirage","trait1","bfdr_power",0.1,0.08
20260816,4,500,15,3000,3000,3000,3000,"fast","control_informative",0.05,5,0.01,"","separate_mirage","trait1","bfdr_discoveries",0.1,3
20260816,4,500,15,3000,3000,3000,3000,"fast","control_informative",0.05,5,0.01,"","separate_mirage","trait1","bfdr_observed_fdp",0.2,0.5
20260816,4,500,15,3000,3000,3000,3000,"fast","control_informative",0.05,5,0.01,"","separate_mirage","trait1","bfdr_estimate",0.2,0.149344151362461
20260816,4,500,15,3000,3000,3000,3000,"fast","control_informative",0.05,5,0.01,"","separate_mirage","trait1","bfdr_power",0.2,0.08
20260816,4,500,15,3000,3000,3000,3000,"fast","control_informative",0.05,5,0.01,"","separate_mirage","trait1","bfdr_discoveries",0.2,4
20260816,4,500,15,3000,3000,3000,3000,"fast","control_informative",0.05,5,0.01,"","separate_mirage","trait2","bfdr_observed_fdp",0.01,0
20260816,4,500,15,3000,3000,3000,3000,"fast","control_informative",0.05,5,0.01,"","separate_mirage","trait2","bfdr_estimate",0.01,0
20260816,4,500,15,3000,3000,3000,3000,"fast","control_informative",0.05,5,0.01,"","separate_mirage","trait2","bfdr_power",0.01,0
20260816,4,500,15,3000,3000,3000,3000,"fast","control_informative",0.05,5,0.01,"","separate_mirage","trait2","bfdr_discoveries",0.01,0
20260816,4,500,15,3000,3000,3000,3000,"fast","control_informative",0.05,5,0.01,"","separate_mirage","trait2","bfdr_observed_fdp",0.05,0
20260816,4,500,15,3000,3000,3000,3000,"fast","control_informative",0.05,5,0.01,"","separate_mirage","trait2","bfdr_estimate",0.05,0
20260816,4,500,15,3000,3000,3000,3000,"fast","control_informative",0.05,5,0.01,"","separate_mirage","trait2","bfdr_power",0.05,0
20260816,4,500,15,3000,3000,3000,3000,"fast","control_informative",0.05,5,0.01,"","separate_mirage","trait2","bfdr_discoveries",0.05,0
20260816,4,500,15,3000,3000,3000,3000,"fast","control_informative",0.05,5,0.01,"","separate_mirage","trait2","bfdr_observed_fdp",0.1,0
20260816,4,500,15,3000,3000,3000,3000,"fast","control_informative",0.05,5,0.01,"","separate_mirage","trait2","bfdr_estimate",0.1,0
20260816,4,500,15,3000,3000,3000,3000,"fast","control_informative",0.05,5,0.01,"","separate_mirage","trait2","bfdr_power",0.1,0
20260816,4,500,15,3000,3000,3000,3000,"fast","control_informative",0.05,5,0.01,"","separate_mirage","trait2","bfdr_discoveries",0.1,0
20260816,4,500,15,3000,3000,3000,3000,"fast","control_informative",0.05,5,0.01,"","separate_mirage","trait2","bfdr_observed_fdp",0.2,0
20260816,4,500,15,3000,3000,3000,3000,"fast","control_informative",0.05,5,0.01,"","separate_mirage","trait2","bfdr_estimate",0.2,0.197104182271568
20260816,4,500,15,3000,3000,3000,3000,"fast","control_informative",0.05,5,0.01,"","separate_mirage","trait2","bfdr_power",0.2,0.1
20260816,4,500,15,3000,3000,3000,3000,"fast","control_informative",0.05,5,0.01,"","separate_mirage","trait2","bfdr_discoveries",0.2,1
20260816,4,500,15,3000,3000,3000,3000,"fast","control_informative",0.05,5,0.01,"","separate_mirage","pleiotropy","bfdr_observed_fdp",0.01,0
20260816,4,500,15,3000,3000,3000,3000,"fast","control_informative",0.05,5,0.01,"","separate_mirage","pleiotropy","bfdr_estimate",0.01,0
20260816,4,500,15,3000,3000,3000,3000,"fast","control_informative",0.05,5,0.01,"","separate_mirage","pleiotropy","bfdr_power",0.01,0
20260816,4,500,15,3000,3000,3000,3000,"fast","control_informative",0.05,5,0.01,"","separate_mirage","pleiotropy","bfdr_discoveries",0.01,0
20260816,4,500,15,3000,3000,3000,3000,"fast","control_informative",0.05,5,0.01,"","separate_mirage","pleiotropy","bfdr_observed_fdp",0.05,0
20260816,4,500,15,3000,3000,3000,3000,"fast","control_informative",0.05,5,0.01,"","separate_mirage","pleiotropy","bfdr_estimate",0.05,0
20260816,4,500,15,3000,3000,3000,3000,"fast","control_informative",0.05,5,0.01,"","separate_mirage","pleiotropy","bfdr_power",0.05,0
20260816,4,500,15,3000,3000,3000,3000,"fast","control_informative",0.05,5,0.01,"","separate_mirage","pleiotropy","bfdr_discoveries",0.05,0
20260816,4,500,15,3000,3000,3000,3000,"fast","control_informative",0.05,5,0.01,"","separate_mirage","pleiotropy","bfdr_observed_fdp",0.1,0
20260816,4,500,15,3000,3000,3000,3000,"fast","control_informative",0.05,5,0.01,"","separate_mirage","pleiotropy","bfdr_estimate",0.1,0
20260816,4,500,15,3000,3000,3000,3000,"fast","control_informative",0.05,5,0.01,"","separate_mirage","pleiotropy","bfdr_power",0.1,0
20260816,4,500,15,3000,3000,3000,3000,"fast","control_informative",0.05,5,0.01,"","separate_mirage","pleiotropy","bfdr_discoveries",0.1,0
20260816,4,500,15,3000,3000,3000,3000,"fast","control_informative",0.05,5,0.01,"","separate_mirage","pleiotropy","bfdr_observed_fdp",0.2,0
20260816,4,500,15,3000,3000,3000,3000,"fast","control_informative",0.05,5,0.01,"","separate_mirage","pleiotropy","bfdr_estimate",0.2,0
20260816,4,500,15,3000,3000,3000,3000,"fast","control_informative",0.05,5,0.01,"","separate_mirage","pleiotropy","bfdr_power",0.2,0
20260816,4,500,15,3000,3000,3000,3000,"fast","control_informative",0.05,5,0.01,"","separate_mirage","pleiotropy","bfdr_discoveries",0.2,0
20260816,4,500,15,3000,3000,3000,3000,"fast","control_informative",0.05,5,0.01,"","separate_mirage","global","runtime_seconds",NA,17.981
20260816,4,500,15,3000,3000,3000,3000,"fast","control_informative",0.05,5,0.01,"","separate_mirage","pleiotropy","pi11_estimate",NA,0.001
20260816,4,500,15,3000,3000,3000,3000,"fast","control_informative",0.05,5,0.01,"","mtada_aggregated","trait1","auc",NA,0.634778947368421
20260816,4,500,15,3000,3000,3000,3000,"fast","control_informative",0.05,5,0.01,"","mtada_aggregated","trait2","auc",NA,0.7
20260816,4,500,15,3000,3000,3000,3000,"fast","control_informative",0.05,5,0.01,"","mtada_aggregated","pleiotropy","auc",NA,0.873939393939394
20260816,4,500,15,3000,3000,3000,3000,"fast","control_informative",0.05,5,0.01,"","mtada_aggregated","trait1","pp08_power",0.8,0.16
20260816,4,500,15,3000,3000,3000,3000,"fast","control_informative",0.05,5,0.01,"","mtada_aggregated","trait1","pp08_fdp",0.8,0.923076923076923
20260816,4,500,15,3000,3000,3000,3000,"fast","control_informative",0.05,5,0.01,"","mtada_aggregated","trait1","pp08_discoveries",0.8,52
20260816,4,500,15,3000,3000,3000,3000,"fast","control_informative",0.05,5,0.01,"","mtada_aggregated","trait2","pp08_power",0.8,0.1
20260816,4,500,15,3000,3000,3000,3000,"fast","control_informative",0.05,5,0.01,"","mtada_aggregated","trait2","pp08_fdp",0.8,0.976190476190476
20260816,4,500,15,3000,3000,3000,3000,"fast","control_informative",0.05,5,0.01,"","mtada_aggregated","trait2","pp08_discoveries",0.8,42
20260816,4,500,15,3000,3000,3000,3000,"fast","control_informative",0.05,5,0.01,"","mtada_aggregated","pleiotropy","pp08_power",0.8,0
20260816,4,500,15,3000,3000,3000,3000,"fast","control_informative",0.05,5,0.01,"","mtada_aggregated","pleiotropy","pp08_fdp",0.8,1
20260816,4,500,15,3000,3000,3000,3000,"fast","control_informative",0.05,5,0.01,"","mtada_aggregated","pleiotropy","pp08_discoveries",0.8,7
20260816,4,500,15,3000,3000,3000,3000,"fast","control_informative",0.05,5,0.01,"","mtada_aggregated","trait1","bfdr_observed_fdp",0.01,0.91304347826087
20260816,4,500,15,3000,3000,3000,3000,"fast","control_informative",0.05,5,0.01,"","mtada_aggregated","trait1","bfdr_estimate",0.01,0.00871458308656988
20260816,4,500,15,3000,3000,3000,3000,"fast","control_informative",0.05,5,0.01,"","mtada_aggregated","trait1","bfdr_power",0.01,0.16
20260816,4,500,15,3000,3000,3000,3000,"fast","control_informative",0.05,5,0.01,"","mtada_aggregated","trait1","bfdr_discoveries",0.01,46
20260816,4,500,15,3000,3000,3000,3000,"fast","control_informative",0.05,5,0.01,"","mtada_aggregated","trait1","bfdr_observed_fdp",0.05,0.894736842105263
20260816,4,500,15,3000,3000,3000,3000,"fast","control_informative",0.05,5,0.01,"","mtada_aggregated","trait1","bfdr_estimate",0.05,0.0462287960317332
20260816,4,500,15,3000,3000,3000,3000,"fast","control_informative",0.05,5,0.01,"","mtada_aggregated","trait1","bfdr_power",0.05,0.24
20260816,4,500,15,3000,3000,3000,3000,"fast","control_informative",0.05,5,0.01,"","mtada_aggregated","trait1","bfdr_discoveries",0.05,57
20260816,4,500,15,3000,3000,3000,3000,"fast","control_informative",0.05,5,0.01,"","mtada_aggregated","trait1","bfdr_observed_fdp",0.1,0.90625
20260816,4,500,15,3000,3000,3000,3000,"fast","control_informative",0.05,5,0.01,"","mtada_aggregated","trait1","bfdr_estimate",0.1,0.09515651956964
20260816,4,500,15,3000,3000,3000,3000,"fast","control_informative",0.05,5,0.01,"","mtada_aggregated","trait1","bfdr_power",0.1,0.24
20260816,4,500,15,3000,3000,3000,3000,"fast","control_informative",0.05,5,0.01,"","mtada_aggregated","trait1","bfdr_discoveries",0.1,64
20260816,4,500,15,3000,3000,3000,3000,"fast","control_informative",0.05,5,0.01,"","mtada_aggregated","trait1","bfdr_observed_fdp",0.2,0.921052631578947
20260816,4,500,15,3000,3000,3000,3000,"fast","control_informative",0.05,5,0.01,"","mtada_aggregated","trait1","bfdr_estimate",0.2,0.198181679559471
20260816,4,500,15,3000,3000,3000,3000,"fast","control_informative",0.05,5,0.01,"","mtada_aggregated","trait1","bfdr_power",0.2,0.24
20260816,4,500,15,3000,3000,3000,3000,"fast","control_informative",0.05,5,0.01,"","mtada_aggregated","trait1","bfdr_discoveries",0.2,76
20260816,4,500,15,3000,3000,3000,3000,"fast","control_informative",0.05,5,0.01,"","mtada_aggregated","trait2","bfdr_observed_fdp",0.01,0.972222222222222
20260816,4,500,15,3000,3000,3000,3000,"fast","control_informative",0.05,5,0.01,"","mtada_aggregated","trait2","bfdr_estimate",0.01,0.00811070901617554
20260816,4,500,15,3000,3000,3000,3000,"fast","control_informative",0.05,5,0.01,"","mtada_aggregated","trait2","bfdr_power",0.01,0.1
20260816,4,500,15,3000,3000,3000,3000,"fast","control_informative",0.05,5,0.01,"","mtada_aggregated","trait2","bfdr_discoveries",0.01,36
20260816,4,500,15,3000,3000,3000,3000,"fast","control_informative",0.05,5,0.01,"","mtada_aggregated","trait2","bfdr_observed_fdp",0.05,0.956521739130435
20260816,4,500,15,3000,3000,3000,3000,"fast","control_informative",0.05,5,0.01,"","mtada_aggregated","trait2","bfdr_estimate",0.05,0.0461783016661299
20260816,4,500,15,3000,3000,3000,3000,"fast","control_informative",0.05,5,0.01,"","mtada_aggregated","trait2","bfdr_power",0.05,0.2
20260816,4,500,15,3000,3000,3000,3000,"fast","control_informative",0.05,5,0.01,"","mtada_aggregated","trait2","bfdr_discoveries",0.05,46
20260816,4,500,15,3000,3000,3000,3000,"fast","control_informative",0.05,5,0.01,"","mtada_aggregated","trait2","bfdr_observed_fdp",0.1,0.943396226415094
20260816,4,500,15,3000,3000,3000,3000,"fast","control_informative",0.05,5,0.01,"","mtada_aggregated","trait2","bfdr_estimate",0.1,0.0947868766224322
20260816,4,500,15,3000,3000,3000,3000,"fast","control_informative",0.05,5,0.01,"","mtada_aggregated","trait2","bfdr_power",0.1,0.3
20260816,4,500,15,3000,3000,3000,3000,"fast","control_informative",0.05,5,0.01,"","mtada_aggregated","trait2","bfdr_discoveries",0.1,53
20260816,4,500,15,3000,3000,3000,3000,"fast","control_informative",0.05,5,0.01,"","mtada_aggregated","trait2","bfdr_observed_fdp",0.2,0.952380952380952
20260816,4,500,15,3000,3000,3000,3000,"fast","control_informative",0.05,5,0.01,"","mtada_aggregated","trait2","bfdr_estimate",0.2,0.19671910775834
20260816,4,500,15,3000,3000,3000,3000,"fast","control_informative",0.05,5,0.01,"","mtada_aggregated","trait2","bfdr_power",0.2,0.3
20260816,4,500,15,3000,3000,3000,3000,"fast","control_informative",0.05,5,0.01,"","mtada_aggregated","trait2","bfdr_discoveries",0.2,63
20260816,4,500,15,3000,3000,3000,3000,"fast","control_informative",0.05,5,0.01,"","mtada_aggregated","pleiotropy","bfdr_observed_fdp",0.01,1
20260816,4,500,15,3000,3000,3000,3000,"fast","control_informative",0.05,5,0.01,"","mtada_aggregated","pleiotropy","bfdr_estimate",0.01,0.00241481948960659
20260816,4,500,15,3000,3000,3000,3000,"fast","control_informative",0.05,5,0.01,"","mtada_aggregated","pleiotropy","bfdr_power",0.01,0
20260816,4,500,15,3000,3000,3000,3000,"fast","control_informative",0.05,5,0.01,"","mtada_aggregated","pleiotropy","bfdr_discoveries",0.01,2
20260816,4,500,15,3000,3000,3000,3000,"fast","control_informative",0.05,5,0.01,"","mtada_aggregated","pleiotropy","bfdr_observed_fdp",0.05,1
20260816,4,500,15,3000,3000,3000,3000,"fast","control_informative",0.05,5,0.01,"","mtada_aggregated","pleiotropy","bfdr_estimate",0.05,0.0463624344592149
20260816,4,500,15,3000,3000,3000,3000,"fast","control_informative",0.05,5,0.01,"","mtada_aggregated","pleiotropy","bfdr_power",0.05,0
20260816,4,500,15,3000,3000,3000,3000,"fast","control_informative",0.05,5,0.01,"","mtada_aggregated","pleiotropy","bfdr_discoveries",0.05,5
20260816,4,500,15,3000,3000,3000,3000,"fast","control_informative",0.05,5,0.01,"","mtada_aggregated","pleiotropy","bfdr_observed_fdp",0.1,1
20260816,4,500,15,3000,3000,3000,3000,"fast","control_informative",0.05,5,0.01,"","mtada_aggregated","pleiotropy","bfdr_estimate",0.1,0.0823091763826953
20260816,4,500,15,3000,3000,3000,3000,"fast","control_informative",0.05,5,0.01,"","mtada_aggregated","pleiotropy","bfdr_power",0.1,0
20260816,4,500,15,3000,3000,3000,3000,"fast","control_informative",0.05,5,0.01,"","mtada_aggregated","pleiotropy","bfdr_discoveries",0.1,7
20260816,4,500,15,3000,3000,3000,3000,"fast","control_informative",0.05,5,0.01,"","mtada_aggregated","pleiotropy","bfdr_observed_fdp",0.2,0.909090909090909
20260816,4,500,15,3000,3000,3000,3000,"fast","control_informative",0.05,5,0.01,"","mtada_aggregated","pleiotropy","bfdr_estimate",0.2,0.182677200404658
20260816,4,500,15,3000,3000,3000,3000,"fast","control_informative",0.05,5,0.01,"","mtada_aggregated","pleiotropy","bfdr_power",0.2,0.2
20260816,4,500,15,3000,3000,3000,3000,"fast","control_informative",0.05,5,0.01,"","mtada_aggregated","pleiotropy","bfdr_discoveries",0.2,11
20260816,4,500,15,3000,3000,3000,3000,"fast","control_informative",0.05,5,0.01,"","mtada_aggregated","global","runtime_seconds",NA,0.698000000000008
20260816,4,500,15,3000,3000,3000,3000,"fast","control_informative",0.05,5,0.01,"","mtada_aggregated","pleiotropy","pi11_estimate",NA,0.0039514
20260817,5,500,15,3000,3000,3000,3000,"fast","control_informative",0.05,5,0.01,"","mirage_joint","trait1","auc",NA,0.631915789473684
20260817,5,500,15,3000,3000,3000,3000,"fast","control_informative",0.05,5,0.01,"","mirage_joint","trait2","auc",NA,0.864285714285714
20260817,5,500,15,3000,3000,3000,3000,"fast","control_informative",0.05,5,0.01,"","mirage_joint","pleiotropy","auc",NA,0.848888888888889
20260817,5,500,15,3000,3000,3000,3000,"fast","control_informative",0.05,5,0.01,"","mirage_joint","trait1","pp08_power",0.8,0.08
20260817,5,500,15,3000,3000,3000,3000,"fast","control_informative",0.05,5,0.01,"","mirage_joint","trait1","pp08_fdp",0.8,0.333333333333333
20260817,5,500,15,3000,3000,3000,3000,"fast","control_informative",0.05,5,0.01,"","mirage_joint","trait1","pp08_discoveries",0.8,3
20260817,5,500,15,3000,3000,3000,3000,"fast","control_informative",0.05,5,0.01,"","mirage_joint","trait2","pp08_power",0.8,0.3
20260817,5,500,15,3000,3000,3000,3000,"fast","control_informative",0.05,5,0.01,"","mirage_joint","trait2","pp08_fdp",0.8,0
20260817,5,500,15,3000,3000,3000,3000,"fast","control_informative",0.05,5,0.01,"","mirage_joint","trait2","pp08_discoveries",0.8,3
20260817,5,500,15,3000,3000,3000,3000,"fast","control_informative",0.05,5,0.01,"","mirage_joint","pleiotropy","pp08_power",0.8,0.2
20260817,5,500,15,3000,3000,3000,3000,"fast","control_informative",0.05,5,0.01,"","mirage_joint","pleiotropy","pp08_fdp",0.8,0
20260817,5,500,15,3000,3000,3000,3000,"fast","control_informative",0.05,5,0.01,"","mirage_joint","pleiotropy","pp08_discoveries",0.8,1
20260817,5,500,15,3000,3000,3000,3000,"fast","control_informative",0.05,5,0.01,"","mirage_joint","trait1","bfdr_observed_fdp",0.01,0
20260817,5,500,15,3000,3000,3000,3000,"fast","control_informative",0.05,5,0.01,"","mirage_joint","trait1","bfdr_estimate",0.01,0.0084770904854311
20260817,5,500,15,3000,3000,3000,3000,"fast","control_informative",0.05,5,0.01,"","mirage_joint","trait1","bfdr_power",0.01,0.08
20260817,5,500,15,3000,3000,3000,3000,"fast","control_informative",0.05,5,0.01,"","mirage_joint","trait1","bfdr_discoveries",0.01,2
20260817,5,500,15,3000,3000,3000,3000,"fast","control_informative",0.05,5,0.01,"","mirage_joint","trait1","bfdr_observed_fdp",0.05,0.333333333333333
20260817,5,500,15,3000,3000,3000,3000,"fast","control_informative",0.05,5,0.01,"","mirage_joint","trait1","bfdr_estimate",0.05,0.037074544862477
20260817,5,500,15,3000,3000,3000,3000,"fast","control_informative",0.05,5,0.01,"","mirage_joint","trait1","bfdr_power",0.05,0.08
20260817,5,500,15,3000,3000,3000,3000,"fast","control_informative",0.05,5,0.01,"","mirage_joint","trait1","bfdr_discoveries",0.05,3
20260817,5,500,15,3000,3000,3000,3000,"fast","control_informative",0.05,5,0.01,"","mirage_joint","trait1","bfdr_observed_fdp",0.1,0.5
20260817,5,500,15,3000,3000,3000,3000,"fast","control_informative",0.05,5,0.01,"","mirage_joint","trait1","bfdr_estimate",0.1,0.091184134661565
20260817,5,500,15,3000,3000,3000,3000,"fast","control_informative",0.05,5,0.01,"","mirage_joint","trait1","bfdr_power",0.1,0.08
20260817,5,500,15,3000,3000,3000,3000,"fast","control_informative",0.05,5,0.01,"","mirage_joint","trait1","bfdr_discoveries",0.1,4
20260817,5,500,15,3000,3000,3000,3000,"fast","control_informative",0.05,5,0.01,"","mirage_joint","trait1","bfdr_observed_fdp",0.2,0.666666666666667
20260817,5,500,15,3000,3000,3000,3000,"fast","control_informative",0.05,5,0.01,"","mirage_joint","trait1","bfdr_estimate",0.2,0.170229173079813
20260817,5,500,15,3000,3000,3000,3000,"fast","control_informative",0.05,5,0.01,"","mirage_joint","trait1","bfdr_power",0.2,0.08
20260817,5,500,15,3000,3000,3000,3000,"fast","control_informative",0.05,5,0.01,"","mirage_joint","trait1","bfdr_discoveries",0.2,6
20260817,5,500,15,3000,3000,3000,3000,"fast","control_informative",0.05,5,0.01,"","mirage_joint","trait2","bfdr_observed_fdp",0.01,0
20260817,5,500,15,3000,3000,3000,3000,"fast","control_informative",0.05,5,0.01,"","mirage_joint","trait2","bfdr_estimate",0.01,0.00931357784416165
20260817,5,500,15,3000,3000,3000,3000,"fast","control_informative",0.05,5,0.01,"","mirage_joint","trait2","bfdr_power",0.01,0.3
20260817,5,500,15,3000,3000,3000,3000,"fast","control_informative",0.05,5,0.01,"","mirage_joint","trait2","bfdr_discoveries",0.01,3
20260817,5,500,15,3000,3000,3000,3000,"fast","control_informative",0.05,5,0.01,"","mirage_joint","trait2","bfdr_observed_fdp",0.05,0
20260817,5,500,15,3000,3000,3000,3000,"fast","control_informative",0.05,5,0.01,"","mirage_joint","trait2","bfdr_estimate",0.05,0.00931357784416165
20260817,5,500,15,3000,3000,3000,3000,"fast","control_informative",0.05,5,0.01,"","mirage_joint","trait2","bfdr_power",0.05,0.3
20260817,5,500,15,3000,3000,3000,3000,"fast","control_informative",0.05,5,0.01,"","mirage_joint","trait2","bfdr_discoveries",0.05,3
20260817,5,500,15,3000,3000,3000,3000,"fast","control_informative",0.05,5,0.01,"","mirage_joint","trait2","bfdr_observed_fdp",0.1,0.25
20260817,5,500,15,3000,3000,3000,3000,"fast","control_informative",0.05,5,0.01,"","mirage_joint","trait2","bfdr_estimate",0.1,0.0680679266218949
20260817,5,500,15,3000,3000,3000,3000,"fast","control_informative",0.05,5,0.01,"","mirage_joint","trait2","bfdr_power",0.1,0.3
20260817,5,500,15,3000,3000,3000,3000,"fast","control_informative",0.05,5,0.01,"","mirage_joint","trait2","bfdr_discoveries",0.1,4
20260817,5,500,15,3000,3000,3000,3000,"fast","control_informative",0.05,5,0.01,"","mirage_joint","trait2","bfdr_observed_fdp",0.2,0.571428571428571
20260817,5,500,15,3000,3000,3000,3000,"fast","control_informative",0.05,5,0.01,"","mirage_joint","trait2","bfdr_estimate",0.2,0.19245539544371
20260817,5,500,15,3000,3000,3000,3000,"fast","control_informative",0.05,5,0.01,"","mirage_joint","trait2","bfdr_power",0.2,0.3
20260817,5,500,15,3000,3000,3000,3000,"fast","control_informative",0.05,5,0.01,"","mirage_joint","trait2","bfdr_discoveries",0.2,7
20260817,5,500,15,3000,3000,3000,3000,"fast","control_informative",0.05,5,0.01,"","mirage_joint","pleiotropy","bfdr_observed_fdp",0.01,0
20260817,5,500,15,3000,3000,3000,3000,"fast","control_informative",0.05,5,0.01,"","mirage_joint","pleiotropy","bfdr_estimate",0.01,0
20260817,5,500,15,3000,3000,3000,3000,"fast","control_informative",0.05,5,0.01,"","mirage_joint","pleiotropy","bfdr_power",0.01,0
20260817,5,500,15,3000,3000,3000,3000,"fast","control_informative",0.05,5,0.01,"","mirage_joint","pleiotropy","bfdr_discoveries",0.01,0
20260817,5,500,15,3000,3000,3000,3000,"fast","control_informative",0.05,5,0.01,"","mirage_joint","pleiotropy","bfdr_observed_fdp",0.05,0
20260817,5,500,15,3000,3000,3000,3000,"fast","control_informative",0.05,5,0.01,"","mirage_joint","pleiotropy","bfdr_estimate",0.05,0.0205295741734045
20260817,5,500,15,3000,3000,3000,3000,"fast","control_informative",0.05,5,0.01,"","mirage_joint","pleiotropy","bfdr_power",0.05,0.2
20260817,5,500,15,3000,3000,3000,3000,"fast","control_informative",0.05,5,0.01,"","mirage_joint","pleiotropy","bfdr_discoveries",0.05,1
20260817,5,500,15,3000,3000,3000,3000,"fast","control_informative",0.05,5,0.01,"","mirage_joint","pleiotropy","bfdr_observed_fdp",0.1,0
20260817,5,500,15,3000,3000,3000,3000,"fast","control_informative",0.05,5,0.01,"","mirage_joint","pleiotropy","bfdr_estimate",0.1,0.0205295741734045
20260817,5,500,15,3000,3000,3000,3000,"fast","control_informative",0.05,5,0.01,"","mirage_joint","pleiotropy","bfdr_power",0.1,0.2
20260817,5,500,15,3000,3000,3000,3000,"fast","control_informative",0.05,5,0.01,"","mirage_joint","pleiotropy","bfdr_discoveries",0.1,1
20260817,5,500,15,3000,3000,3000,3000,"fast","control_informative",0.05,5,0.01,"","mirage_joint","pleiotropy","bfdr_observed_fdp",0.2,0.5
20260817,5,500,15,3000,3000,3000,3000,"fast","control_informative",0.05,5,0.01,"","mirage_joint","pleiotropy","bfdr_estimate",0.2,0.136114178721124
20260817,5,500,15,3000,3000,3000,3000,"fast","control_informative",0.05,5,0.01,"","mirage_joint","pleiotropy","bfdr_power",0.2,0.2
20260817,5,500,15,3000,3000,3000,3000,"fast","control_informative",0.05,5,0.01,"","mirage_joint","pleiotropy","bfdr_discoveries",0.2,2
20260817,5,500,15,3000,3000,3000,3000,"fast","control_informative",0.05,5,0.01,"","mirage_joint","global","runtime_seconds",NA,17.953
20260817,5,500,15,3000,3000,3000,3000,"fast","control_informative",0.05,5,0.01,"","mirage_joint","pleiotropy","pi11_estimate",NA,0.0621547976664691
20260817,5,500,15,3000,3000,3000,3000,"fast","control_informative",0.05,5,0.01,"","separate_mirage","trait1","auc",NA,0.633431578947368
20260817,5,500,15,3000,3000,3000,3000,"fast","control_informative",0.05,5,0.01,"","separate_mirage","trait2","auc",NA,0.76530612244898
20260817,5,500,15,3000,3000,3000,3000,"fast","control_informative",0.05,5,0.01,"","separate_mirage","pleiotropy","auc",NA,0.894141414141414
20260817,5,500,15,3000,3000,3000,3000,"fast","control_informative",0.05,5,0.01,"","separate_mirage","trait1","pp08_power",0.8,0.08
20260817,5,500,15,3000,3000,3000,3000,"fast","control_informative",0.05,5,0.01,"","separate_mirage","trait1","pp08_fdp",0.8,0.333333333333333
20260817,5,500,15,3000,3000,3000,3000,"fast","control_informative",0.05,5,0.01,"","separate_mirage","trait1","pp08_discoveries",0.8,3
20260817,5,500,15,3000,3000,3000,3000,"fast","control_informative",0.05,5,0.01,"","separate_mirage","trait2","pp08_power",0.8,0.3
20260817,5,500,15,3000,3000,3000,3000,"fast","control_informative",0.05,5,0.01,"","separate_mirage","trait2","pp08_fdp",0.8,0
20260817,5,500,15,3000,3000,3000,3000,"fast","control_informative",0.05,5,0.01,"","separate_mirage","trait2","pp08_discoveries",0.8,3
20260817,5,500,15,3000,3000,3000,3000,"fast","control_informative",0.05,5,0.01,"","separate_mirage","pleiotropy","pp08_power",0.8,0
20260817,5,500,15,3000,3000,3000,3000,"fast","control_informative",0.05,5,0.01,"","separate_mirage","pleiotropy","pp08_fdp",0.8,0
20260817,5,500,15,3000,3000,3000,3000,"fast","control_informative",0.05,5,0.01,"","separate_mirage","pleiotropy","pp08_discoveries",0.8,0
20260817,5,500,15,3000,3000,3000,3000,"fast","control_informative",0.05,5,0.01,"","separate_mirage","trait1","bfdr_observed_fdp",0.01,0
20260817,5,500,15,3000,3000,3000,3000,"fast","control_informative",0.05,5,0.01,"","separate_mirage","trait1","bfdr_estimate",0.01,2.21453166027175e-07
20260817,5,500,15,3000,3000,3000,3000,"fast","control_informative",0.05,5,0.01,"","separate_mirage","trait1","bfdr_power",0.01,0.04
20260817,5,500,15,3000,3000,3000,3000,"fast","control_informative",0.05,5,0.01,"","separate_mirage","trait1","bfdr_discoveries",0.01,1
20260817,5,500,15,3000,3000,3000,3000,"fast","control_informative",0.05,5,0.01,"","separate_mirage","trait1","bfdr_observed_fdp",0.05,0
20260817,5,500,15,3000,3000,3000,3000,"fast","control_informative",0.05,5,0.01,"","separate_mirage","trait1","bfdr_estimate",0.05,2.21453166027175e-07
20260817,5,500,15,3000,3000,3000,3000,"fast","control_informative",0.05,5,0.01,"","separate_mirage","trait1","bfdr_power",0.05,0.04
20260817,5,500,15,3000,3000,3000,3000,"fast","control_informative",0.05,5,0.01,"","separate_mirage","trait1","bfdr_discoveries",0.05,1
20260817,5,500,15,3000,3000,3000,3000,"fast","control_informative",0.05,5,0.01,"","separate_mirage","trait1","bfdr_observed_fdp",0.1,0.5
20260817,5,500,15,3000,3000,3000,3000,"fast","control_informative",0.05,5,0.01,"","separate_mirage","trait1","bfdr_estimate",0.1,0.0627858192254939
20260817,5,500,15,3000,3000,3000,3000,"fast","control_informative",0.05,5,0.01,"","separate_mirage","trait1","bfdr_power",0.1,0.04
20260817,5,500,15,3000,3000,3000,3000,"fast","control_informative",0.05,5,0.01,"","separate_mirage","trait1","bfdr_discoveries",0.1,2
20260817,5,500,15,3000,3000,3000,3000,"fast","control_informative",0.05,5,0.01,"","separate_mirage","trait1","bfdr_observed_fdp",0.2,0.5
20260817,5,500,15,3000,3000,3000,3000,"fast","control_informative",0.05,5,0.01,"","separate_mirage","trait1","bfdr_estimate",0.2,0.138658341962522
20260817,5,500,15,3000,3000,3000,3000,"fast","control_informative",0.05,5,0.01,"","separate_mirage","trait1","bfdr_power",0.2,0.08
20260817,5,500,15,3000,3000,3000,3000,"fast","control_informative",0.05,5,0.01,"","separate_mirage","trait1","bfdr_discoveries",0.2,4
20260817,5,500,15,3000,3000,3000,3000,"fast","control_informative",0.05,5,0.01,"","separate_mirage","trait2","bfdr_observed_fdp",0.01,0
20260817,5,500,15,3000,3000,3000,3000,"fast","control_informative",0.05,5,0.01,"","separate_mirage","trait2","bfdr_estimate",0.01,2.70040305628827e-05
20260817,5,500,15,3000,3000,3000,3000,"fast","control_informative",0.05,5,0.01,"","separate_mirage","trait2","bfdr_power",0.01,0.1
20260817,5,500,15,3000,3000,3000,3000,"fast","control_informative",0.05,5,0.01,"","separate_mirage","trait2","bfdr_discoveries",0.01,1
20260817,5,500,15,3000,3000,3000,3000,"fast","control_informative",0.05,5,0.01,"","separate_mirage","trait2","bfdr_observed_fdp",0.05,0
20260817,5,500,15,3000,3000,3000,3000,"fast","control_informative",0.05,5,0.01,"","separate_mirage","trait2","bfdr_estimate",0.05,0.0252358124589284
20260817,5,500,15,3000,3000,3000,3000,"fast","control_informative",0.05,5,0.01,"","separate_mirage","trait2","bfdr_power",0.05,0.2
20260817,5,500,15,3000,3000,3000,3000,"fast","control_informative",0.05,5,0.01,"","separate_mirage","trait2","bfdr_discoveries",0.05,2
20260817,5,500,15,3000,3000,3000,3000,"fast","control_informative",0.05,5,0.01,"","separate_mirage","trait2","bfdr_observed_fdp",0.1,0
20260817,5,500,15,3000,3000,3000,3000,"fast","control_informative",0.05,5,0.01,"","separate_mirage","trait2","bfdr_estimate",0.1,0.0681221921832151
20260817,5,500,15,3000,3000,3000,3000,"fast","control_informative",0.05,5,0.01,"","separate_mirage","trait2","bfdr_power",0.1,0.3
20260817,5,500,15,3000,3000,3000,3000,"fast","control_informative",0.05,5,0.01,"","separate_mirage","trait2","bfdr_discoveries",0.1,3
20260817,5,500,15,3000,3000,3000,3000,"fast","control_informative",0.05,5,0.01,"","separate_mirage","trait2","bfdr_observed_fdp",0.2,0
20260817,5,500,15,3000,3000,3000,3000,"fast","control_informative",0.05,5,0.01,"","separate_mirage","trait2","bfdr_estimate",0.2,0.0681221921832151
20260817,5,500,15,3000,3000,3000,3000,"fast","control_informative",0.05,5,0.01,"","separate_mirage","trait2","bfdr_power",0.2,0.3
20260817,5,500,15,3000,3000,3000,3000,"fast","control_informative",0.05,5,0.01,"","separate_mirage","trait2","bfdr_discoveries",0.2,3
20260817,5,500,15,3000,3000,3000,3000,"fast","control_informative",0.05,5,0.01,"","separate_mirage","pleiotropy","bfdr_observed_fdp",0.01,0
20260817,5,500,15,3000,3000,3000,3000,"fast","control_informative",0.05,5,0.01,"","separate_mirage","pleiotropy","bfdr_estimate",0.01,0
20260817,5,500,15,3000,3000,3000,3000,"fast","control_informative",0.05,5,0.01,"","separate_mirage","pleiotropy","bfdr_power",0.01,0
20260817,5,500,15,3000,3000,3000,3000,"fast","control_informative",0.05,5,0.01,"","separate_mirage","pleiotropy","bfdr_discoveries",0.01,0
20260817,5,500,15,3000,3000,3000,3000,"fast","control_informative",0.05,5,0.01,"","separate_mirage","pleiotropy","bfdr_observed_fdp",0.05,0
20260817,5,500,15,3000,3000,3000,3000,"fast","control_informative",0.05,5,0.01,"","separate_mirage","pleiotropy","bfdr_estimate",0.05,0
20260817,5,500,15,3000,3000,3000,3000,"fast","control_informative",0.05,5,0.01,"","separate_mirage","pleiotropy","bfdr_power",0.05,0
20260817,5,500,15,3000,3000,3000,3000,"fast","control_informative",0.05,5,0.01,"","separate_mirage","pleiotropy","bfdr_discoveries",0.05,0
20260817,5,500,15,3000,3000,3000,3000,"fast","control_informative",0.05,5,0.01,"","separate_mirage","pleiotropy","bfdr_observed_fdp",0.1,0
20260817,5,500,15,3000,3000,3000,3000,"fast","control_informative",0.05,5,0.01,"","separate_mirage","pleiotropy","bfdr_estimate",0.1,0
20260817,5,500,15,3000,3000,3000,3000,"fast","control_informative",0.05,5,0.01,"","separate_mirage","pleiotropy","bfdr_power",0.1,0
20260817,5,500,15,3000,3000,3000,3000,"fast","control_informative",0.05,5,0.01,"","separate_mirage","pleiotropy","bfdr_discoveries",0.1,0
20260817,5,500,15,3000,3000,3000,3000,"fast","control_informative",0.05,5,0.01,"","separate_mirage","pleiotropy","bfdr_observed_fdp",0.2,0
20260817,5,500,15,3000,3000,3000,3000,"fast","control_informative",0.05,5,0.01,"","separate_mirage","pleiotropy","bfdr_estimate",0.2,0
20260817,5,500,15,3000,3000,3000,3000,"fast","control_informative",0.05,5,0.01,"","separate_mirage","pleiotropy","bfdr_power",0.2,0
20260817,5,500,15,3000,3000,3000,3000,"fast","control_informative",0.05,5,0.01,"","separate_mirage","pleiotropy","bfdr_discoveries",0.2,0
20260817,5,500,15,3000,3000,3000,3000,"fast","control_informative",0.05,5,0.01,"","separate_mirage","global","runtime_seconds",NA,18.012
20260817,5,500,15,3000,3000,3000,3000,"fast","control_informative",0.05,5,0.01,"","separate_mirage","pleiotropy","pi11_estimate",NA,0.001
20260817,5,500,15,3000,3000,3000,3000,"fast","control_informative",0.05,5,0.01,"","mtada_aggregated","trait1","auc",NA,0.62858947368421
20260817,5,500,15,3000,3000,3000,3000,"fast","control_informative",0.05,5,0.01,"","mtada_aggregated","trait2","auc",NA,0.553061224489796
20260817,5,500,15,3000,3000,3000,3000,"fast","control_informative",0.05,5,0.01,"","mtada_aggregated","pleiotropy","auc",NA,0.677575757575758
20260817,5,500,15,3000,3000,3000,3000,"fast","control_informative",0.05,5,0.01,"","mtada_aggregated","trait1","pp08_power",0.8,0.2
20260817,5,500,15,3000,3000,3000,3000,"fast","control_informative",0.05,5,0.01,"","mtada_aggregated","trait1","pp08_fdp",0.8,0.871794871794872
20260817,5,500,15,3000,3000,3000,3000,"fast","control_informative",0.05,5,0.01,"","mtada_aggregated","trait1","pp08_discoveries",0.8,39
20260817,5,500,15,3000,3000,3000,3000,"fast","control_informative",0.05,5,0.01,"","mtada_aggregated","trait2","pp08_power",0.8,0.3
20260817,5,500,15,3000,3000,3000,3000,"fast","control_informative",0.05,5,0.01,"","mtada_aggregated","trait2","pp08_fdp",0.8,0.914285714285714
20260817,5,500,15,3000,3000,3000,3000,"fast","control_informative",0.05,5,0.01,"","mtada_aggregated","trait2","pp08_discoveries",0.8,35
20260817,5,500,15,3000,3000,3000,3000,"fast","control_informative",0.05,5,0.01,"","mtada_aggregated","pleiotropy","pp08_power",0.8,0.2
20260817,5,500,15,3000,3000,3000,3000,"fast","control_informative",0.05,5,0.01,"","mtada_aggregated","pleiotropy","pp08_fdp",0.8,0.8
20260817,5,500,15,3000,3000,3000,3000,"fast","control_informative",0.05,5,0.01,"","mtada_aggregated","pleiotropy","pp08_discoveries",0.8,5
20260817,5,500,15,3000,3000,3000,3000,"fast","control_informative",0.05,5,0.01,"","mtada_aggregated","trait1","bfdr_observed_fdp",0.01,0.868421052631579
20260817,5,500,15,3000,3000,3000,3000,"fast","control_informative",0.05,5,0.01,"","mtada_aggregated","trait1","bfdr_estimate",0.01,0.00891640165966816
20260817,5,500,15,3000,3000,3000,3000,"fast","control_informative",0.05,5,0.01,"","mtada_aggregated","trait1","bfdr_power",0.01,0.2
20260817,5,500,15,3000,3000,3000,3000,"fast","control_informative",0.05,5,0.01,"","mtada_aggregated","trait1","bfdr_discoveries",0.01,38
20260817,5,500,15,3000,3000,3000,3000,"fast","control_informative",0.05,5,0.01,"","mtada_aggregated","trait1","bfdr_observed_fdp",0.05,0.891304347826087
20260817,5,500,15,3000,3000,3000,3000,"fast","control_informative",0.05,5,0.01,"","mtada_aggregated","trait1","bfdr_estimate",0.05,0.0482181381899813
20260817,5,500,15,3000,3000,3000,3000,"fast","control_informative",0.05,5,0.01,"","mtada_aggregated","trait1","bfdr_power",0.05,0.2
20260817,5,500,15,3000,3000,3000,3000,"fast","control_informative",0.05,5,0.01,"","mtada_aggregated","trait1","bfdr_discoveries",0.05,46
20260817,5,500,15,3000,3000,3000,3000,"fast","control_informative",0.05,5,0.01,"","mtada_aggregated","trait1","bfdr_observed_fdp",0.1,0.884615384615385
20260817,5,500,15,3000,3000,3000,3000,"fast","control_informative",0.05,5,0.01,"","mtada_aggregated","trait1","bfdr_estimate",0.1,0.0935928676880481
20260817,5,500,15,3000,3000,3000,3000,"fast","control_informative",0.05,5,0.01,"","mtada_aggregated","trait1","bfdr_power",0.1,0.24
20260817,5,500,15,3000,3000,3000,3000,"fast","control_informative",0.05,5,0.01,"","mtada_aggregated","trait1","bfdr_discoveries",0.1,52
20260817,5,500,15,3000,3000,3000,3000,"fast","control_informative",0.05,5,0.01,"","mtada_aggregated","trait1","bfdr_observed_fdp",0.2,0.90625
20260817,5,500,15,3000,3000,3000,3000,"fast","control_informative",0.05,5,0.01,"","mtada_aggregated","trait1","bfdr_estimate",0.2,0.194932292145222
20260817,5,500,15,3000,3000,3000,3000,"fast","control_informative",0.05,5,0.01,"","mtada_aggregated","trait1","bfdr_power",0.2,0.24
20260817,5,500,15,3000,3000,3000,3000,"fast","control_informative",0.05,5,0.01,"","mtada_aggregated","trait1","bfdr_discoveries",0.2,64
20260817,5,500,15,3000,3000,3000,3000,"fast","control_informative",0.05,5,0.01,"","mtada_aggregated","trait2","bfdr_observed_fdp",0.01,0.90625
20260817,5,500,15,3000,3000,3000,3000,"fast","control_informative",0.05,5,0.01,"","mtada_aggregated","trait2","bfdr_estimate",0.01,0.00827022213450802
20260817,5,500,15,3000,3000,3000,3000,"fast","control_informative",0.05,5,0.01,"","mtada_aggregated","trait2","bfdr_power",0.01,0.3
20260817,5,500,15,3000,3000,3000,3000,"fast","control_informative",0.05,5,0.01,"","mtada_aggregated","trait2","bfdr_discoveries",0.01,32
20260817,5,500,15,3000,3000,3000,3000,"fast","control_informative",0.05,5,0.01,"","mtada_aggregated","trait2","bfdr_observed_fdp",0.05,0.921052631578947
20260817,5,500,15,3000,3000,3000,3000,"fast","control_informative",0.05,5,0.01,"","mtada_aggregated","trait2","bfdr_estimate",0.05,0.04726701597242
20260817,5,500,15,3000,3000,3000,3000,"fast","control_informative",0.05,5,0.01,"","mtada_aggregated","trait2","bfdr_power",0.05,0.3
20260817,5,500,15,3000,3000,3000,3000,"fast","control_informative",0.05,5,0.01,"","mtada_aggregated","trait2","bfdr_discoveries",0.05,38
20260817,5,500,15,3000,3000,3000,3000,"fast","control_informative",0.05,5,0.01,"","mtada_aggregated","trait2","bfdr_observed_fdp",0.1,0.930232558139535
20260817,5,500,15,3000,3000,3000,3000,"fast","control_informative",0.05,5,0.01,"","mtada_aggregated","trait2","bfdr_estimate",0.1,0.09782070800063
20260817,5,500,15,3000,3000,3000,3000,"fast","control_informative",0.05,5,0.01,"","mtada_aggregated","trait2","bfdr_power",0.1,0.3
20260817,5,500,15,3000,3000,3000,3000,"fast","control_informative",0.05,5,0.01,"","mtada_aggregated","trait2","bfdr_discoveries",0.1,43
20260817,5,500,15,3000,3000,3000,3000,"fast","control_informative",0.05,5,0.01,"","mtada_aggregated","trait2","bfdr_observed_fdp",0.2,0.942307692307692
20260817,5,500,15,3000,3000,3000,3000,"fast","control_informative",0.05,5,0.01,"","mtada_aggregated","trait2","bfdr_estimate",0.2,0.199543930323534
20260817,5,500,15,3000,3000,3000,3000,"fast","control_informative",0.05,5,0.01,"","mtada_aggregated","trait2","bfdr_power",0.2,0.3
20260817,5,500,15,3000,3000,3000,3000,"fast","control_informative",0.05,5,0.01,"","mtada_aggregated","trait2","bfdr_discoveries",0.2,52
20260817,5,500,15,3000,3000,3000,3000,"fast","control_informative",0.05,5,0.01,"","mtada_aggregated","pleiotropy","bfdr_observed_fdp",0.01,0.75
20260817,5,500,15,3000,3000,3000,3000,"fast","control_informative",0.05,5,0.01,"","mtada_aggregated","pleiotropy","bfdr_estimate",0.01,0.00479742071659289
20260817,5,500,15,3000,3000,3000,3000,"fast","control_informative",0.05,5,0.01,"","mtada_aggregated","pleiotropy","bfdr_power",0.01,0.2
20260817,5,500,15,3000,3000,3000,3000,"fast","control_informative",0.05,5,0.01,"","mtada_aggregated","pleiotropy","bfdr_discoveries",0.01,4
20260817,5,500,15,3000,3000,3000,3000,"fast","control_informative",0.05,5,0.01,"","mtada_aggregated","pleiotropy","bfdr_observed_fdp",0.05,0.8
20260817,5,500,15,3000,3000,3000,3000,"fast","control_informative",0.05,5,0.01,"","mtada_aggregated","pleiotropy","bfdr_estimate",0.05,0.0294652350169571
20260817,5,500,15,3000,3000,3000,3000,"fast","control_informative",0.05,5,0.01,"","mtada_aggregated","pleiotropy","bfdr_power",0.05,0.2
20260817,5,500,15,3000,3000,3000,3000,"fast","control_informative",0.05,5,0.01,"","mtada_aggregated","pleiotropy","bfdr_discoveries",0.05,5
20260817,5,500,15,3000,3000,3000,3000,"fast","control_informative",0.05,5,0.01,"","mtada_aggregated","pleiotropy","bfdr_observed_fdp",0.1,0.833333333333333
20260817,5,500,15,3000,3000,3000,3000,"fast","control_informative",0.05,5,0.01,"","mtada_aggregated","pleiotropy","bfdr_estimate",0.1,0.075548805377065
20260817,5,500,15,3000,3000,3000,3000,"fast","control_informative",0.05,5,0.01,"","mtada_aggregated","pleiotropy","bfdr_power",0.1,0.2
20260817,5,500,15,3000,3000,3000,3000,"fast","control_informative",0.05,5,0.01,"","mtada_aggregated","pleiotropy","bfdr_discoveries",0.1,6
20260817,5,500,15,3000,3000,3000,3000,"fast","control_informative",0.05,5,0.01,"","mtada_aggregated","pleiotropy","bfdr_observed_fdp",0.2,0.888888888888889
20260817,5,500,15,3000,3000,3000,3000,"fast","control_informative",0.05,5,0.01,"","mtada_aggregated","pleiotropy","bfdr_estimate",0.2,0.186838497331461
20260817,5,500,15,3000,3000,3000,3000,"fast","control_informative",0.05,5,0.01,"","mtada_aggregated","pleiotropy","bfdr_power",0.2,0.2
20260817,5,500,15,3000,3000,3000,3000,"fast","control_informative",0.05,5,0.01,"","mtada_aggregated","pleiotropy","bfdr_discoveries",0.2,9
20260817,5,500,15,3000,3000,3000,3000,"fast","control_informative",0.05,5,0.01,"","mtada_aggregated","global","runtime_seconds",NA,0.704999999999984
20260817,5,500,15,3000,3000,3000,3000,"fast","control_informative",0.05,5,0.01,"","mtada_aggregated","pleiotropy","pi11_estimate",NA,0.00441788
20260818,6,500,15,3000,3000,3000,3000,"fast","control_informative",0.05,5,0.01,"","mirage_joint","trait1","auc",NA,0.726484210526316
20260818,6,500,15,3000,3000,3000,3000,"fast","control_informative",0.05,5,0.01,"","mirage_joint","trait2","auc",NA,0.805918367346939
20260818,6,500,15,3000,3000,3000,3000,"fast","control_informative",0.05,5,0.01,"","mirage_joint","pleiotropy","auc",NA,0.772121212121212
20260818,6,500,15,3000,3000,3000,3000,"fast","control_informative",0.05,5,0.01,"","mirage_joint","trait1","pp08_power",0.8,0.2
20260818,6,500,15,3000,3000,3000,3000,"fast","control_informative",0.05,5,0.01,"","mirage_joint","trait1","pp08_fdp",0.8,0.166666666666667
20260818,6,500,15,3000,3000,3000,3000,"fast","control_informative",0.05,5,0.01,"","mirage_joint","trait1","pp08_discoveries",0.8,6
20260818,6,500,15,3000,3000,3000,3000,"fast","control_informative",0.05,5,0.01,"","mirage_joint","trait2","pp08_power",0.8,0
20260818,6,500,15,3000,3000,3000,3000,"fast","control_informative",0.05,5,0.01,"","mirage_joint","trait2","pp08_fdp",0.8,0
20260818,6,500,15,3000,3000,3000,3000,"fast","control_informative",0.05,5,0.01,"","mirage_joint","trait2","pp08_discoveries",0.8,0
20260818,6,500,15,3000,3000,3000,3000,"fast","control_informative",0.05,5,0.01,"","mirage_joint","pleiotropy","pp08_power",0.8,0
20260818,6,500,15,3000,3000,3000,3000,"fast","control_informative",0.05,5,0.01,"","mirage_joint","pleiotropy","pp08_fdp",0.8,0
20260818,6,500,15,3000,3000,3000,3000,"fast","control_informative",0.05,5,0.01,"","mirage_joint","pleiotropy","pp08_discoveries",0.8,0
20260818,6,500,15,3000,3000,3000,3000,"fast","control_informative",0.05,5,0.01,"","mirage_joint","trait1","bfdr_observed_fdp",0.01,0
20260818,6,500,15,3000,3000,3000,3000,"fast","control_informative",0.05,5,0.01,"","mirage_joint","trait1","bfdr_estimate",0.01,0.00557279432651805
20260818,6,500,15,3000,3000,3000,3000,"fast","control_informative",0.05,5,0.01,"","mirage_joint","trait1","bfdr_power",0.01,0.16
20260818,6,500,15,3000,3000,3000,3000,"fast","control_informative",0.05,5,0.01,"","mirage_joint","trait1","bfdr_discoveries",0.01,4
20260818,6,500,15,3000,3000,3000,3000,"fast","control_informative",0.05,5,0.01,"","mirage_joint","trait1","bfdr_observed_fdp",0.05,0.166666666666667
20260818,6,500,15,3000,3000,3000,3000,"fast","control_informative",0.05,5,0.01,"","mirage_joint","trait1","bfdr_estimate",0.05,0.0434932810361237
20260818,6,500,15,3000,3000,3000,3000,"fast","control_informative",0.05,5,0.01,"","mirage_joint","trait1","bfdr_power",0.05,0.2
20260818,6,500,15,3000,3000,3000,3000,"fast","control_informative",0.05,5,0.01,"","mirage_joint","trait1","bfdr_discoveries",0.05,6
20260818,6,500,15,3000,3000,3000,3000,"fast","control_informative",0.05,5,0.01,"","mirage_joint","trait1","bfdr_observed_fdp",0.1,0.375
20260818,6,500,15,3000,3000,3000,3000,"fast","control_informative",0.05,5,0.01,"","mirage_joint","trait1","bfdr_estimate",0.1,0.0939596445476219
20260818,6,500,15,3000,3000,3000,3000,"fast","control_informative",0.05,5,0.01,"","mirage_joint","trait1","bfdr_power",0.1,0.2
20260818,6,500,15,3000,3000,3000,3000,"fast","control_informative",0.05,5,0.01,"","mirage_joint","trait1","bfdr_discoveries",0.1,8
20260818,6,500,15,3000,3000,3000,3000,"fast","control_informative",0.05,5,0.01,"","mirage_joint","trait1","bfdr_observed_fdp",0.2,0.5
20260818,6,500,15,3000,3000,3000,3000,"fast","control_informative",0.05,5,0.01,"","mirage_joint","trait1","bfdr_estimate",0.2,0.184522182976981
20260818,6,500,15,3000,3000,3000,3000,"fast","control_informative",0.05,5,0.01,"","mirage_joint","trait1","bfdr_power",0.2,0.24
20260818,6,500,15,3000,3000,3000,3000,"fast","control_informative",0.05,5,0.01,"","mirage_joint","trait1","bfdr_discoveries",0.2,12
20260818,6,500,15,3000,3000,3000,3000,"fast","control_informative",0.05,5,0.01,"","mirage_joint","trait2","bfdr_observed_fdp",0.01,0
20260818,6,500,15,3000,3000,3000,3000,"fast","control_informative",0.05,5,0.01,"","mirage_joint","trait2","bfdr_estimate",0.01,0
20260818,6,500,15,3000,3000,3000,3000,"fast","control_informative",0.05,5,0.01,"","mirage_joint","trait2","bfdr_power",0.01,0
20260818,6,500,15,3000,3000,3000,3000,"fast","control_informative",0.05,5,0.01,"","mirage_joint","trait2","bfdr_discoveries",0.01,0
20260818,6,500,15,3000,3000,3000,3000,"fast","control_informative",0.05,5,0.01,"","mirage_joint","trait2","bfdr_observed_fdp",0.05,0
20260818,6,500,15,3000,3000,3000,3000,"fast","control_informative",0.05,5,0.01,"","mirage_joint","trait2","bfdr_estimate",0.05,0
20260818,6,500,15,3000,3000,3000,3000,"fast","control_informative",0.05,5,0.01,"","mirage_joint","trait2","bfdr_power",0.05,0
20260818,6,500,15,3000,3000,3000,3000,"fast","control_informative",0.05,5,0.01,"","mirage_joint","trait2","bfdr_discoveries",0.05,0
20260818,6,500,15,3000,3000,3000,3000,"fast","control_informative",0.05,5,0.01,"","mirage_joint","trait2","bfdr_observed_fdp",0.1,0
20260818,6,500,15,3000,3000,3000,3000,"fast","control_informative",0.05,5,0.01,"","mirage_joint","trait2","bfdr_estimate",0.1,0
20260818,6,500,15,3000,3000,3000,3000,"fast","control_informative",0.05,5,0.01,"","mirage_joint","trait2","bfdr_power",0.1,0
20260818,6,500,15,3000,3000,3000,3000,"fast","control_informative",0.05,5,0.01,"","mirage_joint","trait2","bfdr_discoveries",0.1,0
20260818,6,500,15,3000,3000,3000,3000,"fast","control_informative",0.05,5,0.01,"","mirage_joint","trait2","bfdr_observed_fdp",0.2,0
20260818,6,500,15,3000,3000,3000,3000,"fast","control_informative",0.05,5,0.01,"","mirage_joint","trait2","bfdr_estimate",0.2,0
20260818,6,500,15,3000,3000,3000,3000,"fast","control_informative",0.05,5,0.01,"","mirage_joint","trait2","bfdr_power",0.2,0
20260818,6,500,15,3000,3000,3000,3000,"fast","control_informative",0.05,5,0.01,"","mirage_joint","trait2","bfdr_discoveries",0.2,0
20260818,6,500,15,3000,3000,3000,3000,"fast","control_informative",0.05,5,0.01,"","mirage_joint","pleiotropy","bfdr_observed_fdp",0.01,0
20260818,6,500,15,3000,3000,3000,3000,"fast","control_informative",0.05,5,0.01,"","mirage_joint","pleiotropy","bfdr_estimate",0.01,0
20260818,6,500,15,3000,3000,3000,3000,"fast","control_informative",0.05,5,0.01,"","mirage_joint","pleiotropy","bfdr_power",0.01,0
20260818,6,500,15,3000,3000,3000,3000,"fast","control_informative",0.05,5,0.01,"","mirage_joint","pleiotropy","bfdr_discoveries",0.01,0
20260818,6,500,15,3000,3000,3000,3000,"fast","control_informative",0.05,5,0.01,"","mirage_joint","pleiotropy","bfdr_observed_fdp",0.05,0
20260818,6,500,15,3000,3000,3000,3000,"fast","control_informative",0.05,5,0.01,"","mirage_joint","pleiotropy","bfdr_estimate",0.05,0
20260818,6,500,15,3000,3000,3000,3000,"fast","control_informative",0.05,5,0.01,"","mirage_joint","pleiotropy","bfdr_power",0.05,0
20260818,6,500,15,3000,3000,3000,3000,"fast","control_informative",0.05,5,0.01,"","mirage_joint","pleiotropy","bfdr_discoveries",0.05,0
20260818,6,500,15,3000,3000,3000,3000,"fast","control_informative",0.05,5,0.01,"","mirage_joint","pleiotropy","bfdr_observed_fdp",0.1,0
20260818,6,500,15,3000,3000,3000,3000,"fast","control_informative",0.05,5,0.01,"","mirage_joint","pleiotropy","bfdr_estimate",0.1,0
20260818,6,500,15,3000,3000,3000,3000,"fast","control_informative",0.05,5,0.01,"","mirage_joint","pleiotropy","bfdr_power",0.1,0
20260818,6,500,15,3000,3000,3000,3000,"fast","control_informative",0.05,5,0.01,"","mirage_joint","pleiotropy","bfdr_discoveries",0.1,0
20260818,6,500,15,3000,3000,3000,3000,"fast","control_informative",0.05,5,0.01,"","mirage_joint","pleiotropy","bfdr_observed_fdp",0.2,0
20260818,6,500,15,3000,3000,3000,3000,"fast","control_informative",0.05,5,0.01,"","mirage_joint","pleiotropy","bfdr_estimate",0.2,0
20260818,6,500,15,3000,3000,3000,3000,"fast","control_informative",0.05,5,0.01,"","mirage_joint","pleiotropy","bfdr_power",0.2,0
20260818,6,500,15,3000,3000,3000,3000,"fast","control_informative",0.05,5,0.01,"","mirage_joint","pleiotropy","bfdr_discoveries",0.2,0
20260818,6,500,15,3000,3000,3000,3000,"fast","control_informative",0.05,5,0.01,"","mirage_joint","global","runtime_seconds",NA,18.02
20260818,6,500,15,3000,3000,3000,3000,"fast","control_informative",0.05,5,0.01,"","mirage_joint","pleiotropy","pi11_estimate",NA,0.033486114809379
20260818,6,500,15,3000,3000,3000,3000,"fast","control_informative",0.05,5,0.01,"","separate_mirage","trait1","auc",NA,0.745768421052632
20260818,6,500,15,3000,3000,3000,3000,"fast","control_informative",0.05,5,0.01,"","separate_mirage","trait2","auc",NA,0.728775510204082
20260818,6,500,15,3000,3000,3000,3000,"fast","control_informative",0.05,5,0.01,"","separate_mirage","pleiotropy","auc",NA,0.782222222222222
20260818,6,500,15,3000,3000,3000,3000,"fast","control_informative",0.05,5,0.01,"","separate_mirage","trait1","pp08_power",0.8,0.16
20260818,6,500,15,3000,3000,3000,3000,"fast","control_informative",0.05,5,0.01,"","separate_mirage","trait1","pp08_fdp",0.8,0.2
20260818,6,500,15,3000,3000,3000,3000,"fast","control_informative",0.05,5,0.01,"","separate_mirage","trait1","pp08_discoveries",0.8,5
20260818,6,500,15,3000,3000,3000,3000,"fast","control_informative",0.05,5,0.01,"","separate_mirage","trait2","pp08_power",0.8,0
20260818,6,500,15,3000,3000,3000,3000,"fast","control_informative",0.05,5,0.01,"","separate_mirage","trait2","pp08_fdp",0.8,0
20260818,6,500,15,3000,3000,3000,3000,"fast","control_informative",0.05,5,0.01,"","separate_mirage","trait2","pp08_discoveries",0.8,0
20260818,6,500,15,3000,3000,3000,3000,"fast","control_informative",0.05,5,0.01,"","separate_mirage","pleiotropy","pp08_power",0.8,0
20260818,6,500,15,3000,3000,3000,3000,"fast","control_informative",0.05,5,0.01,"","separate_mirage","pleiotropy","pp08_fdp",0.8,0
20260818,6,500,15,3000,3000,3000,3000,"fast","control_informative",0.05,5,0.01,"","separate_mirage","pleiotropy","pp08_discoveries",0.8,0
20260818,6,500,15,3000,3000,3000,3000,"fast","control_informative",0.05,5,0.01,"","separate_mirage","trait1","bfdr_observed_fdp",0.01,0
20260818,6,500,15,3000,3000,3000,3000,"fast","control_informative",0.05,5,0.01,"","separate_mirage","trait1","bfdr_estimate",0.01,0.00546363773490347
20260818,6,500,15,3000,3000,3000,3000,"fast","control_informative",0.05,5,0.01,"","separate_mirage","trait1","bfdr_power",0.01,0.12
20260818,6,500,15,3000,3000,3000,3000,"fast","control_informative",0.05,5,0.01,"","separate_mirage","trait1","bfdr_discoveries",0.01,3
20260818,6,500,15,3000,3000,3000,3000,"fast","control_informative",0.05,5,0.01,"","separate_mirage","trait1","bfdr_observed_fdp",0.05,0
20260818,6,500,15,3000,3000,3000,3000,"fast","control_informative",0.05,5,0.01,"","separate_mirage","trait1","bfdr_estimate",0.05,0.018105172115367
20260818,6,500,15,3000,3000,3000,3000,"fast","control_informative",0.05,5,0.01,"","separate_mirage","trait1","bfdr_power",0.05,0.16
20260818,6,500,15,3000,3000,3000,3000,"fast","control_informative",0.05,5,0.01,"","separate_mirage","trait1","bfdr_discoveries",0.05,4
20260818,6,500,15,3000,3000,3000,3000,"fast","control_informative",0.05,5,0.01,"","separate_mirage","trait1","bfdr_observed_fdp",0.1,0.166666666666667
20260818,6,500,15,3000,3000,3000,3000,"fast","control_informative",0.05,5,0.01,"","separate_mirage","trait1","bfdr_estimate",0.1,0.0880592562566642
20260818,6,500,15,3000,3000,3000,3000,"fast","control_informative",0.05,5,0.01,"","separate_mirage","trait1","bfdr_power",0.1,0.2
20260818,6,500,15,3000,3000,3000,3000,"fast","control_informative",0.05,5,0.01,"","separate_mirage","trait1","bfdr_discoveries",0.1,6
20260818,6,500,15,3000,3000,3000,3000,"fast","control_informative",0.05,5,0.01,"","separate_mirage","trait1","bfdr_observed_fdp",0.2,0.375
20260818,6,500,15,3000,3000,3000,3000,"fast","control_informative",0.05,5,0.01,"","separate_mirage","trait1","bfdr_estimate",0.2,0.170036402408462
20260818,6,500,15,3000,3000,3000,3000,"fast","control_informative",0.05,5,0.01,"","separate_mirage","trait1","bfdr_power",0.2,0.2
20260818,6,500,15,3000,3000,3000,3000,"fast","control_informative",0.05,5,0.01,"","separate_mirage","trait1","bfdr_discoveries",0.2,8
20260818,6,500,15,3000,3000,3000,3000,"fast","control_informative",0.05,5,0.01,"","separate_mirage","trait2","bfdr_observed_fdp",0.01,0
20260818,6,500,15,3000,3000,3000,3000,"fast","control_informative",0.05,5,0.01,"","separate_mirage","trait2","bfdr_estimate",0.01,0
20260818,6,500,15,3000,3000,3000,3000,"fast","control_informative",0.05,5,0.01,"","separate_mirage","trait2","bfdr_power",0.01,0
20260818,6,500,15,3000,3000,3000,3000,"fast","control_informative",0.05,5,0.01,"","separate_mirage","trait2","bfdr_discoveries",0.01,0
20260818,6,500,15,3000,3000,3000,3000,"fast","control_informative",0.05,5,0.01,"","separate_mirage","trait2","bfdr_observed_fdp",0.05,0
20260818,6,500,15,3000,3000,3000,3000,"fast","control_informative",0.05,5,0.01,"","separate_mirage","trait2","bfdr_estimate",0.05,0
20260818,6,500,15,3000,3000,3000,3000,"fast","control_informative",0.05,5,0.01,"","separate_mirage","trait2","bfdr_power",0.05,0
20260818,6,500,15,3000,3000,3000,3000,"fast","control_informative",0.05,5,0.01,"","separate_mirage","trait2","bfdr_discoveries",0.05,0
20260818,6,500,15,3000,3000,3000,3000,"fast","control_informative",0.05,5,0.01,"","separate_mirage","trait2","bfdr_observed_fdp",0.1,0
20260818,6,500,15,3000,3000,3000,3000,"fast","control_informative",0.05,5,0.01,"","separate_mirage","trait2","bfdr_estimate",0.1,0
20260818,6,500,15,3000,3000,3000,3000,"fast","control_informative",0.05,5,0.01,"","separate_mirage","trait2","bfdr_power",0.1,0
20260818,6,500,15,3000,3000,3000,3000,"fast","control_informative",0.05,5,0.01,"","separate_mirage","trait2","bfdr_discoveries",0.1,0
20260818,6,500,15,3000,3000,3000,3000,"fast","control_informative",0.05,5,0.01,"","separate_mirage","trait2","bfdr_observed_fdp",0.2,0
20260818,6,500,15,3000,3000,3000,3000,"fast","control_informative",0.05,5,0.01,"","separate_mirage","trait2","bfdr_estimate",0.2,0
20260818,6,500,15,3000,3000,3000,3000,"fast","control_informative",0.05,5,0.01,"","separate_mirage","trait2","bfdr_power",0.2,0
20260818,6,500,15,3000,3000,3000,3000,"fast","control_informative",0.05,5,0.01,"","separate_mirage","trait2","bfdr_discoveries",0.2,0
20260818,6,500,15,3000,3000,3000,3000,"fast","control_informative",0.05,5,0.01,"","separate_mirage","pleiotropy","bfdr_observed_fdp",0.01,0
20260818,6,500,15,3000,3000,3000,3000,"fast","control_informative",0.05,5,0.01,"","separate_mirage","pleiotropy","bfdr_estimate",0.01,0
20260818,6,500,15,3000,3000,3000,3000,"fast","control_informative",0.05,5,0.01,"","separate_mirage","pleiotropy","bfdr_power",0.01,0
20260818,6,500,15,3000,3000,3000,3000,"fast","control_informative",0.05,5,0.01,"","separate_mirage","pleiotropy","bfdr_discoveries",0.01,0
20260818,6,500,15,3000,3000,3000,3000,"fast","control_informative",0.05,5,0.01,"","separate_mirage","pleiotropy","bfdr_observed_fdp",0.05,0
20260818,6,500,15,3000,3000,3000,3000,"fast","control_informative",0.05,5,0.01,"","separate_mirage","pleiotropy","bfdr_estimate",0.05,0
20260818,6,500,15,3000,3000,3000,3000,"fast","control_informative",0.05,5,0.01,"","separate_mirage","pleiotropy","bfdr_power",0.05,0
20260818,6,500,15,3000,3000,3000,3000,"fast","control_informative",0.05,5,0.01,"","separate_mirage","pleiotropy","bfdr_discoveries",0.05,0
20260818,6,500,15,3000,3000,3000,3000,"fast","control_informative",0.05,5,0.01,"","separate_mirage","pleiotropy","bfdr_observed_fdp",0.1,0
20260818,6,500,15,3000,3000,3000,3000,"fast","control_informative",0.05,5,0.01,"","separate_mirage","pleiotropy","bfdr_estimate",0.1,0
20260818,6,500,15,3000,3000,3000,3000,"fast","control_informative",0.05,5,0.01,"","separate_mirage","pleiotropy","bfdr_power",0.1,0
20260818,6,500,15,3000,3000,3000,3000,"fast","control_informative",0.05,5,0.01,"","separate_mirage","pleiotropy","bfdr_discoveries",0.1,0
20260818,6,500,15,3000,3000,3000,3000,"fast","control_informative",0.05,5,0.01,"","separate_mirage","pleiotropy","bfdr_observed_fdp",0.2,0
20260818,6,500,15,3000,3000,3000,3000,"fast","control_informative",0.05,5,0.01,"","separate_mirage","pleiotropy","bfdr_estimate",0.2,0
20260818,6,500,15,3000,3000,3000,3000,"fast","control_informative",0.05,5,0.01,"","separate_mirage","pleiotropy","bfdr_power",0.2,0
20260818,6,500,15,3000,3000,3000,3000,"fast","control_informative",0.05,5,0.01,"","separate_mirage","pleiotropy","bfdr_discoveries",0.2,0
20260818,6,500,15,3000,3000,3000,3000,"fast","control_informative",0.05,5,0.01,"","separate_mirage","global","runtime_seconds",NA,17.967
20260818,6,500,15,3000,3000,3000,3000,"fast","control_informative",0.05,5,0.01,"","separate_mirage","pleiotropy","pi11_estimate",NA,0.001
20260818,6,500,15,3000,3000,3000,3000,"fast","control_informative",0.05,5,0.01,"","mtada_aggregated","trait1","auc",NA,0.702652631578947
20260818,6,500,15,3000,3000,3000,3000,"fast","control_informative",0.05,5,0.01,"","mtada_aggregated","trait2","auc",NA,0.631224489795918
20260818,6,500,15,3000,3000,3000,3000,"fast","control_informative",0.05,5,0.01,"","mtada_aggregated","pleiotropy","auc",NA,0.635555555555556
20260818,6,500,15,3000,3000,3000,3000,"fast","control_informative",0.05,5,0.01,"","mtada_aggregated","trait1","pp08_power",0.8,0.32
20260818,6,500,15,3000,3000,3000,3000,"fast","control_informative",0.05,5,0.01,"","mtada_aggregated","trait1","pp08_fdp",0.8,0.80952380952381
20260818,6,500,15,3000,3000,3000,3000,"fast","control_informative",0.05,5,0.01,"","mtada_aggregated","trait1","pp08_discoveries",0.8,42
20260818,6,500,15,3000,3000,3000,3000,"fast","control_informative",0.05,5,0.01,"","mtada_aggregated","trait2","pp08_power",0.8,0.2
20260818,6,500,15,3000,3000,3000,3000,"fast","control_informative",0.05,5,0.01,"","mtada_aggregated","trait2","pp08_fdp",0.8,0.959183673469388
20260818,6,500,15,3000,3000,3000,3000,"fast","control_informative",0.05,5,0.01,"","mtada_aggregated","trait2","pp08_discoveries",0.8,49
20260818,6,500,15,3000,3000,3000,3000,"fast","control_informative",0.05,5,0.01,"","mtada_aggregated","pleiotropy","pp08_power",0.8,0
20260818,6,500,15,3000,3000,3000,3000,"fast","control_informative",0.05,5,0.01,"","mtada_aggregated","pleiotropy","pp08_fdp",0.8,1
20260818,6,500,15,3000,3000,3000,3000,"fast","control_informative",0.05,5,0.01,"","mtada_aggregated","pleiotropy","pp08_discoveries",0.8,8
20260818,6,500,15,3000,3000,3000,3000,"fast","control_informative",0.05,5,0.01,"","mtada_aggregated","trait1","bfdr_observed_fdp",0.01,0.794871794871795
20260818,6,500,15,3000,3000,3000,3000,"fast","control_informative",0.05,5,0.01,"","mtada_aggregated","trait1","bfdr_estimate",0.01,0.00888371096456606
20260818,6,500,15,3000,3000,3000,3000,"fast","control_informative",0.05,5,0.01,"","mtada_aggregated","trait1","bfdr_power",0.01,0.32
20260818,6,500,15,3000,3000,3000,3000,"fast","control_informative",0.05,5,0.01,"","mtada_aggregated","trait1","bfdr_discoveries",0.01,39
20260818,6,500,15,3000,3000,3000,3000,"fast","control_informative",0.05,5,0.01,"","mtada_aggregated","trait1","bfdr_observed_fdp",0.05,0.826086956521739
20260818,6,500,15,3000,3000,3000,3000,"fast","control_informative",0.05,5,0.01,"","mtada_aggregated","trait1","bfdr_estimate",0.05,0.0459562790758363
20260818,6,500,15,3000,3000,3000,3000,"fast","control_informative",0.05,5,0.01,"","mtada_aggregated","trait1","bfdr_power",0.05,0.32
20260818,6,500,15,3000,3000,3000,3000,"fast","control_informative",0.05,5,0.01,"","mtada_aggregated","trait1","bfdr_discoveries",0.05,46
20260818,6,500,15,3000,3000,3000,3000,"fast","control_informative",0.05,5,0.01,"","mtada_aggregated","trait1","bfdr_observed_fdp",0.1,0.846153846153846
20260818,6,500,15,3000,3000,3000,3000,"fast","control_informative",0.05,5,0.01,"","mtada_aggregated","trait1","bfdr_estimate",0.1,0.0933596417881283
20260818,6,500,15,3000,3000,3000,3000,"fast","control_informative",0.05,5,0.01,"","mtada_aggregated","trait1","bfdr_power",0.1,0.32
20260818,6,500,15,3000,3000,3000,3000,"fast","control_informative",0.05,5,0.01,"","mtada_aggregated","trait1","bfdr_discoveries",0.1,52
20260818,6,500,15,3000,3000,3000,3000,"fast","control_informative",0.05,5,0.01,"","mtada_aggregated","trait1","bfdr_observed_fdp",0.2,0.841269841269841
20260818,6,500,15,3000,3000,3000,3000,"fast","control_informative",0.05,5,0.01,"","mtada_aggregated","trait1","bfdr_estimate",0.2,0.193182155356179
20260818,6,500,15,3000,3000,3000,3000,"fast","control_informative",0.05,5,0.01,"","mtada_aggregated","trait1","bfdr_power",0.2,0.4
20260818,6,500,15,3000,3000,3000,3000,"fast","control_informative",0.05,5,0.01,"","mtada_aggregated","trait1","bfdr_discoveries",0.2,63
20260818,6,500,15,3000,3000,3000,3000,"fast","control_informative",0.05,5,0.01,"","mtada_aggregated","trait2","bfdr_observed_fdp",0.01,0.955555555555556
20260818,6,500,15,3000,3000,3000,3000,"fast","control_informative",0.05,5,0.01,"","mtada_aggregated","trait2","bfdr_estimate",0.01,0.00923820196736795
20260818,6,500,15,3000,3000,3000,3000,"fast","control_informative",0.05,5,0.01,"","mtada_aggregated","trait2","bfdr_power",0.01,0.2
20260818,6,500,15,3000,3000,3000,3000,"fast","control_informative",0.05,5,0.01,"","mtada_aggregated","trait2","bfdr_discoveries",0.01,45
20260818,6,500,15,3000,3000,3000,3000,"fast","control_informative",0.05,5,0.01,"","mtada_aggregated","trait2","bfdr_observed_fdp",0.05,0.962962962962963
20260818,6,500,15,3000,3000,3000,3000,"fast","control_informative",0.05,5,0.01,"","mtada_aggregated","trait2","bfdr_estimate",0.05,0.0479932503605126
20260818,6,500,15,3000,3000,3000,3000,"fast","control_informative",0.05,5,0.01,"","mtada_aggregated","trait2","bfdr_power",0.05,0.2
20260818,6,500,15,3000,3000,3000,3000,"fast","control_informative",0.05,5,0.01,"","mtada_aggregated","trait2","bfdr_discoveries",0.05,54
20260818,6,500,15,3000,3000,3000,3000,"fast","control_informative",0.05,5,0.01,"","mtada_aggregated","trait2","bfdr_observed_fdp",0.1,0.966666666666667
20260818,6,500,15,3000,3000,3000,3000,"fast","control_informative",0.05,5,0.01,"","mtada_aggregated","trait2","bfdr_estimate",0.1,0.0968818546743637
20260818,6,500,15,3000,3000,3000,3000,"fast","control_informative",0.05,5,0.01,"","mtada_aggregated","trait2","bfdr_power",0.1,0.2
20260818,6,500,15,3000,3000,3000,3000,"fast","control_informative",0.05,5,0.01,"","mtada_aggregated","trait2","bfdr_discoveries",0.1,60
20260818,6,500,15,3000,3000,3000,3000,"fast","control_informative",0.05,5,0.01,"","mtada_aggregated","trait2","bfdr_observed_fdp",0.2,0.971428571428571
20260818,6,500,15,3000,3000,3000,3000,"fast","control_informative",0.05,5,0.01,"","mtada_aggregated","trait2","bfdr_estimate",0.2,0.193068937625099
20260818,6,500,15,3000,3000,3000,3000,"fast","control_informative",0.05,5,0.01,"","mtada_aggregated","trait2","bfdr_power",0.2,0.2
20260818,6,500,15,3000,3000,3000,3000,"fast","control_informative",0.05,5,0.01,"","mtada_aggregated","trait2","bfdr_discoveries",0.2,70
20260818,6,500,15,3000,3000,3000,3000,"fast","control_informative",0.05,5,0.01,"","mtada_aggregated","pleiotropy","bfdr_observed_fdp",0.01,1
20260818,6,500,15,3000,3000,3000,3000,"fast","control_informative",0.05,5,0.01,"","mtada_aggregated","pleiotropy","bfdr_estimate",0.01,0.00512617255407724
20260818,6,500,15,3000,3000,3000,3000,"fast","control_informative",0.05,5,0.01,"","mtada_aggregated","pleiotropy","bfdr_power",0.01,0
20260818,6,500,15,3000,3000,3000,3000,"fast","control_informative",0.05,5,0.01,"","mtada_aggregated","pleiotropy","bfdr_discoveries",0.01,4
20260818,6,500,15,3000,3000,3000,3000,"fast","control_informative",0.05,5,0.01,"","mtada_aggregated","pleiotropy","bfdr_observed_fdp",0.05,1
20260818,6,500,15,3000,3000,3000,3000,"fast","control_informative",0.05,5,0.01,"","mtada_aggregated","pleiotropy","bfdr_estimate",0.05,0.035849449202196
20260818,6,500,15,3000,3000,3000,3000,"fast","control_informative",0.05,5,0.01,"","mtada_aggregated","pleiotropy","bfdr_power",0.05,0
20260818,6,500,15,3000,3000,3000,3000,"fast","control_informative",0.05,5,0.01,"","mtada_aggregated","pleiotropy","bfdr_discoveries",0.05,8
20260818,6,500,15,3000,3000,3000,3000,"fast","control_informative",0.05,5,0.01,"","mtada_aggregated","pleiotropy","bfdr_observed_fdp",0.1,1
20260818,6,500,15,3000,3000,3000,3000,"fast","control_informative",0.05,5,0.01,"","mtada_aggregated","pleiotropy","bfdr_estimate",0.1,0.0820457054453157
20260818,6,500,15,3000,3000,3000,3000,"fast","control_informative",0.05,5,0.01,"","mtada_aggregated","pleiotropy","bfdr_power",0.1,0
20260818,6,500,15,3000,3000,3000,3000,"fast","control_informative",0.05,5,0.01,"","mtada_aggregated","pleiotropy","bfdr_discoveries",0.1,9
20260818,6,500,15,3000,3000,3000,3000,"fast","control_informative",0.05,5,0.01,"","mtada_aggregated","pleiotropy","bfdr_observed_fdp",0.2,1
20260818,6,500,15,3000,3000,3000,3000,"fast","control_informative",0.05,5,0.01,"","mtada_aggregated","pleiotropy","bfdr_estimate",0.2,0.178532384887955
20260818,6,500,15,3000,3000,3000,3000,"fast","control_informative",0.05,5,0.01,"","mtada_aggregated","pleiotropy","bfdr_power",0.2,0
20260818,6,500,15,3000,3000,3000,3000,"fast","control_informative",0.05,5,0.01,"","mtada_aggregated","pleiotropy","bfdr_discoveries",0.2,11
20260818,6,500,15,3000,3000,3000,3000,"fast","control_informative",0.05,5,0.01,"","mtada_aggregated","global","runtime_seconds",NA,0.866000000000014
20260818,6,500,15,3000,3000,3000,3000,"fast","control_informative",0.05,5,0.01,"","mtada_aggregated","pleiotropy","pi11_estimate",NA,0.00316585
20260819,7,500,15,3000,3000,3000,3000,"fast","control_informative",0.05,5,0.01,"","mirage_joint","trait1","auc",NA,0.660968421052632
20260819,7,500,15,3000,3000,3000,3000,"fast","control_informative",0.05,5,0.01,"","mirage_joint","trait2","auc",NA,0.691632653061224
20260819,7,500,15,3000,3000,3000,3000,"fast","control_informative",0.05,5,0.01,"","mirage_joint","pleiotropy","auc",NA,0.796767676767677
20260819,7,500,15,3000,3000,3000,3000,"fast","control_informative",0.05,5,0.01,"","mirage_joint","trait1","pp08_power",0.8,0.12
20260819,7,500,15,3000,3000,3000,3000,"fast","control_informative",0.05,5,0.01,"","mirage_joint","trait1","pp08_fdp",0.8,0
20260819,7,500,15,3000,3000,3000,3000,"fast","control_informative",0.05,5,0.01,"","mirage_joint","trait1","pp08_discoveries",0.8,3
20260819,7,500,15,3000,3000,3000,3000,"fast","control_informative",0.05,5,0.01,"","mirage_joint","trait2","pp08_power",0.8,0
20260819,7,500,15,3000,3000,3000,3000,"fast","control_informative",0.05,5,0.01,"","mirage_joint","trait2","pp08_fdp",0.8,0
20260819,7,500,15,3000,3000,3000,3000,"fast","control_informative",0.05,5,0.01,"","mirage_joint","trait2","pp08_discoveries",0.8,0
20260819,7,500,15,3000,3000,3000,3000,"fast","control_informative",0.05,5,0.01,"","mirage_joint","pleiotropy","pp08_power",0.8,0
20260819,7,500,15,3000,3000,3000,3000,"fast","control_informative",0.05,5,0.01,"","mirage_joint","pleiotropy","pp08_fdp",0.8,0
20260819,7,500,15,3000,3000,3000,3000,"fast","control_informative",0.05,5,0.01,"","mirage_joint","pleiotropy","pp08_discoveries",0.8,0
20260819,7,500,15,3000,3000,3000,3000,"fast","control_informative",0.05,5,0.01,"","mirage_joint","trait1","bfdr_observed_fdp",0.01,0
20260819,7,500,15,3000,3000,3000,3000,"fast","control_informative",0.05,5,0.01,"","mirage_joint","trait1","bfdr_estimate",0.01,0.000180162943798357
20260819,7,500,15,3000,3000,3000,3000,"fast","control_informative",0.05,5,0.01,"","mirage_joint","trait1","bfdr_power",0.01,0.08
20260819,7,500,15,3000,3000,3000,3000,"fast","control_informative",0.05,5,0.01,"","mirage_joint","trait1","bfdr_discoveries",0.01,2
20260819,7,500,15,3000,3000,3000,3000,"fast","control_informative",0.05,5,0.01,"","mirage_joint","trait1","bfdr_observed_fdp",0.05,0
20260819,7,500,15,3000,3000,3000,3000,"fast","control_informative",0.05,5,0.01,"","mirage_joint","trait1","bfdr_estimate",0.05,0.0179774084246184
20260819,7,500,15,3000,3000,3000,3000,"fast","control_informative",0.05,5,0.01,"","mirage_joint","trait1","bfdr_power",0.05,0.12
20260819,7,500,15,3000,3000,3000,3000,"fast","control_informative",0.05,5,0.01,"","mirage_joint","trait1","bfdr_discoveries",0.05,3
20260819,7,500,15,3000,3000,3000,3000,"fast","control_informative",0.05,5,0.01,"","mirage_joint","trait1","bfdr_observed_fdp",0.1,0
20260819,7,500,15,3000,3000,3000,3000,"fast","control_informative",0.05,5,0.01,"","mirage_joint","trait1","bfdr_estimate",0.1,0.086668040084678
20260819,7,500,15,3000,3000,3000,3000,"fast","control_informative",0.05,5,0.01,"","mirage_joint","trait1","bfdr_power",0.1,0.16
20260819,7,500,15,3000,3000,3000,3000,"fast","control_informative",0.05,5,0.01,"","mirage_joint","trait1","bfdr_discoveries",0.1,4
20260819,7,500,15,3000,3000,3000,3000,"fast","control_informative",0.05,5,0.01,"","mirage_joint","trait1","bfdr_observed_fdp",0.2,0.2
20260819,7,500,15,3000,3000,3000,3000,"fast","control_informative",0.05,5,0.01,"","mirage_joint","trait1","bfdr_estimate",0.2,0.167830827942909
20260819,7,500,15,3000,3000,3000,3000,"fast","control_informative",0.05,5,0.01,"","mirage_joint","trait1","bfdr_power",0.2,0.16
20260819,7,500,15,3000,3000,3000,3000,"fast","control_informative",0.05,5,0.01,"","mirage_joint","trait1","bfdr_discoveries",0.2,5
20260819,7,500,15,3000,3000,3000,3000,"fast","control_informative",0.05,5,0.01,"","mirage_joint","trait2","bfdr_observed_fdp",0.01,0
20260819,7,500,15,3000,3000,3000,3000,"fast","control_informative",0.05,5,0.01,"","mirage_joint","trait2","bfdr_estimate",0.01,0
20260819,7,500,15,3000,3000,3000,3000,"fast","control_informative",0.05,5,0.01,"","mirage_joint","trait2","bfdr_power",0.01,0
20260819,7,500,15,3000,3000,3000,3000,"fast","control_informative",0.05,5,0.01,"","mirage_joint","trait2","bfdr_discoveries",0.01,0
20260819,7,500,15,3000,3000,3000,3000,"fast","control_informative",0.05,5,0.01,"","mirage_joint","trait2","bfdr_observed_fdp",0.05,0
20260819,7,500,15,3000,3000,3000,3000,"fast","control_informative",0.05,5,0.01,"","mirage_joint","trait2","bfdr_estimate",0.05,0
20260819,7,500,15,3000,3000,3000,3000,"fast","control_informative",0.05,5,0.01,"","mirage_joint","trait2","bfdr_power",0.05,0
20260819,7,500,15,3000,3000,3000,3000,"fast","control_informative",0.05,5,0.01,"","mirage_joint","trait2","bfdr_discoveries",0.05,0
20260819,7,500,15,3000,3000,3000,3000,"fast","control_informative",0.05,5,0.01,"","mirage_joint","trait2","bfdr_observed_fdp",0.1,0
20260819,7,500,15,3000,3000,3000,3000,"fast","control_informative",0.05,5,0.01,"","mirage_joint","trait2","bfdr_estimate",0.1,0
20260819,7,500,15,3000,3000,3000,3000,"fast","control_informative",0.05,5,0.01,"","mirage_joint","trait2","bfdr_power",0.1,0
20260819,7,500,15,3000,3000,3000,3000,"fast","control_informative",0.05,5,0.01,"","mirage_joint","trait2","bfdr_discoveries",0.1,0
20260819,7,500,15,3000,3000,3000,3000,"fast","control_informative",0.05,5,0.01,"","mirage_joint","trait2","bfdr_observed_fdp",0.2,0
20260819,7,500,15,3000,3000,3000,3000,"fast","control_informative",0.05,5,0.01,"","mirage_joint","trait2","bfdr_estimate",0.2,0
20260819,7,500,15,3000,3000,3000,3000,"fast","control_informative",0.05,5,0.01,"","mirage_joint","trait2","bfdr_power",0.2,0
20260819,7,500,15,3000,3000,3000,3000,"fast","control_informative",0.05,5,0.01,"","mirage_joint","trait2","bfdr_discoveries",0.2,0
20260819,7,500,15,3000,3000,3000,3000,"fast","control_informative",0.05,5,0.01,"","mirage_joint","pleiotropy","bfdr_observed_fdp",0.01,0
20260819,7,500,15,3000,3000,3000,3000,"fast","control_informative",0.05,5,0.01,"","mirage_joint","pleiotropy","bfdr_estimate",0.01,0
20260819,7,500,15,3000,3000,3000,3000,"fast","control_informative",0.05,5,0.01,"","mirage_joint","pleiotropy","bfdr_power",0.01,0
20260819,7,500,15,3000,3000,3000,3000,"fast","control_informative",0.05,5,0.01,"","mirage_joint","pleiotropy","bfdr_discoveries",0.01,0
20260819,7,500,15,3000,3000,3000,3000,"fast","control_informative",0.05,5,0.01,"","mirage_joint","pleiotropy","bfdr_observed_fdp",0.05,0
20260819,7,500,15,3000,3000,3000,3000,"fast","control_informative",0.05,5,0.01,"","mirage_joint","pleiotropy","bfdr_estimate",0.05,0
20260819,7,500,15,3000,3000,3000,3000,"fast","control_informative",0.05,5,0.01,"","mirage_joint","pleiotropy","bfdr_power",0.05,0
20260819,7,500,15,3000,3000,3000,3000,"fast","control_informative",0.05,5,0.01,"","mirage_joint","pleiotropy","bfdr_discoveries",0.05,0
20260819,7,500,15,3000,3000,3000,3000,"fast","control_informative",0.05,5,0.01,"","mirage_joint","pleiotropy","bfdr_observed_fdp",0.1,0
20260819,7,500,15,3000,3000,3000,3000,"fast","control_informative",0.05,5,0.01,"","mirage_joint","pleiotropy","bfdr_estimate",0.1,0
20260819,7,500,15,3000,3000,3000,3000,"fast","control_informative",0.05,5,0.01,"","mirage_joint","pleiotropy","bfdr_power",0.1,0
20260819,7,500,15,3000,3000,3000,3000,"fast","control_informative",0.05,5,0.01,"","mirage_joint","pleiotropy","bfdr_discoveries",0.1,0
20260819,7,500,15,3000,3000,3000,3000,"fast","control_informative",0.05,5,0.01,"","mirage_joint","pleiotropy","bfdr_observed_fdp",0.2,0
20260819,7,500,15,3000,3000,3000,3000,"fast","control_informative",0.05,5,0.01,"","mirage_joint","pleiotropy","bfdr_estimate",0.2,0
20260819,7,500,15,3000,3000,3000,3000,"fast","control_informative",0.05,5,0.01,"","mirage_joint","pleiotropy","bfdr_power",0.2,0
20260819,7,500,15,3000,3000,3000,3000,"fast","control_informative",0.05,5,0.01,"","mirage_joint","pleiotropy","bfdr_discoveries",0.2,0
20260819,7,500,15,3000,3000,3000,3000,"fast","control_informative",0.05,5,0.01,"","mirage_joint","global","runtime_seconds",NA,17.995
20260819,7,500,15,3000,3000,3000,3000,"fast","control_informative",0.05,5,0.01,"","mirage_joint","pleiotropy","pi11_estimate",NA,0.0128261569524945
20260819,7,500,15,3000,3000,3000,3000,"fast","control_informative",0.05,5,0.01,"","separate_mirage","trait1","auc",NA,0.654315789473684
20260819,7,500,15,3000,3000,3000,3000,"fast","control_informative",0.05,5,0.01,"","separate_mirage","trait2","auc",NA,0.654285714285714
20260819,7,500,15,3000,3000,3000,3000,"fast","control_informative",0.05,5,0.01,"","separate_mirage","pleiotropy","auc",NA,0.821818181818182
20260819,7,500,15,3000,3000,3000,3000,"fast","control_informative",0.05,5,0.01,"","separate_mirage","trait1","pp08_power",0.8,0.12
20260819,7,500,15,3000,3000,3000,3000,"fast","control_informative",0.05,5,0.01,"","separate_mirage","trait1","pp08_fdp",0.8,0
20260819,7,500,15,3000,3000,3000,3000,"fast","control_informative",0.05,5,0.01,"","separate_mirage","trait1","pp08_discoveries",0.8,3
20260819,7,500,15,3000,3000,3000,3000,"fast","control_informative",0.05,5,0.01,"","separate_mirage","trait2","pp08_power",0.8,0
20260819,7,500,15,3000,3000,3000,3000,"fast","control_informative",0.05,5,0.01,"","separate_mirage","trait2","pp08_fdp",0.8,0
20260819,7,500,15,3000,3000,3000,3000,"fast","control_informative",0.05,5,0.01,"","separate_mirage","trait2","pp08_discoveries",0.8,0
20260819,7,500,15,3000,3000,3000,3000,"fast","control_informative",0.05,5,0.01,"","separate_mirage","pleiotropy","pp08_power",0.8,0
20260819,7,500,15,3000,3000,3000,3000,"fast","control_informative",0.05,5,0.01,"","separate_mirage","pleiotropy","pp08_fdp",0.8,0
20260819,7,500,15,3000,3000,3000,3000,"fast","control_informative",0.05,5,0.01,"","separate_mirage","pleiotropy","pp08_discoveries",0.8,0
20260819,7,500,15,3000,3000,3000,3000,"fast","control_informative",0.05,5,0.01,"","separate_mirage","trait1","bfdr_observed_fdp",0.01,0
20260819,7,500,15,3000,3000,3000,3000,"fast","control_informative",0.05,5,0.01,"","separate_mirage","trait1","bfdr_estimate",0.01,0.000284670565490308
20260819,7,500,15,3000,3000,3000,3000,"fast","control_informative",0.05,5,0.01,"","separate_mirage","trait1","bfdr_power",0.01,0.08
20260819,7,500,15,3000,3000,3000,3000,"fast","control_informative",0.05,5,0.01,"","separate_mirage","trait1","bfdr_discoveries",0.01,2
20260819,7,500,15,3000,3000,3000,3000,"fast","control_informative",0.05,5,0.01,"","separate_mirage","trait1","bfdr_observed_fdp",0.05,0
20260819,7,500,15,3000,3000,3000,3000,"fast","control_informative",0.05,5,0.01,"","separate_mirage","trait1","bfdr_estimate",0.05,0.0357088259592856
20260819,7,500,15,3000,3000,3000,3000,"fast","control_informative",0.05,5,0.01,"","separate_mirage","trait1","bfdr_power",0.05,0.12
20260819,7,500,15,3000,3000,3000,3000,"fast","control_informative",0.05,5,0.01,"","separate_mirage","trait1","bfdr_discoveries",0.05,3
20260819,7,500,15,3000,3000,3000,3000,"fast","control_informative",0.05,5,0.01,"","separate_mirage","trait1","bfdr_observed_fdp",0.1,0
20260819,7,500,15,3000,3000,3000,3000,"fast","control_informative",0.05,5,0.01,"","separate_mirage","trait1","bfdr_estimate",0.1,0.0357088259592856
20260819,7,500,15,3000,3000,3000,3000,"fast","control_informative",0.05,5,0.01,"","separate_mirage","trait1","bfdr_power",0.1,0.12
20260819,7,500,15,3000,3000,3000,3000,"fast","control_informative",0.05,5,0.01,"","separate_mirage","trait1","bfdr_discoveries",0.1,3
20260819,7,500,15,3000,3000,3000,3000,"fast","control_informative",0.05,5,0.01,"","separate_mirage","trait1","bfdr_observed_fdp",0.2,0
20260819,7,500,15,3000,3000,3000,3000,"fast","control_informative",0.05,5,0.01,"","separate_mirage","trait1","bfdr_estimate",0.2,0.140684089655945
20260819,7,500,15,3000,3000,3000,3000,"fast","control_informative",0.05,5,0.01,"","separate_mirage","trait1","bfdr_power",0.2,0.16
20260819,7,500,15,3000,3000,3000,3000,"fast","control_informative",0.05,5,0.01,"","separate_mirage","trait1","bfdr_discoveries",0.2,4
20260819,7,500,15,3000,3000,3000,3000,"fast","control_informative",0.05,5,0.01,"","separate_mirage","trait2","bfdr_observed_fdp",0.01,0
20260819,7,500,15,3000,3000,3000,3000,"fast","control_informative",0.05,5,0.01,"","separate_mirage","trait2","bfdr_estimate",0.01,0
20260819,7,500,15,3000,3000,3000,3000,"fast","control_informative",0.05,5,0.01,"","separate_mirage","trait2","bfdr_power",0.01,0
20260819,7,500,15,3000,3000,3000,3000,"fast","control_informative",0.05,5,0.01,"","separate_mirage","trait2","bfdr_discoveries",0.01,0
20260819,7,500,15,3000,3000,3000,3000,"fast","control_informative",0.05,5,0.01,"","separate_mirage","trait2","bfdr_observed_fdp",0.05,0
20260819,7,500,15,3000,3000,3000,3000,"fast","control_informative",0.05,5,0.01,"","separate_mirage","trait2","bfdr_estimate",0.05,0
20260819,7,500,15,3000,3000,3000,3000,"fast","control_informative",0.05,5,0.01,"","separate_mirage","trait2","bfdr_power",0.05,0
20260819,7,500,15,3000,3000,3000,3000,"fast","control_informative",0.05,5,0.01,"","separate_mirage","trait2","bfdr_discoveries",0.05,0
20260819,7,500,15,3000,3000,3000,3000,"fast","control_informative",0.05,5,0.01,"","separate_mirage","trait2","bfdr_observed_fdp",0.1,0
20260819,7,500,15,3000,3000,3000,3000,"fast","control_informative",0.05,5,0.01,"","separate_mirage","trait2","bfdr_estimate",0.1,0
20260819,7,500,15,3000,3000,3000,3000,"fast","control_informative",0.05,5,0.01,"","separate_mirage","trait2","bfdr_power",0.1,0
20260819,7,500,15,3000,3000,3000,3000,"fast","control_informative",0.05,5,0.01,"","separate_mirage","trait2","bfdr_discoveries",0.1,0
20260819,7,500,15,3000,3000,3000,3000,"fast","control_informative",0.05,5,0.01,"","separate_mirage","trait2","bfdr_observed_fdp",0.2,0
20260819,7,500,15,3000,3000,3000,3000,"fast","control_informative",0.05,5,0.01,"","separate_mirage","trait2","bfdr_estimate",0.2,0
20260819,7,500,15,3000,3000,3000,3000,"fast","control_informative",0.05,5,0.01,"","separate_mirage","trait2","bfdr_power",0.2,0
20260819,7,500,15,3000,3000,3000,3000,"fast","control_informative",0.05,5,0.01,"","separate_mirage","trait2","bfdr_discoveries",0.2,0
20260819,7,500,15,3000,3000,3000,3000,"fast","control_informative",0.05,5,0.01,"","separate_mirage","pleiotropy","bfdr_observed_fdp",0.01,0
20260819,7,500,15,3000,3000,3000,3000,"fast","control_informative",0.05,5,0.01,"","separate_mirage","pleiotropy","bfdr_estimate",0.01,0
20260819,7,500,15,3000,3000,3000,3000,"fast","control_informative",0.05,5,0.01,"","separate_mirage","pleiotropy","bfdr_power",0.01,0
20260819,7,500,15,3000,3000,3000,3000,"fast","control_informative",0.05,5,0.01,"","separate_mirage","pleiotropy","bfdr_discoveries",0.01,0
20260819,7,500,15,3000,3000,3000,3000,"fast","control_informative",0.05,5,0.01,"","separate_mirage","pleiotropy","bfdr_observed_fdp",0.05,0
20260819,7,500,15,3000,3000,3000,3000,"fast","control_informative",0.05,5,0.01,"","separate_mirage","pleiotropy","bfdr_estimate",0.05,0
20260819,7,500,15,3000,3000,3000,3000,"fast","control_informative",0.05,5,0.01,"","separate_mirage","pleiotropy","bfdr_power",0.05,0
20260819,7,500,15,3000,3000,3000,3000,"fast","control_informative",0.05,5,0.01,"","separate_mirage","pleiotropy","bfdr_discoveries",0.05,0
20260819,7,500,15,3000,3000,3000,3000,"fast","control_informative",0.05,5,0.01,"","separate_mirage","pleiotropy","bfdr_observed_fdp",0.1,0
20260819,7,500,15,3000,3000,3000,3000,"fast","control_informative",0.05,5,0.01,"","separate_mirage","pleiotropy","bfdr_estimate",0.1,0
20260819,7,500,15,3000,3000,3000,3000,"fast","control_informative",0.05,5,0.01,"","separate_mirage","pleiotropy","bfdr_power",0.1,0
20260819,7,500,15,3000,3000,3000,3000,"fast","control_informative",0.05,5,0.01,"","separate_mirage","pleiotropy","bfdr_discoveries",0.1,0
20260819,7,500,15,3000,3000,3000,3000,"fast","control_informative",0.05,5,0.01,"","separate_mirage","pleiotropy","bfdr_observed_fdp",0.2,0
20260819,7,500,15,3000,3000,3000,3000,"fast","control_informative",0.05,5,0.01,"","separate_mirage","pleiotropy","bfdr_estimate",0.2,0
20260819,7,500,15,3000,3000,3000,3000,"fast","control_informative",0.05,5,0.01,"","separate_mirage","pleiotropy","bfdr_power",0.2,0
20260819,7,500,15,3000,3000,3000,3000,"fast","control_informative",0.05,5,0.01,"","separate_mirage","pleiotropy","bfdr_discoveries",0.2,0
20260819,7,500,15,3000,3000,3000,3000,"fast","control_informative",0.05,5,0.01,"","separate_mirage","global","runtime_seconds",NA,17.997
20260819,7,500,15,3000,3000,3000,3000,"fast","control_informative",0.05,5,0.01,"","separate_mirage","pleiotropy","pi11_estimate",NA,0.001
20260819,7,500,15,3000,3000,3000,3000,"fast","control_informative",0.05,5,0.01,"","mtada_aggregated","trait1","auc",NA,0.724884210526316
20260819,7,500,15,3000,3000,3000,3000,"fast","control_informative",0.05,5,0.01,"","mtada_aggregated","trait2","auc",NA,0.535918367346939
20260819,7,500,15,3000,3000,3000,3000,"fast","control_informative",0.05,5,0.01,"","mtada_aggregated","pleiotropy","auc",NA,0.774545454545455
20260819,7,500,15,3000,3000,3000,3000,"fast","control_informative",0.05,5,0.01,"","mtada_aggregated","trait1","pp08_power",0.8,0.44
20260819,7,500,15,3000,3000,3000,3000,"fast","control_informative",0.05,5,0.01,"","mtada_aggregated","trait1","pp08_fdp",0.8,0.75
20260819,7,500,15,3000,3000,3000,3000,"fast","control_informative",0.05,5,0.01,"","mtada_aggregated","trait1","pp08_discoveries",0.8,44
20260819,7,500,15,3000,3000,3000,3000,"fast","control_informative",0.05,5,0.01,"","mtada_aggregated","trait2","pp08_power",0.8,0
20260819,7,500,15,3000,3000,3000,3000,"fast","control_informative",0.05,5,0.01,"","mtada_aggregated","trait2","pp08_fdp",0.8,1
20260819,7,500,15,3000,3000,3000,3000,"fast","control_informative",0.05,5,0.01,"","mtada_aggregated","trait2","pp08_discoveries",0.8,38
20260819,7,500,15,3000,3000,3000,3000,"fast","control_informative",0.05,5,0.01,"","mtada_aggregated","pleiotropy","pp08_power",0.8,0
20260819,7,500,15,3000,3000,3000,3000,"fast","control_informative",0.05,5,0.01,"","mtada_aggregated","pleiotropy","pp08_fdp",0.8,1
20260819,7,500,15,3000,3000,3000,3000,"fast","control_informative",0.05,5,0.01,"","mtada_aggregated","pleiotropy","pp08_discoveries",0.8,5
20260819,7,500,15,3000,3000,3000,3000,"fast","control_informative",0.05,5,0.01,"","mtada_aggregated","trait1","bfdr_observed_fdp",0.01,0.763157894736842
20260819,7,500,15,3000,3000,3000,3000,"fast","control_informative",0.05,5,0.01,"","mtada_aggregated","trait1","bfdr_estimate",0.01,0.009517259261821
20260819,7,500,15,3000,3000,3000,3000,"fast","control_informative",0.05,5,0.01,"","mtada_aggregated","trait1","bfdr_power",0.01,0.36
20260819,7,500,15,3000,3000,3000,3000,"fast","control_informative",0.05,5,0.01,"","mtada_aggregated","trait1","bfdr_discoveries",0.01,38
20260819,7,500,15,3000,3000,3000,3000,"fast","control_informative",0.05,5,0.01,"","mtada_aggregated","trait1","bfdr_observed_fdp",0.05,0.775510204081633
20260819,7,500,15,3000,3000,3000,3000,"fast","control_informative",0.05,5,0.01,"","mtada_aggregated","trait1","bfdr_estimate",0.05,0.0482353153846877
20260819,7,500,15,3000,3000,3000,3000,"fast","control_informative",0.05,5,0.01,"","mtada_aggregated","trait1","bfdr_power",0.05,0.44
20260819,7,500,15,3000,3000,3000,3000,"fast","control_informative",0.05,5,0.01,"","mtada_aggregated","trait1","bfdr_discoveries",0.05,49
20260819,7,500,15,3000,3000,3000,3000,"fast","control_informative",0.05,5,0.01,"","mtada_aggregated","trait1","bfdr_observed_fdp",0.1,0.810344827586207
20260819,7,500,15,3000,3000,3000,3000,"fast","control_informative",0.05,5,0.01,"","mtada_aggregated","trait1","bfdr_estimate",0.1,0.0957448093265798
20260819,7,500,15,3000,3000,3000,3000,"fast","control_informative",0.05,5,0.01,"","mtada_aggregated","trait1","bfdr_power",0.1,0.44
20260819,7,500,15,3000,3000,3000,3000,"fast","control_informative",0.05,5,0.01,"","mtada_aggregated","trait1","bfdr_discoveries",0.1,58
20260819,7,500,15,3000,3000,3000,3000,"fast","control_informative",0.05,5,0.01,"","mtada_aggregated","trait1","bfdr_observed_fdp",0.2,0.849315068493151
20260819,7,500,15,3000,3000,3000,3000,"fast","control_informative",0.05,5,0.01,"","mtada_aggregated","trait1","bfdr_estimate",0.2,0.194325719502196
20260819,7,500,15,3000,3000,3000,3000,"fast","control_informative",0.05,5,0.01,"","mtada_aggregated","trait1","bfdr_power",0.2,0.44
20260819,7,500,15,3000,3000,3000,3000,"fast","control_informative",0.05,5,0.01,"","mtada_aggregated","trait1","bfdr_discoveries",0.2,73
20260819,7,500,15,3000,3000,3000,3000,"fast","control_informative",0.05,5,0.01,"","mtada_aggregated","trait2","bfdr_observed_fdp",0.01,1
20260819,7,500,15,3000,3000,3000,3000,"fast","control_informative",0.05,5,0.01,"","mtada_aggregated","trait2","bfdr_estimate",0.01,0.0087189755212888
20260819,7,500,15,3000,3000,3000,3000,"fast","control_informative",0.05,5,0.01,"","mtada_aggregated","trait2","bfdr_power",0.01,0
20260819,7,500,15,3000,3000,3000,3000,"fast","control_informative",0.05,5,0.01,"","mtada_aggregated","trait2","bfdr_discoveries",0.01,28
20260819,7,500,15,3000,3000,3000,3000,"fast","control_informative",0.05,5,0.01,"","mtada_aggregated","trait2","bfdr_observed_fdp",0.05,1
20260819,7,500,15,3000,3000,3000,3000,"fast","control_informative",0.05,5,0.01,"","mtada_aggregated","trait2","bfdr_estimate",0.05,0.0464291876252666
20260819,7,500,15,3000,3000,3000,3000,"fast","control_informative",0.05,5,0.01,"","mtada_aggregated","trait2","bfdr_power",0.05,0
20260819,7,500,15,3000,3000,3000,3000,"fast","control_informative",0.05,5,0.01,"","mtada_aggregated","trait2","bfdr_discoveries",0.05,40
20260819,7,500,15,3000,3000,3000,3000,"fast","control_informative",0.05,5,0.01,"","mtada_aggregated","trait2","bfdr_observed_fdp",0.1,1
20260819,7,500,15,3000,3000,3000,3000,"fast","control_informative",0.05,5,0.01,"","mtada_aggregated","trait2","bfdr_estimate",0.1,0.0962126216817294
20260819,7,500,15,3000,3000,3000,3000,"fast","control_informative",0.05,5,0.01,"","mtada_aggregated","trait2","bfdr_power",0.1,0
20260819,7,500,15,3000,3000,3000,3000,"fast","control_informative",0.05,5,0.01,"","mtada_aggregated","trait2","bfdr_discoveries",0.1,47
20260819,7,500,15,3000,3000,3000,3000,"fast","control_informative",0.05,5,0.01,"","mtada_aggregated","trait2","bfdr_observed_fdp",0.2,0.982758620689655
20260819,7,500,15,3000,3000,3000,3000,"fast","control_informative",0.05,5,0.01,"","mtada_aggregated","trait2","bfdr_estimate",0.2,0.19597000073916
20260819,7,500,15,3000,3000,3000,3000,"fast","control_informative",0.05,5,0.01,"","mtada_aggregated","trait2","bfdr_power",0.2,0.1
20260819,7,500,15,3000,3000,3000,3000,"fast","control_informative",0.05,5,0.01,"","mtada_aggregated","trait2","bfdr_discoveries",0.2,58
20260819,7,500,15,3000,3000,3000,3000,"fast","control_informative",0.05,5,0.01,"","mtada_aggregated","pleiotropy","bfdr_observed_fdp",0.01,1
20260819,7,500,15,3000,3000,3000,3000,"fast","control_informative",0.05,5,0.01,"","mtada_aggregated","pleiotropy","bfdr_estimate",0.01,0.000139889339911048
20260819,7,500,15,3000,3000,3000,3000,"fast","control_informative",0.05,5,0.01,"","mtada_aggregated","pleiotropy","bfdr_power",0.01,0
20260819,7,500,15,3000,3000,3000,3000,"fast","control_informative",0.05,5,0.01,"","mtada_aggregated","pleiotropy","bfdr_discoveries",0.01,2
20260819,7,500,15,3000,3000,3000,3000,"fast","control_informative",0.05,5,0.01,"","mtada_aggregated","pleiotropy","bfdr_observed_fdp",0.05,1
20260819,7,500,15,3000,3000,3000,3000,"fast","control_informative",0.05,5,0.01,"","mtada_aggregated","pleiotropy","bfdr_estimate",0.05,0.0382264200306796
20260819,7,500,15,3000,3000,3000,3000,"fast","control_informative",0.05,5,0.01,"","mtada_aggregated","pleiotropy","bfdr_power",0.05,0
20260819,7,500,15,3000,3000,3000,3000,"fast","control_informative",0.05,5,0.01,"","mtada_aggregated","pleiotropy","bfdr_discoveries",0.05,4
20260819,7,500,15,3000,3000,3000,3000,"fast","control_informative",0.05,5,0.01,"","mtada_aggregated","pleiotropy","bfdr_observed_fdp",0.1,1
20260819,7,500,15,3000,3000,3000,3000,"fast","control_informative",0.05,5,0.01,"","mtada_aggregated","pleiotropy","bfdr_estimate",0.1,0.0963595600406389
20260819,7,500,15,3000,3000,3000,3000,"fast","control_informative",0.05,5,0.01,"","mtada_aggregated","pleiotropy","bfdr_power",0.1,0
20260819,7,500,15,3000,3000,3000,3000,"fast","control_informative",0.05,5,0.01,"","mtada_aggregated","pleiotropy","bfdr_discoveries",0.1,6
20260819,7,500,15,3000,3000,3000,3000,"fast","control_informative",0.05,5,0.01,"","mtada_aggregated","pleiotropy","bfdr_observed_fdp",0.2,1
20260819,7,500,15,3000,3000,3000,3000,"fast","control_informative",0.05,5,0.01,"","mtada_aggregated","pleiotropy","bfdr_estimate",0.2,0.198287368356761
20260819,7,500,15,3000,3000,3000,3000,"fast","control_informative",0.05,5,0.01,"","mtada_aggregated","pleiotropy","bfdr_power",0.2,0
20260819,7,500,15,3000,3000,3000,3000,"fast","control_informative",0.05,5,0.01,"","mtada_aggregated","pleiotropy","bfdr_discoveries",0.2,8
20260819,7,500,15,3000,3000,3000,3000,"fast","control_informative",0.05,5,0.01,"","mtada_aggregated","global","runtime_seconds",NA,1.04599999999999
20260819,7,500,15,3000,3000,3000,3000,"fast","control_informative",0.05,5,0.01,"","mtada_aggregated","pleiotropy","pi11_estimate",NA,0.00229801
20260820,8,500,15,3000,3000,3000,3000,"fast","control_informative",0.05,5,0.01,"","mirage_joint","trait1","auc",NA,0.720926315789474
20260820,8,500,15,3000,3000,3000,3000,"fast","control_informative",0.05,5,0.01,"","mirage_joint","trait2","auc",NA,0.776938775510204
20260820,8,500,15,3000,3000,3000,3000,"fast","control_informative",0.05,5,0.01,"","mirage_joint","pleiotropy","auc",NA,0.783030303030303
20260820,8,500,15,3000,3000,3000,3000,"fast","control_informative",0.05,5,0.01,"","mirage_joint","trait1","pp08_power",0.8,0.2
20260820,8,500,15,3000,3000,3000,3000,"fast","control_informative",0.05,5,0.01,"","mirage_joint","trait1","pp08_fdp",0.8,0.166666666666667
20260820,8,500,15,3000,3000,3000,3000,"fast","control_informative",0.05,5,0.01,"","mirage_joint","trait1","pp08_discoveries",0.8,6
20260820,8,500,15,3000,3000,3000,3000,"fast","control_informative",0.05,5,0.01,"","mirage_joint","trait2","pp08_power",0.8,0.2
20260820,8,500,15,3000,3000,3000,3000,"fast","control_informative",0.05,5,0.01,"","mirage_joint","trait2","pp08_fdp",0.8,0.333333333333333
20260820,8,500,15,3000,3000,3000,3000,"fast","control_informative",0.05,5,0.01,"","mirage_joint","trait2","pp08_discoveries",0.8,3
20260820,8,500,15,3000,3000,3000,3000,"fast","control_informative",0.05,5,0.01,"","mirage_joint","pleiotropy","pp08_power",0.8,0.4
20260820,8,500,15,3000,3000,3000,3000,"fast","control_informative",0.05,5,0.01,"","mirage_joint","pleiotropy","pp08_fdp",0.8,0.333333333333333
20260820,8,500,15,3000,3000,3000,3000,"fast","control_informative",0.05,5,0.01,"","mirage_joint","pleiotropy","pp08_discoveries",0.8,3
20260820,8,500,15,3000,3000,3000,3000,"fast","control_informative",0.05,5,0.01,"","mirage_joint","trait1","bfdr_observed_fdp",0.01,0
20260820,8,500,15,3000,3000,3000,3000,"fast","control_informative",0.05,5,0.01,"","mirage_joint","trait1","bfdr_estimate",0.01,0.00267962549034295
20260820,8,500,15,3000,3000,3000,3000,"fast","control_informative",0.05,5,0.01,"","mirage_joint","trait1","bfdr_power",0.01,0.12
20260820,8,500,15,3000,3000,3000,3000,"fast","control_informative",0.05,5,0.01,"","mirage_joint","trait1","bfdr_discoveries",0.01,3
20260820,8,500,15,3000,3000,3000,3000,"fast","control_informative",0.05,5,0.01,"","mirage_joint","trait1","bfdr_observed_fdp",0.05,0
20260820,8,500,15,3000,3000,3000,3000,"fast","control_informative",0.05,5,0.01,"","mirage_joint","trait1","bfdr_estimate",0.05,0.0419872640564287
20260820,8,500,15,3000,3000,3000,3000,"fast","control_informative",0.05,5,0.01,"","mirage_joint","trait1","bfdr_power",0.05,0.2
20260820,8,500,15,3000,3000,3000,3000,"fast","control_informative",0.05,5,0.01,"","mirage_joint","trait1","bfdr_discoveries",0.05,5
20260820,8,500,15,3000,3000,3000,3000,"fast","control_informative",0.05,5,0.01,"","mirage_joint","trait1","bfdr_observed_fdp",0.1,0.285714285714286
20260820,8,500,15,3000,3000,3000,3000,"fast","control_informative",0.05,5,0.01,"","mirage_joint","trait1","bfdr_estimate",0.1,0.0942660163340159
20260820,8,500,15,3000,3000,3000,3000,"fast","control_informative",0.05,5,0.01,"","mirage_joint","trait1","bfdr_power",0.1,0.2
20260820,8,500,15,3000,3000,3000,3000,"fast","control_informative",0.05,5,0.01,"","mirage_joint","trait1","bfdr_discoveries",0.1,7
20260820,8,500,15,3000,3000,3000,3000,"fast","control_informative",0.05,5,0.01,"","mirage_joint","trait1","bfdr_observed_fdp",0.2,0.545454545454545
20260820,8,500,15,3000,3000,3000,3000,"fast","control_informative",0.05,5,0.01,"","mirage_joint","trait1","bfdr_estimate",0.2,0.186112714940511
20260820,8,500,15,3000,3000,3000,3000,"fast","control_informative",0.05,5,0.01,"","mirage_joint","trait1","bfdr_power",0.2,0.2
20260820,8,500,15,3000,3000,3000,3000,"fast","control_informative",0.05,5,0.01,"","mirage_joint","trait1","bfdr_discoveries",0.2,11
20260820,8,500,15,3000,3000,3000,3000,"fast","control_informative",0.05,5,0.01,"","mirage_joint","trait2","bfdr_observed_fdp",0.01,0
20260820,8,500,15,3000,3000,3000,3000,"fast","control_informative",0.05,5,0.01,"","mirage_joint","trait2","bfdr_estimate",0.01,3.90579530495927e-07
20260820,8,500,15,3000,3000,3000,3000,"fast","control_informative",0.05,5,0.01,"","mirage_joint","trait2","bfdr_power",0.01,0.1
20260820,8,500,15,3000,3000,3000,3000,"fast","control_informative",0.05,5,0.01,"","mirage_joint","trait2","bfdr_discoveries",0.01,1
20260820,8,500,15,3000,3000,3000,3000,"fast","control_informative",0.05,5,0.01,"","mirage_joint","trait2","bfdr_observed_fdp",0.05,0
20260820,8,500,15,3000,3000,3000,3000,"fast","control_informative",0.05,5,0.01,"","mirage_joint","trait2","bfdr_estimate",0.05,3.90579530495927e-07
20260820,8,500,15,3000,3000,3000,3000,"fast","control_informative",0.05,5,0.01,"","mirage_joint","trait2","bfdr_power",0.05,0.1
20260820,8,500,15,3000,3000,3000,3000,"fast","control_informative",0.05,5,0.01,"","mirage_joint","trait2","bfdr_discoveries",0.05,1
20260820,8,500,15,3000,3000,3000,3000,"fast","control_informative",0.05,5,0.01,"","mirage_joint","trait2","bfdr_observed_fdp",0.1,0.333333333333333
20260820,8,500,15,3000,3000,3000,3000,"fast","control_informative",0.05,5,0.01,"","mirage_joint","trait2","bfdr_estimate",0.1,0.0961925559436178
20260820,8,500,15,3000,3000,3000,3000,"fast","control_informative",0.05,5,0.01,"","mirage_joint","trait2","bfdr_power",0.1,0.2
20260820,8,500,15,3000,3000,3000,3000,"fast","control_informative",0.05,5,0.01,"","mirage_joint","trait2","bfdr_discoveries",0.1,3
20260820,8,500,15,3000,3000,3000,3000,"fast","control_informative",0.05,5,0.01,"","mirage_joint","trait2","bfdr_observed_fdp",0.2,0.666666666666667
20260820,8,500,15,3000,3000,3000,3000,"fast","control_informative",0.05,5,0.01,"","mirage_joint","trait2","bfdr_estimate",0.2,0.179285733925436
20260820,8,500,15,3000,3000,3000,3000,"fast","control_informative",0.05,5,0.01,"","mirage_joint","trait2","bfdr_power",0.2,0.2
20260820,8,500,15,3000,3000,3000,3000,"fast","control_informative",0.05,5,0.01,"","mirage_joint","trait2","bfdr_discoveries",0.2,6
20260820,8,500,15,3000,3000,3000,3000,"fast","control_informative",0.05,5,0.01,"","mirage_joint","pleiotropy","bfdr_observed_fdp",0.01,0
20260820,8,500,15,3000,3000,3000,3000,"fast","control_informative",0.05,5,0.01,"","mirage_joint","pleiotropy","bfdr_estimate",0.01,2.5756778091468e-06
20260820,8,500,15,3000,3000,3000,3000,"fast","control_informative",0.05,5,0.01,"","mirage_joint","pleiotropy","bfdr_power",0.01,0.2
20260820,8,500,15,3000,3000,3000,3000,"fast","control_informative",0.05,5,0.01,"","mirage_joint","pleiotropy","bfdr_discoveries",0.01,1
20260820,8,500,15,3000,3000,3000,3000,"fast","control_informative",0.05,5,0.01,"","mirage_joint","pleiotropy","bfdr_observed_fdp",0.05,0
20260820,8,500,15,3000,3000,3000,3000,"fast","control_informative",0.05,5,0.01,"","mirage_joint","pleiotropy","bfdr_estimate",0.05,2.5756778091468e-06
20260820,8,500,15,3000,3000,3000,3000,"fast","control_informative",0.05,5,0.01,"","mirage_joint","pleiotropy","bfdr_power",0.05,0.2
20260820,8,500,15,3000,3000,3000,3000,"fast","control_informative",0.05,5,0.01,"","mirage_joint","pleiotropy","bfdr_discoveries",0.05,1
20260820,8,500,15,3000,3000,3000,3000,"fast","control_informative",0.05,5,0.01,"","mirage_joint","pleiotropy","bfdr_observed_fdp",0.1,0.5
20260820,8,500,15,3000,3000,3000,3000,"fast","control_informative",0.05,5,0.01,"","mirage_joint","pleiotropy","bfdr_estimate",0.1,0.0726356124485608
20260820,8,500,15,3000,3000,3000,3000,"fast","control_informative",0.05,5,0.01,"","mirage_joint","pleiotropy","bfdr_power",0.1,0.2
20260820,8,500,15,3000,3000,3000,3000,"fast","control_informative",0.05,5,0.01,"","mirage_joint","pleiotropy","bfdr_discoveries",0.1,2
20260820,8,500,15,3000,3000,3000,3000,"fast","control_informative",0.05,5,0.01,"","mirage_joint","pleiotropy","bfdr_observed_fdp",0.2,0.666666666666667
20260820,8,500,15,3000,3000,3000,3000,"fast","control_informative",0.05,5,0.01,"","mirage_joint","pleiotropy","bfdr_estimate",0.2,0.184643469402947
20260820,8,500,15,3000,3000,3000,3000,"fast","control_informative",0.05,5,0.01,"","mirage_joint","pleiotropy","bfdr_power",0.2,0.4
20260820,8,500,15,3000,3000,3000,3000,"fast","control_informative",0.05,5,0.01,"","mirage_joint","pleiotropy","bfdr_discoveries",0.2,6
20260820,8,500,15,3000,3000,3000,3000,"fast","control_informative",0.05,5,0.01,"","mirage_joint","global","runtime_seconds",NA,17.997
20260820,8,500,15,3000,3000,3000,3000,"fast","control_informative",0.05,5,0.01,"","mirage_joint","pleiotropy","pi11_estimate",NA,0.156473290684251
20260820,8,500,15,3000,3000,3000,3000,"fast","control_informative",0.05,5,0.01,"","separate_mirage","trait1","auc",NA,0.712673684210526
20260820,8,500,15,3000,3000,3000,3000,"fast","control_informative",0.05,5,0.01,"","separate_mirage","trait2","auc",NA,0.827755102040816
20260820,8,500,15,3000,3000,3000,3000,"fast","control_informative",0.05,5,0.01,"","separate_mirage","pleiotropy","auc",NA,0.832727272727273
20260820,8,500,15,3000,3000,3000,3000,"fast","control_informative",0.05,5,0.01,"","separate_mirage","trait1","pp08_power",0.8,0.16
20260820,8,500,15,3000,3000,3000,3000,"fast","control_informative",0.05,5,0.01,"","separate_mirage","trait1","pp08_fdp",0.8,0
20260820,8,500,15,3000,3000,3000,3000,"fast","control_informative",0.05,5,0.01,"","separate_mirage","trait1","pp08_discoveries",0.8,4
20260820,8,500,15,3000,3000,3000,3000,"fast","control_informative",0.05,5,0.01,"","separate_mirage","trait2","pp08_power",0.8,0.1
20260820,8,500,15,3000,3000,3000,3000,"fast","control_informative",0.05,5,0.01,"","separate_mirage","trait2","pp08_fdp",0.8,0
20260820,8,500,15,3000,3000,3000,3000,"fast","control_informative",0.05,5,0.01,"","separate_mirage","trait2","pp08_discoveries",0.8,1
20260820,8,500,15,3000,3000,3000,3000,"fast","control_informative",0.05,5,0.01,"","separate_mirage","pleiotropy","pp08_power",0.8,0.2
20260820,8,500,15,3000,3000,3000,3000,"fast","control_informative",0.05,5,0.01,"","separate_mirage","pleiotropy","pp08_fdp",0.8,0
20260820,8,500,15,3000,3000,3000,3000,"fast","control_informative",0.05,5,0.01,"","separate_mirage","pleiotropy","pp08_discoveries",0.8,1
20260820,8,500,15,3000,3000,3000,3000,"fast","control_informative",0.05,5,0.01,"","separate_mirage","trait1","bfdr_observed_fdp",0.01,0
20260820,8,500,15,3000,3000,3000,3000,"fast","control_informative",0.05,5,0.01,"","separate_mirage","trait1","bfdr_estimate",0.01,0.00230997696031493
20260820,8,500,15,3000,3000,3000,3000,"fast","control_informative",0.05,5,0.01,"","separate_mirage","trait1","bfdr_power",0.01,0.08
20260820,8,500,15,3000,3000,3000,3000,"fast","control_informative",0.05,5,0.01,"","separate_mirage","trait1","bfdr_discoveries",0.01,2
20260820,8,500,15,3000,3000,3000,3000,"fast","control_informative",0.05,5,0.01,"","separate_mirage","trait1","bfdr_observed_fdp",0.05,0
20260820,8,500,15,3000,3000,3000,3000,"fast","control_informative",0.05,5,0.01,"","separate_mirage","trait1","bfdr_estimate",0.05,0.0248973058859477
20260820,8,500,15,3000,3000,3000,3000,"fast","control_informative",0.05,5,0.01,"","separate_mirage","trait1","bfdr_power",0.05,0.16
20260820,8,500,15,3000,3000,3000,3000,"fast","control_informative",0.05,5,0.01,"","separate_mirage","trait1","bfdr_discoveries",0.05,4
20260820,8,500,15,3000,3000,3000,3000,"fast","control_informative",0.05,5,0.01,"","separate_mirage","trait1","bfdr_observed_fdp",0.1,0.2
20260820,8,500,15,3000,3000,3000,3000,"fast","control_informative",0.05,5,0.01,"","separate_mirage","trait1","bfdr_estimate",0.1,0.0865072625868487
20260820,8,500,15,3000,3000,3000,3000,"fast","control_informative",0.05,5,0.01,"","separate_mirage","trait1","bfdr_power",0.1,0.16
20260820,8,500,15,3000,3000,3000,3000,"fast","control_informative",0.05,5,0.01,"","separate_mirage","trait1","bfdr_discoveries",0.1,5
20260820,8,500,15,3000,3000,3000,3000,"fast","control_informative",0.05,5,0.01,"","separate_mirage","trait1","bfdr_observed_fdp",0.2,0.333333333333333
20260820,8,500,15,3000,3000,3000,3000,"fast","control_informative",0.05,5,0.01,"","separate_mirage","trait1","bfdr_estimate",0.2,0.171441036244064
20260820,8,500,15,3000,3000,3000,3000,"fast","control_informative",0.05,5,0.01,"","separate_mirage","trait1","bfdr_power",0.2,0.16
20260820,8,500,15,3000,3000,3000,3000,"fast","control_informative",0.05,5,0.01,"","separate_mirage","trait1","bfdr_discoveries",0.2,6
20260820,8,500,15,3000,3000,3000,3000,"fast","control_informative",0.05,5,0.01,"","separate_mirage","trait2","bfdr_observed_fdp",0.01,0
20260820,8,500,15,3000,3000,3000,3000,"fast","control_informative",0.05,5,0.01,"","separate_mirage","trait2","bfdr_estimate",0.01,3.84569101335996e-05
20260820,8,500,15,3000,3000,3000,3000,"fast","control_informative",0.05,5,0.01,"","separate_mirage","trait2","bfdr_power",0.01,0.1
20260820,8,500,15,3000,3000,3000,3000,"fast","control_informative",0.05,5,0.01,"","separate_mirage","trait2","bfdr_discoveries",0.01,1
20260820,8,500,15,3000,3000,3000,3000,"fast","control_informative",0.05,5,0.01,"","separate_mirage","trait2","bfdr_observed_fdp",0.05,0
20260820,8,500,15,3000,3000,3000,3000,"fast","control_informative",0.05,5,0.01,"","separate_mirage","trait2","bfdr_estimate",0.05,3.84569101335996e-05
20260820,8,500,15,3000,3000,3000,3000,"fast","control_informative",0.05,5,0.01,"","separate_mirage","trait2","bfdr_power",0.05,0.1
20260820,8,500,15,3000,3000,3000,3000,"fast","control_informative",0.05,5,0.01,"","separate_mirage","trait2","bfdr_discoveries",0.05,1
20260820,8,500,15,3000,3000,3000,3000,"fast","control_informative",0.05,5,0.01,"","separate_mirage","trait2","bfdr_observed_fdp",0.1,0
20260820,8,500,15,3000,3000,3000,3000,"fast","control_informative",0.05,5,0.01,"","separate_mirage","trait2","bfdr_estimate",0.1,3.84569101335996e-05
20260820,8,500,15,3000,3000,3000,3000,"fast","control_informative",0.05,5,0.01,"","separate_mirage","trait2","bfdr_power",0.1,0.1
20260820,8,500,15,3000,3000,3000,3000,"fast","control_informative",0.05,5,0.01,"","separate_mirage","trait2","bfdr_discoveries",0.1,1
20260820,8,500,15,3000,3000,3000,3000,"fast","control_informative",0.05,5,0.01,"","separate_mirage","trait2","bfdr_observed_fdp",0.2,0
20260820,8,500,15,3000,3000,3000,3000,"fast","control_informative",0.05,5,0.01,"","separate_mirage","trait2","bfdr_estimate",0.2,3.84569101335996e-05
20260820,8,500,15,3000,3000,3000,3000,"fast","control_informative",0.05,5,0.01,"","separate_mirage","trait2","bfdr_power",0.2,0.1
20260820,8,500,15,3000,3000,3000,3000,"fast","control_informative",0.05,5,0.01,"","separate_mirage","trait2","bfdr_discoveries",0.2,1
20260820,8,500,15,3000,3000,3000,3000,"fast","control_informative",0.05,5,0.01,"","separate_mirage","pleiotropy","bfdr_observed_fdp",0.01,0
20260820,8,500,15,3000,3000,3000,3000,"fast","control_informative",0.05,5,0.01,"","separate_mirage","pleiotropy","bfdr_estimate",0.01,0.000341472581922964
20260820,8,500,15,3000,3000,3000,3000,"fast","control_informative",0.05,5,0.01,"","separate_mirage","pleiotropy","bfdr_power",0.01,0.2
20260820,8,500,15,3000,3000,3000,3000,"fast","control_informative",0.05,5,0.01,"","separate_mirage","pleiotropy","bfdr_discoveries",0.01,1
20260820,8,500,15,3000,3000,3000,3000,"fast","control_informative",0.05,5,0.01,"","separate_mirage","pleiotropy","bfdr_observed_fdp",0.05,0
20260820,8,500,15,3000,3000,3000,3000,"fast","control_informative",0.05,5,0.01,"","separate_mirage","pleiotropy","bfdr_estimate",0.05,0.000341472581922964
20260820,8,500,15,3000,3000,3000,3000,"fast","control_informative",0.05,5,0.01,"","separate_mirage","pleiotropy","bfdr_power",0.05,0.2
20260820,8,500,15,3000,3000,3000,3000,"fast","control_informative",0.05,5,0.01,"","separate_mirage","pleiotropy","bfdr_discoveries",0.05,1
20260820,8,500,15,3000,3000,3000,3000,"fast","control_informative",0.05,5,0.01,"","separate_mirage","pleiotropy","bfdr_observed_fdp",0.1,0
20260820,8,500,15,3000,3000,3000,3000,"fast","control_informative",0.05,5,0.01,"","separate_mirage","pleiotropy","bfdr_estimate",0.1,0.000341472581922964
20260820,8,500,15,3000,3000,3000,3000,"fast","control_informative",0.05,5,0.01,"","separate_mirage","pleiotropy","bfdr_power",0.1,0.2
20260820,8,500,15,3000,3000,3000,3000,"fast","control_informative",0.05,5,0.01,"","separate_mirage","pleiotropy","bfdr_discoveries",0.1,1
20260820,8,500,15,3000,3000,3000,3000,"fast","control_informative",0.05,5,0.01,"","separate_mirage","pleiotropy","bfdr_observed_fdp",0.2,0
20260820,8,500,15,3000,3000,3000,3000,"fast","control_informative",0.05,5,0.01,"","separate_mirage","pleiotropy","bfdr_estimate",0.2,0.000341472581922964
20260820,8,500,15,3000,3000,3000,3000,"fast","control_informative",0.05,5,0.01,"","separate_mirage","pleiotropy","bfdr_power",0.2,0.2
20260820,8,500,15,3000,3000,3000,3000,"fast","control_informative",0.05,5,0.01,"","separate_mirage","pleiotropy","bfdr_discoveries",0.2,1
20260820,8,500,15,3000,3000,3000,3000,"fast","control_informative",0.05,5,0.01,"","separate_mirage","global","runtime_seconds",NA,18.051
20260820,8,500,15,3000,3000,3000,3000,"fast","control_informative",0.05,5,0.01,"","separate_mirage","pleiotropy","pi11_estimate",NA,0.001
20260820,8,500,15,3000,3000,3000,3000,"fast","control_informative",0.05,5,0.01,"","mtada_aggregated","trait1","auc",NA,0.678147368421053
20260820,8,500,15,3000,3000,3000,3000,"fast","control_informative",0.05,5,0.01,"","mtada_aggregated","trait2","auc",NA,0.713061224489796
20260820,8,500,15,3000,3000,3000,3000,"fast","control_informative",0.05,5,0.01,"","mtada_aggregated","pleiotropy","auc",NA,0.836363636363636
20260820,8,500,15,3000,3000,3000,3000,"fast","control_informative",0.05,5,0.01,"","mtada_aggregated","trait1","pp08_power",0.8,0.28
20260820,8,500,15,3000,3000,3000,3000,"fast","control_informative",0.05,5,0.01,"","mtada_aggregated","trait1","pp08_fdp",0.8,0.854166666666667
20260820,8,500,15,3000,3000,3000,3000,"fast","control_informative",0.05,5,0.01,"","mtada_aggregated","trait1","pp08_discoveries",0.8,48
20260820,8,500,15,3000,3000,3000,3000,"fast","control_informative",0.05,5,0.01,"","mtada_aggregated","trait2","pp08_power",0.8,0.3
20260820,8,500,15,3000,3000,3000,3000,"fast","control_informative",0.05,5,0.01,"","mtada_aggregated","trait2","pp08_fdp",0.8,0.914285714285714
20260820,8,500,15,3000,3000,3000,3000,"fast","control_informative",0.05,5,0.01,"","mtada_aggregated","trait2","pp08_discoveries",0.8,35
20260820,8,500,15,3000,3000,3000,3000,"fast","control_informative",0.05,5,0.01,"","mtada_aggregated","pleiotropy","pp08_power",0.8,0.4
20260820,8,500,15,3000,3000,3000,3000,"fast","control_informative",0.05,5,0.01,"","mtada_aggregated","pleiotropy","pp08_fdp",0.8,0.6
20260820,8,500,15,3000,3000,3000,3000,"fast","control_informative",0.05,5,0.01,"","mtada_aggregated","pleiotropy","pp08_discoveries",0.8,5
20260820,8,500,15,3000,3000,3000,3000,"fast","control_informative",0.05,5,0.01,"","mtada_aggregated","trait1","bfdr_observed_fdp",0.01,0.840909090909091
20260820,8,500,15,3000,3000,3000,3000,"fast","control_informative",0.05,5,0.01,"","mtada_aggregated","trait1","bfdr_estimate",0.01,0.00896695231881636
20260820,8,500,15,3000,3000,3000,3000,"fast","control_informative",0.05,5,0.01,"","mtada_aggregated","trait1","bfdr_power",0.01,0.28
20260820,8,500,15,3000,3000,3000,3000,"fast","control_informative",0.05,5,0.01,"","mtada_aggregated","trait1","bfdr_discoveries",0.01,44
20260820,8,500,15,3000,3000,3000,3000,"fast","control_informative",0.05,5,0.01,"","mtada_aggregated","trait1","bfdr_observed_fdp",0.05,0.849056603773585
20260820,8,500,15,3000,3000,3000,3000,"fast","control_informative",0.05,5,0.01,"","mtada_aggregated","trait1","bfdr_estimate",0.05,0.0453643125458706
20260820,8,500,15,3000,3000,3000,3000,"fast","control_informative",0.05,5,0.01,"","mtada_aggregated","trait1","bfdr_power",0.05,0.32
20260820,8,500,15,3000,3000,3000,3000,"fast","control_informative",0.05,5,0.01,"","mtada_aggregated","trait1","bfdr_discoveries",0.05,53
20260820,8,500,15,3000,3000,3000,3000,"fast","control_informative",0.05,5,0.01,"","mtada_aggregated","trait1","bfdr_observed_fdp",0.1,0.85
20260820,8,500,15,3000,3000,3000,3000,"fast","control_informative",0.05,5,0.01,"","mtada_aggregated","trait1","bfdr_estimate",0.1,0.0965790334599033
20260820,8,500,15,3000,3000,3000,3000,"fast","control_informative",0.05,5,0.01,"","mtada_aggregated","trait1","bfdr_power",0.1,0.36
20260820,8,500,15,3000,3000,3000,3000,"fast","control_informative",0.05,5,0.01,"","mtada_aggregated","trait1","bfdr_discoveries",0.1,60
20260820,8,500,15,3000,3000,3000,3000,"fast","control_informative",0.05,5,0.01,"","mtada_aggregated","trait1","bfdr_observed_fdp",0.2,0.875
20260820,8,500,15,3000,3000,3000,3000,"fast","control_informative",0.05,5,0.01,"","mtada_aggregated","trait1","bfdr_estimate",0.2,0.194553308036428
20260820,8,500,15,3000,3000,3000,3000,"fast","control_informative",0.05,5,0.01,"","mtada_aggregated","trait1","bfdr_power",0.2,0.36
20260820,8,500,15,3000,3000,3000,3000,"fast","control_informative",0.05,5,0.01,"","mtada_aggregated","trait1","bfdr_discoveries",0.2,72
20260820,8,500,15,3000,3000,3000,3000,"fast","control_informative",0.05,5,0.01,"","mtada_aggregated","trait2","bfdr_observed_fdp",0.01,0.909090909090909
20260820,8,500,15,3000,3000,3000,3000,"fast","control_informative",0.05,5,0.01,"","mtada_aggregated","trait2","bfdr_estimate",0.01,0.00895274181541714
20260820,8,500,15,3000,3000,3000,3000,"fast","control_informative",0.05,5,0.01,"","mtada_aggregated","trait2","bfdr_power",0.01,0.3
20260820,8,500,15,3000,3000,3000,3000,"fast","control_informative",0.05,5,0.01,"","mtada_aggregated","trait2","bfdr_discoveries",0.01,33
20260820,8,500,15,3000,3000,3000,3000,"fast","control_informative",0.05,5,0.01,"","mtada_aggregated","trait2","bfdr_observed_fdp",0.05,0.925
20260820,8,500,15,3000,3000,3000,3000,"fast","control_informative",0.05,5,0.01,"","mtada_aggregated","trait2","bfdr_estimate",0.05,0.0479517884700811
20260820,8,500,15,3000,3000,3000,3000,"fast","control_informative",0.05,5,0.01,"","mtada_aggregated","trait2","bfdr_power",0.05,0.3
20260820,8,500,15,3000,3000,3000,3000,"fast","control_informative",0.05,5,0.01,"","mtada_aggregated","trait2","bfdr_discoveries",0.05,40
20260820,8,500,15,3000,3000,3000,3000,"fast","control_informative",0.05,5,0.01,"","mtada_aggregated","trait2","bfdr_observed_fdp",0.1,0.934782608695652
20260820,8,500,15,3000,3000,3000,3000,"fast","control_informative",0.05,5,0.01,"","mtada_aggregated","trait2","bfdr_estimate",0.1,0.0918300277220733
20260820,8,500,15,3000,3000,3000,3000,"fast","control_informative",0.05,5,0.01,"","mtada_aggregated","trait2","bfdr_power",0.1,0.3
20260820,8,500,15,3000,3000,3000,3000,"fast","control_informative",0.05,5,0.01,"","mtada_aggregated","trait2","bfdr_discoveries",0.1,46
20260820,8,500,15,3000,3000,3000,3000,"fast","control_informative",0.05,5,0.01,"","mtada_aggregated","trait2","bfdr_observed_fdp",0.2,0.928571428571429
20260820,8,500,15,3000,3000,3000,3000,"fast","control_informative",0.05,5,0.01,"","mtada_aggregated","trait2","bfdr_estimate",0.2,0.198162657305905
20260820,8,500,15,3000,3000,3000,3000,"fast","control_informative",0.05,5,0.01,"","mtada_aggregated","trait2","bfdr_power",0.2,0.4
20260820,8,500,15,3000,3000,3000,3000,"fast","control_informative",0.05,5,0.01,"","mtada_aggregated","trait2","bfdr_discoveries",0.2,56
20260820,8,500,15,3000,3000,3000,3000,"fast","control_informative",0.05,5,0.01,"","mtada_aggregated","pleiotropy","bfdr_observed_fdp",0.01,0.5
20260820,8,500,15,3000,3000,3000,3000,"fast","control_informative",0.05,5,0.01,"","mtada_aggregated","pleiotropy","bfdr_estimate",0.01,0.00190905481277021
20260820,8,500,15,3000,3000,3000,3000,"fast","control_informative",0.05,5,0.01,"","mtada_aggregated","pleiotropy","bfdr_power",0.01,0.4
20260820,8,500,15,3000,3000,3000,3000,"fast","control_informative",0.05,5,0.01,"","mtada_aggregated","pleiotropy","bfdr_discoveries",0.01,4
20260820,8,500,15,3000,3000,3000,3000,"fast","control_informative",0.05,5,0.01,"","mtada_aggregated","pleiotropy","bfdr_observed_fdp",0.05,0.6
20260820,8,500,15,3000,3000,3000,3000,"fast","control_informative",0.05,5,0.01,"","mtada_aggregated","pleiotropy","bfdr_estimate",0.05,0.0147236812399539
20260820,8,500,15,3000,3000,3000,3000,"fast","control_informative",0.05,5,0.01,"","mtada_aggregated","pleiotropy","bfdr_power",0.05,0.4
20260820,8,500,15,3000,3000,3000,3000,"fast","control_informative",0.05,5,0.01,"","mtada_aggregated","pleiotropy","bfdr_discoveries",0.05,5
20260820,8,500,15,3000,3000,3000,3000,"fast","control_informative",0.05,5,0.01,"","mtada_aggregated","pleiotropy","bfdr_observed_fdp",0.1,0.666666666666667
20260820,8,500,15,3000,3000,3000,3000,"fast","control_informative",0.05,5,0.01,"","mtada_aggregated","pleiotropy","bfdr_estimate",0.1,0.0956775132153158
20260820,8,500,15,3000,3000,3000,3000,"fast","control_informative",0.05,5,0.01,"","mtada_aggregated","pleiotropy","bfdr_power",0.1,0.4
20260820,8,500,15,3000,3000,3000,3000,"fast","control_informative",0.05,5,0.01,"","mtada_aggregated","pleiotropy","bfdr_discoveries",0.1,6
20260820,8,500,15,3000,3000,3000,3000,"fast","control_informative",0.05,5,0.01,"","mtada_aggregated","pleiotropy","bfdr_observed_fdp",0.2,0.714285714285714
20260820,8,500,15,3000,3000,3000,3000,"fast","control_informative",0.05,5,0.01,"","mtada_aggregated","pleiotropy","bfdr_estimate",0.2,0.164540303521119
20260820,8,500,15,3000,3000,3000,3000,"fast","control_informative",0.05,5,0.01,"","mtada_aggregated","pleiotropy","bfdr_power",0.2,0.4
20260820,8,500,15,3000,3000,3000,3000,"fast","control_informative",0.05,5,0.01,"","mtada_aggregated","pleiotropy","bfdr_discoveries",0.2,7
20260820,8,500,15,3000,3000,3000,3000,"fast","control_informative",0.05,5,0.01,"","mtada_aggregated","global","runtime_seconds",NA,1.20800000000003
20260820,8,500,15,3000,3000,3000,3000,"fast","control_informative",0.05,5,0.01,"","mtada_aggregated","pleiotropy","pi11_estimate",NA,0.00137652
20260821,9,500,15,3000,3000,3000,3000,"fast","control_informative",0.05,5,0.01,"","mirage_joint","trait1","auc",NA,0.710484210526316
20260821,9,500,15,3000,3000,3000,3000,"fast","control_informative",0.05,5,0.01,"","mirage_joint","trait2","auc",NA,0.703469387755102
20260821,9,500,15,3000,3000,3000,3000,"fast","control_informative",0.05,5,0.01,"","mirage_joint","pleiotropy","auc",NA,0.772121212121212
20260821,9,500,15,3000,3000,3000,3000,"fast","control_informative",0.05,5,0.01,"","mirage_joint","trait1","pp08_power",0.8,0
20260821,9,500,15,3000,3000,3000,3000,"fast","control_informative",0.05,5,0.01,"","mirage_joint","trait1","pp08_fdp",0.8,0
20260821,9,500,15,3000,3000,3000,3000,"fast","control_informative",0.05,5,0.01,"","mirage_joint","trait1","pp08_discoveries",0.8,0
20260821,9,500,15,3000,3000,3000,3000,"fast","control_informative",0.05,5,0.01,"","mirage_joint","trait2","pp08_power",0.8,0
20260821,9,500,15,3000,3000,3000,3000,"fast","control_informative",0.05,5,0.01,"","mirage_joint","trait2","pp08_fdp",0.8,1
20260821,9,500,15,3000,3000,3000,3000,"fast","control_informative",0.05,5,0.01,"","mirage_joint","trait2","pp08_discoveries",0.8,1
20260821,9,500,15,3000,3000,3000,3000,"fast","control_informative",0.05,5,0.01,"","mirage_joint","pleiotropy","pp08_power",0.8,0
20260821,9,500,15,3000,3000,3000,3000,"fast","control_informative",0.05,5,0.01,"","mirage_joint","pleiotropy","pp08_fdp",0.8,0
20260821,9,500,15,3000,3000,3000,3000,"fast","control_informative",0.05,5,0.01,"","mirage_joint","pleiotropy","pp08_discoveries",0.8,0
20260821,9,500,15,3000,3000,3000,3000,"fast","control_informative",0.05,5,0.01,"","mirage_joint","trait1","bfdr_observed_fdp",0.01,0
20260821,9,500,15,3000,3000,3000,3000,"fast","control_informative",0.05,5,0.01,"","mirage_joint","trait1","bfdr_estimate",0.01,0
20260821,9,500,15,3000,3000,3000,3000,"fast","control_informative",0.05,5,0.01,"","mirage_joint","trait1","bfdr_power",0.01,0
20260821,9,500,15,3000,3000,3000,3000,"fast","control_informative",0.05,5,0.01,"","mirage_joint","trait1","bfdr_discoveries",0.01,0
20260821,9,500,15,3000,3000,3000,3000,"fast","control_informative",0.05,5,0.01,"","mirage_joint","trait1","bfdr_observed_fdp",0.05,0
20260821,9,500,15,3000,3000,3000,3000,"fast","control_informative",0.05,5,0.01,"","mirage_joint","trait1","bfdr_estimate",0.05,0
20260821,9,500,15,3000,3000,3000,3000,"fast","control_informative",0.05,5,0.01,"","mirage_joint","trait1","bfdr_power",0.05,0
20260821,9,500,15,3000,3000,3000,3000,"fast","control_informative",0.05,5,0.01,"","mirage_joint","trait1","bfdr_discoveries",0.05,0
20260821,9,500,15,3000,3000,3000,3000,"fast","control_informative",0.05,5,0.01,"","mirage_joint","trait1","bfdr_observed_fdp",0.1,0
20260821,9,500,15,3000,3000,3000,3000,"fast","control_informative",0.05,5,0.01,"","mirage_joint","trait1","bfdr_estimate",0.1,0
20260821,9,500,15,3000,3000,3000,3000,"fast","control_informative",0.05,5,0.01,"","mirage_joint","trait1","bfdr_power",0.1,0
20260821,9,500,15,3000,3000,3000,3000,"fast","control_informative",0.05,5,0.01,"","mirage_joint","trait1","bfdr_discoveries",0.1,0
20260821,9,500,15,3000,3000,3000,3000,"fast","control_informative",0.05,5,0.01,"","mirage_joint","trait1","bfdr_observed_fdp",0.2,0
20260821,9,500,15,3000,3000,3000,3000,"fast","control_informative",0.05,5,0.01,"","mirage_joint","trait1","bfdr_estimate",0.2,0
20260821,9,500,15,3000,3000,3000,3000,"fast","control_informative",0.05,5,0.01,"","mirage_joint","trait1","bfdr_power",0.2,0
20260821,9,500,15,3000,3000,3000,3000,"fast","control_informative",0.05,5,0.01,"","mirage_joint","trait1","bfdr_discoveries",0.2,0
20260821,9,500,15,3000,3000,3000,3000,"fast","control_informative",0.05,5,0.01,"","mirage_joint","trait2","bfdr_observed_fdp",0.01,0
20260821,9,500,15,3000,3000,3000,3000,"fast","control_informative",0.05,5,0.01,"","mirage_joint","trait2","bfdr_estimate",0.01,0
20260821,9,500,15,3000,3000,3000,3000,"fast","control_informative",0.05,5,0.01,"","mirage_joint","trait2","bfdr_power",0.01,0
20260821,9,500,15,3000,3000,3000,3000,"fast","control_informative",0.05,5,0.01,"","mirage_joint","trait2","bfdr_discoveries",0.01,0
20260821,9,500,15,3000,3000,3000,3000,"fast","control_informative",0.05,5,0.01,"","mirage_joint","trait2","bfdr_observed_fdp",0.05,0
20260821,9,500,15,3000,3000,3000,3000,"fast","control_informative",0.05,5,0.01,"","mirage_joint","trait2","bfdr_estimate",0.05,0
20260821,9,500,15,3000,3000,3000,3000,"fast","control_informative",0.05,5,0.01,"","mirage_joint","trait2","bfdr_power",0.05,0
20260821,9,500,15,3000,3000,3000,3000,"fast","control_informative",0.05,5,0.01,"","mirage_joint","trait2","bfdr_discoveries",0.05,0
20260821,9,500,15,3000,3000,3000,3000,"fast","control_informative",0.05,5,0.01,"","mirage_joint","trait2","bfdr_observed_fdp",0.1,0
20260821,9,500,15,3000,3000,3000,3000,"fast","control_informative",0.05,5,0.01,"","mirage_joint","trait2","bfdr_estimate",0.1,0
20260821,9,500,15,3000,3000,3000,3000,"fast","control_informative",0.05,5,0.01,"","mirage_joint","trait2","bfdr_power",0.1,0
20260821,9,500,15,3000,3000,3000,3000,"fast","control_informative",0.05,5,0.01,"","mirage_joint","trait2","bfdr_discoveries",0.1,0
20260821,9,500,15,3000,3000,3000,3000,"fast","control_informative",0.05,5,0.01,"","mirage_joint","trait2","bfdr_observed_fdp",0.2,1
20260821,9,500,15,3000,3000,3000,3000,"fast","control_informative",0.05,5,0.01,"","mirage_joint","trait2","bfdr_estimate",0.2,0.179338686462845
20260821,9,500,15,3000,3000,3000,3000,"fast","control_informative",0.05,5,0.01,"","mirage_joint","trait2","bfdr_power",0.2,0
20260821,9,500,15,3000,3000,3000,3000,"fast","control_informative",0.05,5,0.01,"","mirage_joint","trait2","bfdr_discoveries",0.2,2
20260821,9,500,15,3000,3000,3000,3000,"fast","control_informative",0.05,5,0.01,"","mirage_joint","pleiotropy","bfdr_observed_fdp",0.01,0
20260821,9,500,15,3000,3000,3000,3000,"fast","control_informative",0.05,5,0.01,"","mirage_joint","pleiotropy","bfdr_estimate",0.01,0
20260821,9,500,15,3000,3000,3000,3000,"fast","control_informative",0.05,5,0.01,"","mirage_joint","pleiotropy","bfdr_power",0.01,0
20260821,9,500,15,3000,3000,3000,3000,"fast","control_informative",0.05,5,0.01,"","mirage_joint","pleiotropy","bfdr_discoveries",0.01,0
20260821,9,500,15,3000,3000,3000,3000,"fast","control_informative",0.05,5,0.01,"","mirage_joint","pleiotropy","bfdr_observed_fdp",0.05,0
20260821,9,500,15,3000,3000,3000,3000,"fast","control_informative",0.05,5,0.01,"","mirage_joint","pleiotropy","bfdr_estimate",0.05,0
20260821,9,500,15,3000,3000,3000,3000,"fast","control_informative",0.05,5,0.01,"","mirage_joint","pleiotropy","bfdr_power",0.05,0
20260821,9,500,15,3000,3000,3000,3000,"fast","control_informative",0.05,5,0.01,"","mirage_joint","pleiotropy","bfdr_discoveries",0.05,0
20260821,9,500,15,3000,3000,3000,3000,"fast","control_informative",0.05,5,0.01,"","mirage_joint","pleiotropy","bfdr_observed_fdp",0.1,0
20260821,9,500,15,3000,3000,3000,3000,"fast","control_informative",0.05,5,0.01,"","mirage_joint","pleiotropy","bfdr_estimate",0.1,0
20260821,9,500,15,3000,3000,3000,3000,"fast","control_informative",0.05,5,0.01,"","mirage_joint","pleiotropy","bfdr_power",0.1,0
20260821,9,500,15,3000,3000,3000,3000,"fast","control_informative",0.05,5,0.01,"","mirage_joint","pleiotropy","bfdr_discoveries",0.1,0
20260821,9,500,15,3000,3000,3000,3000,"fast","control_informative",0.05,5,0.01,"","mirage_joint","pleiotropy","bfdr_observed_fdp",0.2,0
20260821,9,500,15,3000,3000,3000,3000,"fast","control_informative",0.05,5,0.01,"","mirage_joint","pleiotropy","bfdr_estimate",0.2,0
20260821,9,500,15,3000,3000,3000,3000,"fast","control_informative",0.05,5,0.01,"","mirage_joint","pleiotropy","bfdr_power",0.2,0
20260821,9,500,15,3000,3000,3000,3000,"fast","control_informative",0.05,5,0.01,"","mirage_joint","pleiotropy","bfdr_discoveries",0.2,0
20260821,9,500,15,3000,3000,3000,3000,"fast","control_informative",0.05,5,0.01,"","mirage_joint","global","runtime_seconds",NA,18.017
20260821,9,500,15,3000,3000,3000,3000,"fast","control_informative",0.05,5,0.01,"","mirage_joint","pleiotropy","pi11_estimate",NA,0.0123270303549277
20260821,9,500,15,3000,3000,3000,3000,"fast","control_informative",0.05,5,0.01,"","separate_mirage","trait1","auc",NA,0.6832
20260821,9,500,15,3000,3000,3000,3000,"fast","control_informative",0.05,5,0.01,"","separate_mirage","trait2","auc",NA,0.732857142857143
20260821,9,500,15,3000,3000,3000,3000,"fast","control_informative",0.05,5,0.01,"","separate_mirage","pleiotropy","auc",NA,0.717575757575758
20260821,9,500,15,3000,3000,3000,3000,"fast","control_informative",0.05,5,0.01,"","separate_mirage","trait1","pp08_power",0.8,0
20260821,9,500,15,3000,3000,3000,3000,"fast","control_informative",0.05,5,0.01,"","separate_mirage","trait1","pp08_fdp",0.8,0
20260821,9,500,15,3000,3000,3000,3000,"fast","control_informative",0.05,5,0.01,"","separate_mirage","trait1","pp08_discoveries",0.8,0
20260821,9,500,15,3000,3000,3000,3000,"fast","control_informative",0.05,5,0.01,"","separate_mirage","trait2","pp08_power",0.8,0
20260821,9,500,15,3000,3000,3000,3000,"fast","control_informative",0.05,5,0.01,"","separate_mirage","trait2","pp08_fdp",0.8,1
20260821,9,500,15,3000,3000,3000,3000,"fast","control_informative",0.05,5,0.01,"","separate_mirage","trait2","pp08_discoveries",0.8,2
20260821,9,500,15,3000,3000,3000,3000,"fast","control_informative",0.05,5,0.01,"","separate_mirage","pleiotropy","pp08_power",0.8,0
20260821,9,500,15,3000,3000,3000,3000,"fast","control_informative",0.05,5,0.01,"","separate_mirage","pleiotropy","pp08_fdp",0.8,0
20260821,9,500,15,3000,3000,3000,3000,"fast","control_informative",0.05,5,0.01,"","separate_mirage","pleiotropy","pp08_discoveries",0.8,0
20260821,9,500,15,3000,3000,3000,3000,"fast","control_informative",0.05,5,0.01,"","separate_mirage","trait1","bfdr_observed_fdp",0.01,0
20260821,9,500,15,3000,3000,3000,3000,"fast","control_informative",0.05,5,0.01,"","separate_mirage","trait1","bfdr_estimate",0.01,0
20260821,9,500,15,3000,3000,3000,3000,"fast","control_informative",0.05,5,0.01,"","separate_mirage","trait1","bfdr_power",0.01,0
20260821,9,500,15,3000,3000,3000,3000,"fast","control_informative",0.05,5,0.01,"","separate_mirage","trait1","bfdr_discoveries",0.01,0
20260821,9,500,15,3000,3000,3000,3000,"fast","control_informative",0.05,5,0.01,"","separate_mirage","trait1","bfdr_observed_fdp",0.05,0
20260821,9,500,15,3000,3000,3000,3000,"fast","control_informative",0.05,5,0.01,"","separate_mirage","trait1","bfdr_estimate",0.05,0
20260821,9,500,15,3000,3000,3000,3000,"fast","control_informative",0.05,5,0.01,"","separate_mirage","trait1","bfdr_power",0.05,0
20260821,9,500,15,3000,3000,3000,3000,"fast","control_informative",0.05,5,0.01,"","separate_mirage","trait1","bfdr_discoveries",0.05,0
20260821,9,500,15,3000,3000,3000,3000,"fast","control_informative",0.05,5,0.01,"","separate_mirage","trait1","bfdr_observed_fdp",0.1,0
20260821,9,500,15,3000,3000,3000,3000,"fast","control_informative",0.05,5,0.01,"","separate_mirage","trait1","bfdr_estimate",0.1,0
20260821,9,500,15,3000,3000,3000,3000,"fast","control_informative",0.05,5,0.01,"","separate_mirage","trait1","bfdr_power",0.1,0
20260821,9,500,15,3000,3000,3000,3000,"fast","control_informative",0.05,5,0.01,"","separate_mirage","trait1","bfdr_discoveries",0.1,0
20260821,9,500,15,3000,3000,3000,3000,"fast","control_informative",0.05,5,0.01,"","separate_mirage","trait1","bfdr_observed_fdp",0.2,0
20260821,9,500,15,3000,3000,3000,3000,"fast","control_informative",0.05,5,0.01,"","separate_mirage","trait1","bfdr_estimate",0.2,0
20260821,9,500,15,3000,3000,3000,3000,"fast","control_informative",0.05,5,0.01,"","separate_mirage","trait1","bfdr_power",0.2,0
20260821,9,500,15,3000,3000,3000,3000,"fast","control_informative",0.05,5,0.01,"","separate_mirage","trait1","bfdr_discoveries",0.2,0
20260821,9,500,15,3000,3000,3000,3000,"fast","control_informative",0.05,5,0.01,"","separate_mirage","trait2","bfdr_observed_fdp",0.01,0
20260821,9,500,15,3000,3000,3000,3000,"fast","control_informative",0.05,5,0.01,"","separate_mirage","trait2","bfdr_estimate",0.01,0
20260821,9,500,15,3000,3000,3000,3000,"fast","control_informative",0.05,5,0.01,"","separate_mirage","trait2","bfdr_power",0.01,0
20260821,9,500,15,3000,3000,3000,3000,"fast","control_informative",0.05,5,0.01,"","separate_mirage","trait2","bfdr_discoveries",0.01,0
20260821,9,500,15,3000,3000,3000,3000,"fast","control_informative",0.05,5,0.01,"","separate_mirage","trait2","bfdr_observed_fdp",0.05,0
20260821,9,500,15,3000,3000,3000,3000,"fast","control_informative",0.05,5,0.01,"","separate_mirage","trait2","bfdr_estimate",0.05,0
20260821,9,500,15,3000,3000,3000,3000,"fast","control_informative",0.05,5,0.01,"","separate_mirage","trait2","bfdr_power",0.05,0
20260821,9,500,15,3000,3000,3000,3000,"fast","control_informative",0.05,5,0.01,"","separate_mirage","trait2","bfdr_discoveries",0.05,0
20260821,9,500,15,3000,3000,3000,3000,"fast","control_informative",0.05,5,0.01,"","separate_mirage","trait2","bfdr_observed_fdp",0.1,0
20260821,9,500,15,3000,3000,3000,3000,"fast","control_informative",0.05,5,0.01,"","separate_mirage","trait2","bfdr_estimate",0.1,0
20260821,9,500,15,3000,3000,3000,3000,"fast","control_informative",0.05,5,0.01,"","separate_mirage","trait2","bfdr_power",0.1,0
20260821,9,500,15,3000,3000,3000,3000,"fast","control_informative",0.05,5,0.01,"","separate_mirage","trait2","bfdr_discoveries",0.1,0
20260821,9,500,15,3000,3000,3000,3000,"fast","control_informative",0.05,5,0.01,"","separate_mirage","trait2","bfdr_observed_fdp",0.2,1
20260821,9,500,15,3000,3000,3000,3000,"fast","control_informative",0.05,5,0.01,"","separate_mirage","trait2","bfdr_estimate",0.2,0.194791936508456
20260821,9,500,15,3000,3000,3000,3000,"fast","control_informative",0.05,5,0.01,"","separate_mirage","trait2","bfdr_power",0.2,0
20260821,9,500,15,3000,3000,3000,3000,"fast","control_informative",0.05,5,0.01,"","separate_mirage","trait2","bfdr_discoveries",0.2,3
20260821,9,500,15,3000,3000,3000,3000,"fast","control_informative",0.05,5,0.01,"","separate_mirage","pleiotropy","bfdr_observed_fdp",0.01,0
20260821,9,500,15,3000,3000,3000,3000,"fast","control_informative",0.05,5,0.01,"","separate_mirage","pleiotropy","bfdr_estimate",0.01,0
20260821,9,500,15,3000,3000,3000,3000,"fast","control_informative",0.05,5,0.01,"","separate_mirage","pleiotropy","bfdr_power",0.01,0
20260821,9,500,15,3000,3000,3000,3000,"fast","control_informative",0.05,5,0.01,"","separate_mirage","pleiotropy","bfdr_discoveries",0.01,0
20260821,9,500,15,3000,3000,3000,3000,"fast","control_informative",0.05,5,0.01,"","separate_mirage","pleiotropy","bfdr_observed_fdp",0.05,0
20260821,9,500,15,3000,3000,3000,3000,"fast","control_informative",0.05,5,0.01,"","separate_mirage","pleiotropy","bfdr_estimate",0.05,0
20260821,9,500,15,3000,3000,3000,3000,"fast","control_informative",0.05,5,0.01,"","separate_mirage","pleiotropy","bfdr_power",0.05,0
20260821,9,500,15,3000,3000,3000,3000,"fast","control_informative",0.05,5,0.01,"","separate_mirage","pleiotropy","bfdr_discoveries",0.05,0
20260821,9,500,15,3000,3000,3000,3000,"fast","control_informative",0.05,5,0.01,"","separate_mirage","pleiotropy","bfdr_observed_fdp",0.1,0
20260821,9,500,15,3000,3000,3000,3000,"fast","control_informative",0.05,5,0.01,"","separate_mirage","pleiotropy","bfdr_estimate",0.1,0
20260821,9,500,15,3000,3000,3000,3000,"fast","control_informative",0.05,5,0.01,"","separate_mirage","pleiotropy","bfdr_power",0.1,0
20260821,9,500,15,3000,3000,3000,3000,"fast","control_informative",0.05,5,0.01,"","separate_mirage","pleiotropy","bfdr_discoveries",0.1,0
20260821,9,500,15,3000,3000,3000,3000,"fast","control_informative",0.05,5,0.01,"","separate_mirage","pleiotropy","bfdr_observed_fdp",0.2,0
20260821,9,500,15,3000,3000,3000,3000,"fast","control_informative",0.05,5,0.01,"","separate_mirage","pleiotropy","bfdr_estimate",0.2,0
20260821,9,500,15,3000,3000,3000,3000,"fast","control_informative",0.05,5,0.01,"","separate_mirage","pleiotropy","bfdr_power",0.2,0
20260821,9,500,15,3000,3000,3000,3000,"fast","control_informative",0.05,5,0.01,"","separate_mirage","pleiotropy","bfdr_discoveries",0.2,0
20260821,9,500,15,3000,3000,3000,3000,"fast","control_informative",0.05,5,0.01,"","separate_mirage","global","runtime_seconds",NA,17.967
20260821,9,500,15,3000,3000,3000,3000,"fast","control_informative",0.05,5,0.01,"","separate_mirage","pleiotropy","pi11_estimate",NA,0.001
20260821,9,500,15,3000,3000,3000,3000,"fast","control_informative",0.05,5,0.01,"","mtada_aggregated","trait1","auc",NA,0.640336842105263
20260821,9,500,15,3000,3000,3000,3000,"fast","control_informative",0.05,5,0.01,"","mtada_aggregated","trait2","auc",NA,0.720612244897959
20260821,9,500,15,3000,3000,3000,3000,"fast","control_informative",0.05,5,0.01,"","mtada_aggregated","pleiotropy","auc",NA,0.87030303030303
20260821,9,500,15,3000,3000,3000,3000,"fast","control_informative",0.05,5,0.01,"","mtada_aggregated","trait1","pp08_power",0.8,0.12
20260821,9,500,15,3000,3000,3000,3000,"fast","control_informative",0.05,5,0.01,"","mtada_aggregated","trait1","pp08_fdp",0.8,0.914285714285714
20260821,9,500,15,3000,3000,3000,3000,"fast","control_informative",0.05,5,0.01,"","mtada_aggregated","trait1","pp08_discoveries",0.8,35
20260821,9,500,15,3000,3000,3000,3000,"fast","control_informative",0.05,5,0.01,"","mtada_aggregated","trait2","pp08_power",0.8,0.3
20260821,9,500,15,3000,3000,3000,3000,"fast","control_informative",0.05,5,0.01,"","mtada_aggregated","trait2","pp08_fdp",0.8,0.90625
20260821,9,500,15,3000,3000,3000,3000,"fast","control_informative",0.05,5,0.01,"","mtada_aggregated","trait2","pp08_discoveries",0.8,32
20260821,9,500,15,3000,3000,3000,3000,"fast","control_informative",0.05,5,0.01,"","mtada_aggregated","pleiotropy","pp08_power",0.8,0
20260821,9,500,15,3000,3000,3000,3000,"fast","control_informative",0.05,5,0.01,"","mtada_aggregated","pleiotropy","pp08_fdp",0.8,1
20260821,9,500,15,3000,3000,3000,3000,"fast","control_informative",0.05,5,0.01,"","mtada_aggregated","pleiotropy","pp08_discoveries",0.8,6
20260821,9,500,15,3000,3000,3000,3000,"fast","control_informative",0.05,5,0.01,"","mtada_aggregated","trait1","bfdr_observed_fdp",0.01,0.896551724137931
20260821,9,500,15,3000,3000,3000,3000,"fast","control_informative",0.05,5,0.01,"","mtada_aggregated","trait1","bfdr_estimate",0.01,0.00952676561394624
20260821,9,500,15,3000,3000,3000,3000,"fast","control_informative",0.05,5,0.01,"","mtada_aggregated","trait1","bfdr_power",0.01,0.12
20260821,9,500,15,3000,3000,3000,3000,"fast","control_informative",0.05,5,0.01,"","mtada_aggregated","trait1","bfdr_discoveries",0.01,29
20260821,9,500,15,3000,3000,3000,3000,"fast","control_informative",0.05,5,0.01,"","mtada_aggregated","trait1","bfdr_observed_fdp",0.05,0.921052631578947
20260821,9,500,15,3000,3000,3000,3000,"fast","control_informative",0.05,5,0.01,"","mtada_aggregated","trait1","bfdr_estimate",0.05,0.0454744571379687
20260821,9,500,15,3000,3000,3000,3000,"fast","control_informative",0.05,5,0.01,"","mtada_aggregated","trait1","bfdr_power",0.05,0.12
20260821,9,500,15,3000,3000,3000,3000,"fast","control_informative",0.05,5,0.01,"","mtada_aggregated","trait1","bfdr_discoveries",0.05,38
20260821,9,500,15,3000,3000,3000,3000,"fast","control_informative",0.05,5,0.01,"","mtada_aggregated","trait1","bfdr_observed_fdp",0.1,0.909090909090909
20260821,9,500,15,3000,3000,3000,3000,"fast","control_informative",0.05,5,0.01,"","mtada_aggregated","trait1","bfdr_estimate",0.1,0.0943734527320386
20260821,9,500,15,3000,3000,3000,3000,"fast","control_informative",0.05,5,0.01,"","mtada_aggregated","trait1","bfdr_power",0.1,0.16
20260821,9,500,15,3000,3000,3000,3000,"fast","control_informative",0.05,5,0.01,"","mtada_aggregated","trait1","bfdr_discoveries",0.1,44
20260821,9,500,15,3000,3000,3000,3000,"fast","control_informative",0.05,5,0.01,"","mtada_aggregated","trait1","bfdr_observed_fdp",0.2,0.927272727272727
20260821,9,500,15,3000,3000,3000,3000,"fast","control_informative",0.05,5,0.01,"","mtada_aggregated","trait1","bfdr_estimate",0.2,0.195548152936628
20260821,9,500,15,3000,3000,3000,3000,"fast","control_informative",0.05,5,0.01,"","mtada_aggregated","trait1","bfdr_power",0.2,0.16
20260821,9,500,15,3000,3000,3000,3000,"fast","control_informative",0.05,5,0.01,"","mtada_aggregated","trait1","bfdr_discoveries",0.2,55
20260821,9,500,15,3000,3000,3000,3000,"fast","control_informative",0.05,5,0.01,"","mtada_aggregated","trait2","bfdr_observed_fdp",0.01,0.92
20260821,9,500,15,3000,3000,3000,3000,"fast","control_informative",0.05,5,0.01,"","mtada_aggregated","trait2","bfdr_estimate",0.01,0.00963768144682037
20260821,9,500,15,3000,3000,3000,3000,"fast","control_informative",0.05,5,0.01,"","mtada_aggregated","trait2","bfdr_power",0.01,0.2
20260821,9,500,15,3000,3000,3000,3000,"fast","control_informative",0.05,5,0.01,"","mtada_aggregated","trait2","bfdr_discoveries",0.01,25
20260821,9,500,15,3000,3000,3000,3000,"fast","control_informative",0.05,5,0.01,"","mtada_aggregated","trait2","bfdr_observed_fdp",0.05,0.911764705882353
20260821,9,500,15,3000,3000,3000,3000,"fast","control_informative",0.05,5,0.01,"","mtada_aggregated","trait2","bfdr_estimate",0.05,0.0435855750579715
20260821,9,500,15,3000,3000,3000,3000,"fast","control_informative",0.05,5,0.01,"","mtada_aggregated","trait2","bfdr_power",0.05,0.3
20260821,9,500,15,3000,3000,3000,3000,"fast","control_informative",0.05,5,0.01,"","mtada_aggregated","trait2","bfdr_discoveries",0.05,34
20260821,9,500,15,3000,3000,3000,3000,"fast","control_informative",0.05,5,0.01,"","mtada_aggregated","trait2","bfdr_observed_fdp",0.1,0.897435897435897
20260821,9,500,15,3000,3000,3000,3000,"fast","control_informative",0.05,5,0.01,"","mtada_aggregated","trait2","bfdr_estimate",0.1,0.0957712370239516
20260821,9,500,15,3000,3000,3000,3000,"fast","control_informative",0.05,5,0.01,"","mtada_aggregated","trait2","bfdr_power",0.1,0.4
20260821,9,500,15,3000,3000,3000,3000,"fast","control_informative",0.05,5,0.01,"","mtada_aggregated","trait2","bfdr_discoveries",0.1,39
20260821,9,500,15,3000,3000,3000,3000,"fast","control_informative",0.05,5,0.01,"","mtada_aggregated","trait2","bfdr_observed_fdp",0.2,0.893617021276596
20260821,9,500,15,3000,3000,3000,3000,"fast","control_informative",0.05,5,0.01,"","mtada_aggregated","trait2","bfdr_estimate",0.2,0.192421373635428
20260821,9,500,15,3000,3000,3000,3000,"fast","control_informative",0.05,5,0.01,"","mtada_aggregated","trait2","bfdr_power",0.2,0.5
20260821,9,500,15,3000,3000,3000,3000,"fast","control_informative",0.05,5,0.01,"","mtada_aggregated","trait2","bfdr_discoveries",0.2,47
20260821,9,500,15,3000,3000,3000,3000,"fast","control_informative",0.05,5,0.01,"","mtada_aggregated","pleiotropy","bfdr_observed_fdp",0.01,1
20260821,9,500,15,3000,3000,3000,3000,"fast","control_informative",0.05,5,0.01,"","mtada_aggregated","pleiotropy","bfdr_estimate",0.01,0.00368027995091141
20260821,9,500,15,3000,3000,3000,3000,"fast","control_informative",0.05,5,0.01,"","mtada_aggregated","pleiotropy","bfdr_power",0.01,0
20260821,9,500,15,3000,3000,3000,3000,"fast","control_informative",0.05,5,0.01,"","mtada_aggregated","pleiotropy","bfdr_discoveries",0.01,4
20260821,9,500,15,3000,3000,3000,3000,"fast","control_informative",0.05,5,0.01,"","mtada_aggregated","pleiotropy","bfdr_observed_fdp",0.05,1
20260821,9,500,15,3000,3000,3000,3000,"fast","control_informative",0.05,5,0.01,"","mtada_aggregated","pleiotropy","bfdr_estimate",0.05,0.0191112331733261
20260821,9,500,15,3000,3000,3000,3000,"fast","control_informative",0.05,5,0.01,"","mtada_aggregated","pleiotropy","bfdr_power",0.05,0
20260821,9,500,15,3000,3000,3000,3000,"fast","control_informative",0.05,5,0.01,"","mtada_aggregated","pleiotropy","bfdr_discoveries",0.05,6
20260821,9,500,15,3000,3000,3000,3000,"fast","control_informative",0.05,5,0.01,"","mtada_aggregated","pleiotropy","bfdr_observed_fdp",0.1,1
20260821,9,500,15,3000,3000,3000,3000,"fast","control_informative",0.05,5,0.01,"","mtada_aggregated","pleiotropy","bfdr_estimate",0.1,0.0741600876431438
20260821,9,500,15,3000,3000,3000,3000,"fast","control_informative",0.05,5,0.01,"","mtada_aggregated","pleiotropy","bfdr_power",0.1,0
20260821,9,500,15,3000,3000,3000,3000,"fast","control_informative",0.05,5,0.01,"","mtada_aggregated","pleiotropy","bfdr_discoveries",0.1,7
20260821,9,500,15,3000,3000,3000,3000,"fast","control_informative",0.05,5,0.01,"","mtada_aggregated","pleiotropy","bfdr_observed_fdp",0.2,1
20260821,9,500,15,3000,3000,3000,3000,"fast","control_informative",0.05,5,0.01,"","mtada_aggregated","pleiotropy","bfdr_estimate",0.2,0.16285913885154
20260821,9,500,15,3000,3000,3000,3000,"fast","control_informative",0.05,5,0.01,"","mtada_aggregated","pleiotropy","bfdr_power",0.2,0
20260821,9,500,15,3000,3000,3000,3000,"fast","control_informative",0.05,5,0.01,"","mtada_aggregated","pleiotropy","bfdr_discoveries",0.2,8
20260821,9,500,15,3000,3000,3000,3000,"fast","control_informative",0.05,5,0.01,"","mtada_aggregated","global","runtime_seconds",NA,1.06999999999999
20260821,9,500,15,3000,3000,3000,3000,"fast","control_informative",0.05,5,0.01,"","mtada_aggregated","pleiotropy","pi11_estimate",NA,0.00201361
20260822,10,500,15,3000,3000,3000,3000,"fast","control_informative",0.05,5,0.01,"","mirage_joint","trait1","auc",NA,0.758484210526316
20260822,10,500,15,3000,3000,3000,3000,"fast","control_informative",0.05,5,0.01,"","mirage_joint","trait2","auc",NA,0.579387755102041
20260822,10,500,15,3000,3000,3000,3000,"fast","control_informative",0.05,5,0.01,"","mirage_joint","pleiotropy","auc",NA,0.493333333333333
20260822,10,500,15,3000,3000,3000,3000,"fast","control_informative",0.05,5,0.01,"","mirage_joint","trait1","pp08_power",0.8,0.12
20260822,10,500,15,3000,3000,3000,3000,"fast","control_informative",0.05,5,0.01,"","mirage_joint","trait1","pp08_fdp",0.8,0.25
20260822,10,500,15,3000,3000,3000,3000,"fast","control_informative",0.05,5,0.01,"","mirage_joint","trait1","pp08_discoveries",0.8,4
20260822,10,500,15,3000,3000,3000,3000,"fast","control_informative",0.05,5,0.01,"","mirage_joint","trait2","pp08_power",0.8,0.1
20260822,10,500,15,3000,3000,3000,3000,"fast","control_informative",0.05,5,0.01,"","mirage_joint","trait2","pp08_fdp",0.8,0
20260822,10,500,15,3000,3000,3000,3000,"fast","control_informative",0.05,5,0.01,"","mirage_joint","trait2","pp08_discoveries",0.8,1
20260822,10,500,15,3000,3000,3000,3000,"fast","control_informative",0.05,5,0.01,"","mirage_joint","pleiotropy","pp08_power",0.8,0.2
20260822,10,500,15,3000,3000,3000,3000,"fast","control_informative",0.05,5,0.01,"","mirage_joint","pleiotropy","pp08_fdp",0.8,0
20260822,10,500,15,3000,3000,3000,3000,"fast","control_informative",0.05,5,0.01,"","mirage_joint","pleiotropy","pp08_discoveries",0.8,1
20260822,10,500,15,3000,3000,3000,3000,"fast","control_informative",0.05,5,0.01,"","mirage_joint","trait1","bfdr_observed_fdp",0.01,0
20260822,10,500,15,3000,3000,3000,3000,"fast","control_informative",0.05,5,0.01,"","mirage_joint","trait1","bfdr_estimate",0.01,0.00942595567893678
20260822,10,500,15,3000,3000,3000,3000,"fast","control_informative",0.05,5,0.01,"","mirage_joint","trait1","bfdr_power",0.01,0.08
20260822,10,500,15,3000,3000,3000,3000,"fast","control_informative",0.05,5,0.01,"","mirage_joint","trait1","bfdr_discoveries",0.01,2
20260822,10,500,15,3000,3000,3000,3000,"fast","control_informative",0.05,5,0.01,"","mirage_joint","trait1","bfdr_observed_fdp",0.05,0
20260822,10,500,15,3000,3000,3000,3000,"fast","control_informative",0.05,5,0.01,"","mirage_joint","trait1","bfdr_estimate",0.05,0.0465729767323053
20260822,10,500,15,3000,3000,3000,3000,"fast","control_informative",0.05,5,0.01,"","mirage_joint","trait1","bfdr_power",0.05,0.12
20260822,10,500,15,3000,3000,3000,3000,"fast","control_informative",0.05,5,0.01,"","mirage_joint","trait1","bfdr_discoveries",0.05,3
20260822,10,500,15,3000,3000,3000,3000,"fast","control_informative",0.05,5,0.01,"","mirage_joint","trait1","bfdr_observed_fdp",0.1,0.25
20260822,10,500,15,3000,3000,3000,3000,"fast","control_informative",0.05,5,0.01,"","mirage_joint","trait1","bfdr_estimate",0.1,0.0837879591401446
20260822,10,500,15,3000,3000,3000,3000,"fast","control_informative",0.05,5,0.01,"","mirage_joint","trait1","bfdr_power",0.1,0.12
20260822,10,500,15,3000,3000,3000,3000,"fast","control_informative",0.05,5,0.01,"","mirage_joint","trait1","bfdr_discoveries",0.1,4
20260822,10,500,15,3000,3000,3000,3000,"fast","control_informative",0.05,5,0.01,"","mirage_joint","trait1","bfdr_observed_fdp",0.2,0.5
20260822,10,500,15,3000,3000,3000,3000,"fast","control_informative",0.05,5,0.01,"","mirage_joint","trait1","bfdr_estimate",0.2,0.187167359884381
20260822,10,500,15,3000,3000,3000,3000,"fast","control_informative",0.05,5,0.01,"","mirage_joint","trait1","bfdr_power",0.2,0.12
20260822,10,500,15,3000,3000,3000,3000,"fast","control_informative",0.05,5,0.01,"","mirage_joint","trait1","bfdr_discoveries",0.2,6
20260822,10,500,15,3000,3000,3000,3000,"fast","control_informative",0.05,5,0.01,"","mirage_joint","trait2","bfdr_observed_fdp",0.01,0
20260822,10,500,15,3000,3000,3000,3000,"fast","control_informative",0.05,5,0.01,"","mirage_joint","trait2","bfdr_estimate",0.01,0.00688960899619173
20260822,10,500,15,3000,3000,3000,3000,"fast","control_informative",0.05,5,0.01,"","mirage_joint","trait2","bfdr_power",0.01,0.1
20260822,10,500,15,3000,3000,3000,3000,"fast","control_informative",0.05,5,0.01,"","mirage_joint","trait2","bfdr_discoveries",0.01,1
20260822,10,500,15,3000,3000,3000,3000,"fast","control_informative",0.05,5,0.01,"","mirage_joint","trait2","bfdr_observed_fdp",0.05,0
20260822,10,500,15,3000,3000,3000,3000,"fast","control_informative",0.05,5,0.01,"","mirage_joint","trait2","bfdr_estimate",0.05,0.00688960899619173
20260822,10,500,15,3000,3000,3000,3000,"fast","control_informative",0.05,5,0.01,"","mirage_joint","trait2","bfdr_power",0.05,0.1
20260822,10,500,15,3000,3000,3000,3000,"fast","control_informative",0.05,5,0.01,"","mirage_joint","trait2","bfdr_discoveries",0.05,1
20260822,10,500,15,3000,3000,3000,3000,"fast","control_informative",0.05,5,0.01,"","mirage_joint","trait2","bfdr_observed_fdp",0.1,0
20260822,10,500,15,3000,3000,3000,3000,"fast","control_informative",0.05,5,0.01,"","mirage_joint","trait2","bfdr_estimate",0.1,0.00688960899619173
20260822,10,500,15,3000,3000,3000,3000,"fast","control_informative",0.05,5,0.01,"","mirage_joint","trait2","bfdr_power",0.1,0.1
20260822,10,500,15,3000,3000,3000,3000,"fast","control_informative",0.05,5,0.01,"","mirage_joint","trait2","bfdr_discoveries",0.1,1
20260822,10,500,15,3000,3000,3000,3000,"fast","control_informative",0.05,5,0.01,"","mirage_joint","trait2","bfdr_observed_fdp",0.2,0.5
20260822,10,500,15,3000,3000,3000,3000,"fast","control_informative",0.05,5,0.01,"","mirage_joint","trait2","bfdr_estimate",0.2,0.141927808124251
20260822,10,500,15,3000,3000,3000,3000,"fast","control_informative",0.05,5,0.01,"","mirage_joint","trait2","bfdr_power",0.2,0.1
20260822,10,500,15,3000,3000,3000,3000,"fast","control_informative",0.05,5,0.01,"","mirage_joint","trait2","bfdr_discoveries",0.2,2
20260822,10,500,15,3000,3000,3000,3000,"fast","control_informative",0.05,5,0.01,"","mirage_joint","pleiotropy","bfdr_observed_fdp",0.01,0
20260822,10,500,15,3000,3000,3000,3000,"fast","control_informative",0.05,5,0.01,"","mirage_joint","pleiotropy","bfdr_estimate",0.01,0.00691445735370733
20260822,10,500,15,3000,3000,3000,3000,"fast","control_informative",0.05,5,0.01,"","mirage_joint","pleiotropy","bfdr_power",0.01,0.2
20260822,10,500,15,3000,3000,3000,3000,"fast","control_informative",0.05,5,0.01,"","mirage_joint","pleiotropy","bfdr_discoveries",0.01,1
20260822,10,500,15,3000,3000,3000,3000,"fast","control_informative",0.05,5,0.01,"","mirage_joint","pleiotropy","bfdr_observed_fdp",0.05,0
20260822,10,500,15,3000,3000,3000,3000,"fast","control_informative",0.05,5,0.01,"","mirage_joint","pleiotropy","bfdr_estimate",0.05,0.00691445735370733
20260822,10,500,15,3000,3000,3000,3000,"fast","control_informative",0.05,5,0.01,"","mirage_joint","pleiotropy","bfdr_power",0.05,0.2
20260822,10,500,15,3000,3000,3000,3000,"fast","control_informative",0.05,5,0.01,"","mirage_joint","pleiotropy","bfdr_discoveries",0.05,1
20260822,10,500,15,3000,3000,3000,3000,"fast","control_informative",0.05,5,0.01,"","mirage_joint","pleiotropy","bfdr_observed_fdp",0.1,0
20260822,10,500,15,3000,3000,3000,3000,"fast","control_informative",0.05,5,0.01,"","mirage_joint","pleiotropy","bfdr_estimate",0.1,0.00691445735370733
20260822,10,500,15,3000,3000,3000,3000,"fast","control_informative",0.05,5,0.01,"","mirage_joint","pleiotropy","bfdr_power",0.1,0.2
20260822,10,500,15,3000,3000,3000,3000,"fast","control_informative",0.05,5,0.01,"","mirage_joint","pleiotropy","bfdr_discoveries",0.1,1
20260822,10,500,15,3000,3000,3000,3000,"fast","control_informative",0.05,5,0.01,"","mirage_joint","pleiotropy","bfdr_observed_fdp",0.2,0.5
20260822,10,500,15,3000,3000,3000,3000,"fast","control_informative",0.05,5,0.01,"","mirage_joint","pleiotropy","bfdr_estimate",0.2,0.141943380498477
20260822,10,500,15,3000,3000,3000,3000,"fast","control_informative",0.05,5,0.01,"","mirage_joint","pleiotropy","bfdr_power",0.2,0.2
20260822,10,500,15,3000,3000,3000,3000,"fast","control_informative",0.05,5,0.01,"","mirage_joint","pleiotropy","bfdr_discoveries",0.2,2
20260822,10,500,15,3000,3000,3000,3000,"fast","control_informative",0.05,5,0.01,"","mirage_joint","global","runtime_seconds",NA,17.946
20260822,10,500,15,3000,3000,3000,3000,"fast","control_informative",0.05,5,0.01,"","mirage_joint","pleiotropy","pi11_estimate",NA,0.012805485001257
20260822,10,500,15,3000,3000,3000,3000,"fast","control_informative",0.05,5,0.01,"","separate_mirage","trait1","auc",NA,0.765557894736842
20260822,10,500,15,3000,3000,3000,3000,"fast","control_informative",0.05,5,0.01,"","separate_mirage","trait2","auc",NA,0.623061224489796
20260822,10,500,15,3000,3000,3000,3000,"fast","control_informative",0.05,5,0.01,"","separate_mirage","pleiotropy","auc",NA,0.493737373737374
20260822,10,500,15,3000,3000,3000,3000,"fast","control_informative",0.05,5,0.01,"","separate_mirage","trait1","pp08_power",0.8,0.04
20260822,10,500,15,3000,3000,3000,3000,"fast","control_informative",0.05,5,0.01,"","separate_mirage","trait1","pp08_fdp",0.8,0
20260822,10,500,15,3000,3000,3000,3000,"fast","control_informative",0.05,5,0.01,"","separate_mirage","trait1","pp08_discoveries",0.8,1
20260822,10,500,15,3000,3000,3000,3000,"fast","control_informative",0.05,5,0.01,"","separate_mirage","trait2","pp08_power",0.8,0.1
20260822,10,500,15,3000,3000,3000,3000,"fast","control_informative",0.05,5,0.01,"","separate_mirage","trait2","pp08_fdp",0.8,0
20260822,10,500,15,3000,3000,3000,3000,"fast","control_informative",0.05,5,0.01,"","separate_mirage","trait2","pp08_discoveries",0.8,1
20260822,10,500,15,3000,3000,3000,3000,"fast","control_informative",0.05,5,0.01,"","separate_mirage","pleiotropy","pp08_power",0.8,0
20260822,10,500,15,3000,3000,3000,3000,"fast","control_informative",0.05,5,0.01,"","separate_mirage","pleiotropy","pp08_fdp",0.8,0
20260822,10,500,15,3000,3000,3000,3000,"fast","control_informative",0.05,5,0.01,"","separate_mirage","pleiotropy","pp08_discoveries",0.8,0
20260822,10,500,15,3000,3000,3000,3000,"fast","control_informative",0.05,5,0.01,"","separate_mirage","trait1","bfdr_observed_fdp",0.01,0
20260822,10,500,15,3000,3000,3000,3000,"fast","control_informative",0.05,5,0.01,"","separate_mirage","trait1","bfdr_estimate",0.01,0
20260822,10,500,15,3000,3000,3000,3000,"fast","control_informative",0.05,5,0.01,"","separate_mirage","trait1","bfdr_power",0.01,0
20260822,10,500,15,3000,3000,3000,3000,"fast","control_informative",0.05,5,0.01,"","separate_mirage","trait1","bfdr_discoveries",0.01,0
20260822,10,500,15,3000,3000,3000,3000,"fast","control_informative",0.05,5,0.01,"","separate_mirage","trait1","bfdr_observed_fdp",0.05,0
20260822,10,500,15,3000,3000,3000,3000,"fast","control_informative",0.05,5,0.01,"","separate_mirage","trait1","bfdr_estimate",0.05,0.0113250739616427
20260822,10,500,15,3000,3000,3000,3000,"fast","control_informative",0.05,5,0.01,"","separate_mirage","trait1","bfdr_power",0.05,0.04
20260822,10,500,15,3000,3000,3000,3000,"fast","control_informative",0.05,5,0.01,"","separate_mirage","trait1","bfdr_discoveries",0.05,1
20260822,10,500,15,3000,3000,3000,3000,"fast","control_informative",0.05,5,0.01,"","separate_mirage","trait1","bfdr_observed_fdp",0.1,0
20260822,10,500,15,3000,3000,3000,3000,"fast","control_informative",0.05,5,0.01,"","separate_mirage","trait1","bfdr_estimate",0.1,0.0113250739616427
20260822,10,500,15,3000,3000,3000,3000,"fast","control_informative",0.05,5,0.01,"","separate_mirage","trait1","bfdr_power",0.1,0.04
20260822,10,500,15,3000,3000,3000,3000,"fast","control_informative",0.05,5,0.01,"","separate_mirage","trait1","bfdr_discoveries",0.1,1
20260822,10,500,15,3000,3000,3000,3000,"fast","control_informative",0.05,5,0.01,"","separate_mirage","trait1","bfdr_observed_fdp",0.2,0
20260822,10,500,15,3000,3000,3000,3000,"fast","control_informative",0.05,5,0.01,"","separate_mirage","trait1","bfdr_estimate",0.2,0.116992755969215
20260822,10,500,15,3000,3000,3000,3000,"fast","control_informative",0.05,5,0.01,"","separate_mirage","trait1","bfdr_power",0.2,0.08
20260822,10,500,15,3000,3000,3000,3000,"fast","control_informative",0.05,5,0.01,"","separate_mirage","trait1","bfdr_discoveries",0.2,2
20260822,10,500,15,3000,3000,3000,3000,"fast","control_informative",0.05,5,0.01,"","separate_mirage","trait2","bfdr_observed_fdp",0.01,0
20260822,10,500,15,3000,3000,3000,3000,"fast","control_informative",0.05,5,0.01,"","separate_mirage","trait2","bfdr_estimate",0.01,0
20260822,10,500,15,3000,3000,3000,3000,"fast","control_informative",0.05,5,0.01,"","separate_mirage","trait2","bfdr_power",0.01,0
20260822,10,500,15,3000,3000,3000,3000,"fast","control_informative",0.05,5,0.01,"","separate_mirage","trait2","bfdr_discoveries",0.01,0
20260822,10,500,15,3000,3000,3000,3000,"fast","control_informative",0.05,5,0.01,"","separate_mirage","trait2","bfdr_observed_fdp",0.05,0
20260822,10,500,15,3000,3000,3000,3000,"fast","control_informative",0.05,5,0.01,"","separate_mirage","trait2","bfdr_estimate",0.05,0.0121184256398525
20260822,10,500,15,3000,3000,3000,3000,"fast","control_informative",0.05,5,0.01,"","separate_mirage","trait2","bfdr_power",0.05,0.1
20260822,10,500,15,3000,3000,3000,3000,"fast","control_informative",0.05,5,0.01,"","separate_mirage","trait2","bfdr_discoveries",0.05,1
20260822,10,500,15,3000,3000,3000,3000,"fast","control_informative",0.05,5,0.01,"","separate_mirage","trait2","bfdr_observed_fdp",0.1,0
20260822,10,500,15,3000,3000,3000,3000,"fast","control_informative",0.05,5,0.01,"","separate_mirage","trait2","bfdr_estimate",0.1,0.0121184256398525
20260822,10,500,15,3000,3000,3000,3000,"fast","control_informative",0.05,5,0.01,"","separate_mirage","trait2","bfdr_power",0.1,0.1
20260822,10,500,15,3000,3000,3000,3000,"fast","control_informative",0.05,5,0.01,"","separate_mirage","trait2","bfdr_discoveries",0.1,1
20260822,10,500,15,3000,3000,3000,3000,"fast","control_informative",0.05,5,0.01,"","separate_mirage","trait2","bfdr_observed_fdp",0.2,0
20260822,10,500,15,3000,3000,3000,3000,"fast","control_informative",0.05,5,0.01,"","separate_mirage","trait2","bfdr_estimate",0.2,0.0121184256398525
20260822,10,500,15,3000,3000,3000,3000,"fast","control_informative",0.05,5,0.01,"","separate_mirage","trait2","bfdr_power",0.2,0.1
20260822,10,500,15,3000,3000,3000,3000,"fast","control_informative",0.05,5,0.01,"","separate_mirage","trait2","bfdr_discoveries",0.2,1
20260822,10,500,15,3000,3000,3000,3000,"fast","control_informative",0.05,5,0.01,"","separate_mirage","pleiotropy","bfdr_observed_fdp",0.01,0
20260822,10,500,15,3000,3000,3000,3000,"fast","control_informative",0.05,5,0.01,"","separate_mirage","pleiotropy","bfdr_estimate",0.01,0
20260822,10,500,15,3000,3000,3000,3000,"fast","control_informative",0.05,5,0.01,"","separate_mirage","pleiotropy","bfdr_power",0.01,0
20260822,10,500,15,3000,3000,3000,3000,"fast","control_informative",0.05,5,0.01,"","separate_mirage","pleiotropy","bfdr_discoveries",0.01,0
20260822,10,500,15,3000,3000,3000,3000,"fast","control_informative",0.05,5,0.01,"","separate_mirage","pleiotropy","bfdr_observed_fdp",0.05,0
20260822,10,500,15,3000,3000,3000,3000,"fast","control_informative",0.05,5,0.01,"","separate_mirage","pleiotropy","bfdr_estimate",0.05,0
20260822,10,500,15,3000,3000,3000,3000,"fast","control_informative",0.05,5,0.01,"","separate_mirage","pleiotropy","bfdr_power",0.05,0
20260822,10,500,15,3000,3000,3000,3000,"fast","control_informative",0.05,5,0.01,"","separate_mirage","pleiotropy","bfdr_discoveries",0.05,0
20260822,10,500,15,3000,3000,3000,3000,"fast","control_informative",0.05,5,0.01,"","separate_mirage","pleiotropy","bfdr_observed_fdp",0.1,0
20260822,10,500,15,3000,3000,3000,3000,"fast","control_informative",0.05,5,0.01,"","separate_mirage","pleiotropy","bfdr_estimate",0.1,0
20260822,10,500,15,3000,3000,3000,3000,"fast","control_informative",0.05,5,0.01,"","separate_mirage","pleiotropy","bfdr_power",0.1,0
20260822,10,500,15,3000,3000,3000,3000,"fast","control_informative",0.05,5,0.01,"","separate_mirage","pleiotropy","bfdr_discoveries",0.1,0
20260822,10,500,15,3000,3000,3000,3000,"fast","control_informative",0.05,5,0.01,"","separate_mirage","pleiotropy","bfdr_observed_fdp",0.2,0
20260822,10,500,15,3000,3000,3000,3000,"fast","control_informative",0.05,5,0.01,"","separate_mirage","pleiotropy","bfdr_estimate",0.2,0
20260822,10,500,15,3000,3000,3000,3000,"fast","control_informative",0.05,5,0.01,"","separate_mirage","pleiotropy","bfdr_power",0.2,0
20260822,10,500,15,3000,3000,3000,3000,"fast","control_informative",0.05,5,0.01,"","separate_mirage","pleiotropy","bfdr_discoveries",0.2,0
20260822,10,500,15,3000,3000,3000,3000,"fast","control_informative",0.05,5,0.01,"","separate_mirage","global","runtime_seconds",NA,17.994
20260822,10,500,15,3000,3000,3000,3000,"fast","control_informative",0.05,5,0.01,"","separate_mirage","pleiotropy","pi11_estimate",NA,0.001
20260822,10,500,15,3000,3000,3000,3000,"fast","control_informative",0.05,5,0.01,"","mtada_aggregated","trait1","auc",NA,0.642105263157895
20260822,10,500,15,3000,3000,3000,3000,"fast","control_informative",0.05,5,0.01,"","mtada_aggregated","trait2","auc",NA,0.591224489795918
20260822,10,500,15,3000,3000,3000,3000,"fast","control_informative",0.05,5,0.01,"","mtada_aggregated","pleiotropy","auc",NA,0.39030303030303
20260822,10,500,15,3000,3000,3000,3000,"fast","control_informative",0.05,5,0.01,"","mtada_aggregated","trait1","pp08_power",0.8,0.08
20260822,10,500,15,3000,3000,3000,3000,"fast","control_informative",0.05,5,0.01,"","mtada_aggregated","trait1","pp08_fdp",0.8,0.944444444444444
20260822,10,500,15,3000,3000,3000,3000,"fast","control_informative",0.05,5,0.01,"","mtada_aggregated","trait1","pp08_discoveries",0.8,36
20260822,10,500,15,3000,3000,3000,3000,"fast","control_informative",0.05,5,0.01,"","mtada_aggregated","trait2","pp08_power",0.8,0.2
20260822,10,500,15,3000,3000,3000,3000,"fast","control_informative",0.05,5,0.01,"","mtada_aggregated","trait2","pp08_fdp",0.8,0.942857142857143
20260822,10,500,15,3000,3000,3000,3000,"fast","control_informative",0.05,5,0.01,"","mtada_aggregated","trait2","pp08_discoveries",0.8,35
20260822,10,500,15,3000,3000,3000,3000,"fast","control_informative",0.05,5,0.01,"","mtada_aggregated","pleiotropy","pp08_power",0.8,0
20260822,10,500,15,3000,3000,3000,3000,"fast","control_informative",0.05,5,0.01,"","mtada_aggregated","pleiotropy","pp08_fdp",0.8,1
20260822,10,500,15,3000,3000,3000,3000,"fast","control_informative",0.05,5,0.01,"","mtada_aggregated","pleiotropy","pp08_discoveries",0.8,2
20260822,10,500,15,3000,3000,3000,3000,"fast","control_informative",0.05,5,0.01,"","mtada_aggregated","trait1","bfdr_observed_fdp",0.01,0.96551724137931
20260822,10,500,15,3000,3000,3000,3000,"fast","control_informative",0.05,5,0.01,"","mtada_aggregated","trait1","bfdr_estimate",0.01,0.0077703237710867
20260822,10,500,15,3000,3000,3000,3000,"fast","control_informative",0.05,5,0.01,"","mtada_aggregated","trait1","bfdr_power",0.01,0.04
20260822,10,500,15,3000,3000,3000,3000,"fast","control_informative",0.05,5,0.01,"","mtada_aggregated","trait1","bfdr_discoveries",0.01,29
20260822,10,500,15,3000,3000,3000,3000,"fast","control_informative",0.05,5,0.01,"","mtada_aggregated","trait1","bfdr_observed_fdp",0.05,0.923076923076923
20260822,10,500,15,3000,3000,3000,3000,"fast","control_informative",0.05,5,0.01,"","mtada_aggregated","trait1","bfdr_estimate",0.05,0.0470019500952683
20260822,10,500,15,3000,3000,3000,3000,"fast","control_informative",0.05,5,0.01,"","mtada_aggregated","trait1","bfdr_power",0.05,0.12
20260822,10,500,15,3000,3000,3000,3000,"fast","control_informative",0.05,5,0.01,"","mtada_aggregated","trait1","bfdr_discoveries",0.05,39
20260822,10,500,15,3000,3000,3000,3000,"fast","control_informative",0.05,5,0.01,"","mtada_aggregated","trait1","bfdr_observed_fdp",0.1,0.918367346938776
20260822,10,500,15,3000,3000,3000,3000,"fast","control_informative",0.05,5,0.01,"","mtada_aggregated","trait1","bfdr_estimate",0.1,0.094837997842825
20260822,10,500,15,3000,3000,3000,3000,"fast","control_informative",0.05,5,0.01,"","mtada_aggregated","trait1","bfdr_power",0.1,0.16
20260822,10,500,15,3000,3000,3000,3000,"fast","control_informative",0.05,5,0.01,"","mtada_aggregated","trait1","bfdr_discoveries",0.1,49
20260822,10,500,15,3000,3000,3000,3000,"fast","control_informative",0.05,5,0.01,"","mtada_aggregated","trait1","bfdr_observed_fdp",0.2,0.878787878787879
20260822,10,500,15,3000,3000,3000,3000,"fast","control_informative",0.05,5,0.01,"","mtada_aggregated","trait1","bfdr_estimate",0.2,0.198576835350499
20260822,10,500,15,3000,3000,3000,3000,"fast","control_informative",0.05,5,0.01,"","mtada_aggregated","trait1","bfdr_power",0.2,0.32
20260822,10,500,15,3000,3000,3000,3000,"fast","control_informative",0.05,5,0.01,"","mtada_aggregated","trait1","bfdr_discoveries",0.2,66
20260822,10,500,15,3000,3000,3000,3000,"fast","control_informative",0.05,5,0.01,"","mtada_aggregated","trait2","bfdr_observed_fdp",0.01,0.933333333333333
20260822,10,500,15,3000,3000,3000,3000,"fast","control_informative",0.05,5,0.01,"","mtada_aggregated","trait2","bfdr_estimate",0.01,0.00734698105397662
20260822,10,500,15,3000,3000,3000,3000,"fast","control_informative",0.05,5,0.01,"","mtada_aggregated","trait2","bfdr_power",0.01,0.2
20260822,10,500,15,3000,3000,3000,3000,"fast","control_informative",0.05,5,0.01,"","mtada_aggregated","trait2","bfdr_discoveries",0.01,30
20260822,10,500,15,3000,3000,3000,3000,"fast","control_informative",0.05,5,0.01,"","mtada_aggregated","trait2","bfdr_observed_fdp",0.05,0.948717948717949
20260822,10,500,15,3000,3000,3000,3000,"fast","control_informative",0.05,5,0.01,"","mtada_aggregated","trait2","bfdr_estimate",0.05,0.0493433188898703
20260822,10,500,15,3000,3000,3000,3000,"fast","control_informative",0.05,5,0.01,"","mtada_aggregated","trait2","bfdr_power",0.05,0.2
20260822,10,500,15,3000,3000,3000,3000,"fast","control_informative",0.05,5,0.01,"","mtada_aggregated","trait2","bfdr_discoveries",0.05,39
20260822,10,500,15,3000,3000,3000,3000,"fast","control_informative",0.05,5,0.01,"","mtada_aggregated","trait2","bfdr_observed_fdp",0.1,0.955555555555556
20260822,10,500,15,3000,3000,3000,3000,"fast","control_informative",0.05,5,0.01,"","mtada_aggregated","trait2","bfdr_estimate",0.1,0.0937847618310799
20260822,10,500,15,3000,3000,3000,3000,"fast","control_informative",0.05,5,0.01,"","mtada_aggregated","trait2","bfdr_power",0.1,0.2
20260822,10,500,15,3000,3000,3000,3000,"fast","control_informative",0.05,5,0.01,"","mtada_aggregated","trait2","bfdr_discoveries",0.1,45
20260822,10,500,15,3000,3000,3000,3000,"fast","control_informative",0.05,5,0.01,"","mtada_aggregated","trait2","bfdr_observed_fdp",0.2,0.962962962962963
20260822,10,500,15,3000,3000,3000,3000,"fast","control_informative",0.05,5,0.01,"","mtada_aggregated","trait2","bfdr_estimate",0.2,0.192336741793803
20260822,10,500,15,3000,3000,3000,3000,"fast","control_informative",0.05,5,0.01,"","mtada_aggregated","trait2","bfdr_power",0.2,0.2
20260822,10,500,15,3000,3000,3000,3000,"fast","control_informative",0.05,5,0.01,"","mtada_aggregated","trait2","bfdr_discoveries",0.2,54
20260822,10,500,15,3000,3000,3000,3000,"fast","control_informative",0.05,5,0.01,"","mtada_aggregated","pleiotropy","bfdr_observed_fdp",0.01,1
20260822,10,500,15,3000,3000,3000,3000,"fast","control_informative",0.05,5,0.01,"","mtada_aggregated","pleiotropy","bfdr_estimate",0.01,0.000578351902779883
20260822,10,500,15,3000,3000,3000,3000,"fast","control_informative",0.05,5,0.01,"","mtada_aggregated","pleiotropy","bfdr_power",0.01,0
20260822,10,500,15,3000,3000,3000,3000,"fast","control_informative",0.05,5,0.01,"","mtada_aggregated","pleiotropy","bfdr_discoveries",0.01,2
20260822,10,500,15,3000,3000,3000,3000,"fast","control_informative",0.05,5,0.01,"","mtada_aggregated","pleiotropy","bfdr_observed_fdp",0.05,1
20260822,10,500,15,3000,3000,3000,3000,"fast","control_informative",0.05,5,0.01,"","mtada_aggregated","pleiotropy","bfdr_estimate",0.05,0.000578351902779883
20260822,10,500,15,3000,3000,3000,3000,"fast","control_informative",0.05,5,0.01,"","mtada_aggregated","pleiotropy","bfdr_power",0.05,0
20260822,10,500,15,3000,3000,3000,3000,"fast","control_informative",0.05,5,0.01,"","mtada_aggregated","pleiotropy","bfdr_discoveries",0.05,2
20260822,10,500,15,3000,3000,3000,3000,"fast","control_informative",0.05,5,0.01,"","mtada_aggregated","pleiotropy","bfdr_observed_fdp",0.1,1
20260822,10,500,15,3000,3000,3000,3000,"fast","control_informative",0.05,5,0.01,"","mtada_aggregated","pleiotropy","bfdr_estimate",0.1,0.0718052220866726
20260822,10,500,15,3000,3000,3000,3000,"fast","control_informative",0.05,5,0.01,"","mtada_aggregated","pleiotropy","bfdr_power",0.1,0
20260822,10,500,15,3000,3000,3000,3000,"fast","control_informative",0.05,5,0.01,"","mtada_aggregated","pleiotropy","bfdr_discoveries",0.1,3
20260822,10,500,15,3000,3000,3000,3000,"fast","control_informative",0.05,5,0.01,"","mtada_aggregated","pleiotropy","bfdr_observed_fdp",0.2,1
20260822,10,500,15,3000,3000,3000,3000,"fast","control_informative",0.05,5,0.01,"","mtada_aggregated","pleiotropy","bfdr_estimate",0.2,0.0718052220866726
20260822,10,500,15,3000,3000,3000,3000,"fast","control_informative",0.05,5,0.01,"","mtada_aggregated","pleiotropy","bfdr_power",0.2,0
20260822,10,500,15,3000,3000,3000,3000,"fast","control_informative",0.05,5,0.01,"","mtada_aggregated","pleiotropy","bfdr_discoveries",0.2,3
20260822,10,500,15,3000,3000,3000,3000,"fast","control_informative",0.05,5,0.01,"","mtada_aggregated","global","runtime_seconds",NA,0.704000000000008
20260822,10,500,15,3000,3000,3000,3000,"fast","control_informative",0.05,5,0.01,"","mtada_aggregated","pleiotropy","pi11_estimate",NA,0.00177426
20260823,11,500,15,3000,3000,3000,3000,"fast","control_informative",0.05,5,0.01,"","mirage_joint","trait1","auc",NA,0.624926315789474
20260823,11,500,15,3000,3000,3000,3000,"fast","control_informative",0.05,5,0.01,"","mirage_joint","trait2","auc",NA,0.732857142857143
20260823,11,500,15,3000,3000,3000,3000,"fast","control_informative",0.05,5,0.01,"","mirage_joint","pleiotropy","auc",NA,0.672727272727273
20260823,11,500,15,3000,3000,3000,3000,"fast","control_informative",0.05,5,0.01,"","mirage_joint","trait1","pp08_power",0.8,0.24
20260823,11,500,15,3000,3000,3000,3000,"fast","control_informative",0.05,5,0.01,"","mirage_joint","trait1","pp08_fdp",0.8,0.142857142857143
20260823,11,500,15,3000,3000,3000,3000,"fast","control_informative",0.05,5,0.01,"","mirage_joint","trait1","pp08_discoveries",0.8,7
20260823,11,500,15,3000,3000,3000,3000,"fast","control_informative",0.05,5,0.01,"","mirage_joint","trait2","pp08_power",0.8,0
20260823,11,500,15,3000,3000,3000,3000,"fast","control_informative",0.05,5,0.01,"","mirage_joint","trait2","pp08_fdp",0.8,0
20260823,11,500,15,3000,3000,3000,3000,"fast","control_informative",0.05,5,0.01,"","mirage_joint","trait2","pp08_discoveries",0.8,0
20260823,11,500,15,3000,3000,3000,3000,"fast","control_informative",0.05,5,0.01,"","mirage_joint","pleiotropy","pp08_power",0.8,0
20260823,11,500,15,3000,3000,3000,3000,"fast","control_informative",0.05,5,0.01,"","mirage_joint","pleiotropy","pp08_fdp",0.8,0
20260823,11,500,15,3000,3000,3000,3000,"fast","control_informative",0.05,5,0.01,"","mirage_joint","pleiotropy","pp08_discoveries",0.8,0
20260823,11,500,15,3000,3000,3000,3000,"fast","control_informative",0.05,5,0.01,"","mirage_joint","trait1","bfdr_observed_fdp",0.01,0
20260823,11,500,15,3000,3000,3000,3000,"fast","control_informative",0.05,5,0.01,"","mirage_joint","trait1","bfdr_estimate",0.01,0.00215754844573672
20260823,11,500,15,3000,3000,3000,3000,"fast","control_informative",0.05,5,0.01,"","mirage_joint","trait1","bfdr_power",0.01,0.2
20260823,11,500,15,3000,3000,3000,3000,"fast","control_informative",0.05,5,0.01,"","mirage_joint","trait1","bfdr_discoveries",0.01,5
20260823,11,500,15,3000,3000,3000,3000,"fast","control_informative",0.05,5,0.01,"","mirage_joint","trait1","bfdr_observed_fdp",0.05,0.142857142857143
20260823,11,500,15,3000,3000,3000,3000,"fast","control_informative",0.05,5,0.01,"","mirage_joint","trait1","bfdr_estimate",0.05,0.0458654633433341
20260823,11,500,15,3000,3000,3000,3000,"fast","control_informative",0.05,5,0.01,"","mirage_joint","trait1","bfdr_power",0.05,0.24
20260823,11,500,15,3000,3000,3000,3000,"fast","control_informative",0.05,5,0.01,"","mirage_joint","trait1","bfdr_discoveries",0.05,7
20260823,11,500,15,3000,3000,3000,3000,"fast","control_informative",0.05,5,0.01,"","mirage_joint","trait1","bfdr_observed_fdp",0.1,0.125
20260823,11,500,15,3000,3000,3000,3000,"fast","control_informative",0.05,5,0.01,"","mirage_joint","trait1","bfdr_estimate",0.1,0.0782519582909451
20260823,11,500,15,3000,3000,3000,3000,"fast","control_informative",0.05,5,0.01,"","mirage_joint","trait1","bfdr_power",0.1,0.28
20260823,11,500,15,3000,3000,3000,3000,"fast","control_informative",0.05,5,0.01,"","mirage_joint","trait1","bfdr_discoveries",0.1,8
20260823,11,500,15,3000,3000,3000,3000,"fast","control_informative",0.05,5,0.01,"","mirage_joint","trait1","bfdr_observed_fdp",0.2,0.166666666666667
20260823,11,500,15,3000,3000,3000,3000,"fast","control_informative",0.05,5,0.01,"","mirage_joint","trait1","bfdr_estimate",0.2,0.179734238051995
20260823,11,500,15,3000,3000,3000,3000,"fast","control_informative",0.05,5,0.01,"","mirage_joint","trait1","bfdr_power",0.2,0.4
20260823,11,500,15,3000,3000,3000,3000,"fast","control_informative",0.05,5,0.01,"","mirage_joint","trait1","bfdr_discoveries",0.2,12
20260823,11,500,15,3000,3000,3000,3000,"fast","control_informative",0.05,5,0.01,"","mirage_joint","trait2","bfdr_observed_fdp",0.01,0
20260823,11,500,15,3000,3000,3000,3000,"fast","control_informative",0.05,5,0.01,"","mirage_joint","trait2","bfdr_estimate",0.01,0
20260823,11,500,15,3000,3000,3000,3000,"fast","control_informative",0.05,5,0.01,"","mirage_joint","trait2","bfdr_power",0.01,0
20260823,11,500,15,3000,3000,3000,3000,"fast","control_informative",0.05,5,0.01,"","mirage_joint","trait2","bfdr_discoveries",0.01,0
20260823,11,500,15,3000,3000,3000,3000,"fast","control_informative",0.05,5,0.01,"","mirage_joint","trait2","bfdr_observed_fdp",0.05,0
20260823,11,500,15,3000,3000,3000,3000,"fast","control_informative",0.05,5,0.01,"","mirage_joint","trait2","bfdr_estimate",0.05,0
20260823,11,500,15,3000,3000,3000,3000,"fast","control_informative",0.05,5,0.01,"","mirage_joint","trait2","bfdr_power",0.05,0
20260823,11,500,15,3000,3000,3000,3000,"fast","control_informative",0.05,5,0.01,"","mirage_joint","trait2","bfdr_discoveries",0.05,0
20260823,11,500,15,3000,3000,3000,3000,"fast","control_informative",0.05,5,0.01,"","mirage_joint","trait2","bfdr_observed_fdp",0.1,0
20260823,11,500,15,3000,3000,3000,3000,"fast","control_informative",0.05,5,0.01,"","mirage_joint","trait2","bfdr_estimate",0.1,0
20260823,11,500,15,3000,3000,3000,3000,"fast","control_informative",0.05,5,0.01,"","mirage_joint","trait2","bfdr_power",0.1,0
20260823,11,500,15,3000,3000,3000,3000,"fast","control_informative",0.05,5,0.01,"","mirage_joint","trait2","bfdr_discoveries",0.1,0
20260823,11,500,15,3000,3000,3000,3000,"fast","control_informative",0.05,5,0.01,"","mirage_joint","trait2","bfdr_observed_fdp",0.2,0
20260823,11,500,15,3000,3000,3000,3000,"fast","control_informative",0.05,5,0.01,"","mirage_joint","trait2","bfdr_estimate",0.2,0
20260823,11,500,15,3000,3000,3000,3000,"fast","control_informative",0.05,5,0.01,"","mirage_joint","trait2","bfdr_power",0.2,0
20260823,11,500,15,3000,3000,3000,3000,"fast","control_informative",0.05,5,0.01,"","mirage_joint","trait2","bfdr_discoveries",0.2,0
20260823,11,500,15,3000,3000,3000,3000,"fast","control_informative",0.05,5,0.01,"","mirage_joint","pleiotropy","bfdr_observed_fdp",0.01,0
20260823,11,500,15,3000,3000,3000,3000,"fast","control_informative",0.05,5,0.01,"","mirage_joint","pleiotropy","bfdr_estimate",0.01,0
20260823,11,500,15,3000,3000,3000,3000,"fast","control_informative",0.05,5,0.01,"","mirage_joint","pleiotropy","bfdr_power",0.01,0
20260823,11,500,15,3000,3000,3000,3000,"fast","control_informative",0.05,5,0.01,"","mirage_joint","pleiotropy","bfdr_discoveries",0.01,0
20260823,11,500,15,3000,3000,3000,3000,"fast","control_informative",0.05,5,0.01,"","mirage_joint","pleiotropy","bfdr_observed_fdp",0.05,0
20260823,11,500,15,3000,3000,3000,3000,"fast","control_informative",0.05,5,0.01,"","mirage_joint","pleiotropy","bfdr_estimate",0.05,0
20260823,11,500,15,3000,3000,3000,3000,"fast","control_informative",0.05,5,0.01,"","mirage_joint","pleiotropy","bfdr_power",0.05,0
20260823,11,500,15,3000,3000,3000,3000,"fast","control_informative",0.05,5,0.01,"","mirage_joint","pleiotropy","bfdr_discoveries",0.05,0
20260823,11,500,15,3000,3000,3000,3000,"fast","control_informative",0.05,5,0.01,"","mirage_joint","pleiotropy","bfdr_observed_fdp",0.1,0
20260823,11,500,15,3000,3000,3000,3000,"fast","control_informative",0.05,5,0.01,"","mirage_joint","pleiotropy","bfdr_estimate",0.1,0
20260823,11,500,15,3000,3000,3000,3000,"fast","control_informative",0.05,5,0.01,"","mirage_joint","pleiotropy","bfdr_power",0.1,0
20260823,11,500,15,3000,3000,3000,3000,"fast","control_informative",0.05,5,0.01,"","mirage_joint","pleiotropy","bfdr_discoveries",0.1,0
20260823,11,500,15,3000,3000,3000,3000,"fast","control_informative",0.05,5,0.01,"","mirage_joint","pleiotropy","bfdr_observed_fdp",0.2,0
20260823,11,500,15,3000,3000,3000,3000,"fast","control_informative",0.05,5,0.01,"","mirage_joint","pleiotropy","bfdr_estimate",0.2,0
20260823,11,500,15,3000,3000,3000,3000,"fast","control_informative",0.05,5,0.01,"","mirage_joint","pleiotropy","bfdr_power",0.2,0
20260823,11,500,15,3000,3000,3000,3000,"fast","control_informative",0.05,5,0.01,"","mirage_joint","pleiotropy","bfdr_discoveries",0.2,0
20260823,11,500,15,3000,3000,3000,3000,"fast","control_informative",0.05,5,0.01,"","mirage_joint","global","runtime_seconds",NA,18.104
20260823,11,500,15,3000,3000,3000,3000,"fast","control_informative",0.05,5,0.01,"","mirage_joint","pleiotropy","pi11_estimate",NA,0.00973504673298183
20260823,11,500,15,3000,3000,3000,3000,"fast","control_informative",0.05,5,0.01,"","separate_mirage","trait1","auc",NA,0.613052631578947
20260823,11,500,15,3000,3000,3000,3000,"fast","control_informative",0.05,5,0.01,"","separate_mirage","trait2","auc",NA,0.499387755102041
20260823,11,500,15,3000,3000,3000,3000,"fast","control_informative",0.05,5,0.01,"","separate_mirage","pleiotropy","auc",NA,0.70020202020202
20260823,11,500,15,3000,3000,3000,3000,"fast","control_informative",0.05,5,0.01,"","separate_mirage","trait1","pp08_power",0.8,0.2
20260823,11,500,15,3000,3000,3000,3000,"fast","control_informative",0.05,5,0.01,"","separate_mirage","trait1","pp08_fdp",0.8,0.166666666666667
20260823,11,500,15,3000,3000,3000,3000,"fast","control_informative",0.05,5,0.01,"","separate_mirage","trait1","pp08_discoveries",0.8,6
20260823,11,500,15,3000,3000,3000,3000,"fast","control_informative",0.05,5,0.01,"","separate_mirage","trait2","pp08_power",0.8,0
20260823,11,500,15,3000,3000,3000,3000,"fast","control_informative",0.05,5,0.01,"","separate_mirage","trait2","pp08_fdp",0.8,0
20260823,11,500,15,3000,3000,3000,3000,"fast","control_informative",0.05,5,0.01,"","separate_mirage","trait2","pp08_discoveries",0.8,0
20260823,11,500,15,3000,3000,3000,3000,"fast","control_informative",0.05,5,0.01,"","separate_mirage","pleiotropy","pp08_power",0.8,0
20260823,11,500,15,3000,3000,3000,3000,"fast","control_informative",0.05,5,0.01,"","separate_mirage","pleiotropy","pp08_fdp",0.8,0
20260823,11,500,15,3000,3000,3000,3000,"fast","control_informative",0.05,5,0.01,"","separate_mirage","pleiotropy","pp08_discoveries",0.8,0
20260823,11,500,15,3000,3000,3000,3000,"fast","control_informative",0.05,5,0.01,"","separate_mirage","trait1","bfdr_observed_fdp",0.01,0
20260823,11,500,15,3000,3000,3000,3000,"fast","control_informative",0.05,5,0.01,"","separate_mirage","trait1","bfdr_estimate",0.01,0.00280271682955231
20260823,11,500,15,3000,3000,3000,3000,"fast","control_informative",0.05,5,0.01,"","separate_mirage","trait1","bfdr_power",0.01,0.2
20260823,11,500,15,3000,3000,3000,3000,"fast","control_informative",0.05,5,0.01,"","separate_mirage","trait1","bfdr_discoveries",0.01,5
20260823,11,500,15,3000,3000,3000,3000,"fast","control_informative",0.05,5,0.01,"","separate_mirage","trait1","bfdr_observed_fdp",0.05,0.166666666666667
20260823,11,500,15,3000,3000,3000,3000,"fast","control_informative",0.05,5,0.01,"","separate_mirage","trait1","bfdr_estimate",0.05,0.0321474337615929
20260823,11,500,15,3000,3000,3000,3000,"fast","control_informative",0.05,5,0.01,"","separate_mirage","trait1","bfdr_power",0.05,0.2
20260823,11,500,15,3000,3000,3000,3000,"fast","control_informative",0.05,5,0.01,"","separate_mirage","trait1","bfdr_discoveries",0.05,6
20260823,11,500,15,3000,3000,3000,3000,"fast","control_informative",0.05,5,0.01,"","separate_mirage","trait1","bfdr_observed_fdp",0.1,0.142857142857143
20260823,11,500,15,3000,3000,3000,3000,"fast","control_informative",0.05,5,0.01,"","separate_mirage","trait1","bfdr_estimate",0.1,0.0688888930545233
20260823,11,500,15,3000,3000,3000,3000,"fast","control_informative",0.05,5,0.01,"","separate_mirage","trait1","bfdr_power",0.1,0.24
20260823,11,500,15,3000,3000,3000,3000,"fast","control_informative",0.05,5,0.01,"","separate_mirage","trait1","bfdr_discoveries",0.1,7
20260823,11,500,15,3000,3000,3000,3000,"fast","control_informative",0.05,5,0.01,"","separate_mirage","trait1","bfdr_observed_fdp",0.2,0.1
20260823,11,500,15,3000,3000,3000,3000,"fast","control_informative",0.05,5,0.01,"","separate_mirage","trait1","bfdr_estimate",0.2,0.190093130842563
20260823,11,500,15,3000,3000,3000,3000,"fast","control_informative",0.05,5,0.01,"","separate_mirage","trait1","bfdr_power",0.2,0.36
20260823,11,500,15,3000,3000,3000,3000,"fast","control_informative",0.05,5,0.01,"","separate_mirage","trait1","bfdr_discoveries",0.2,10
20260823,11,500,15,3000,3000,3000,3000,"fast","control_informative",0.05,5,0.01,"","separate_mirage","trait2","bfdr_observed_fdp",0.01,0
20260823,11,500,15,3000,3000,3000,3000,"fast","control_informative",0.05,5,0.01,"","separate_mirage","trait2","bfdr_estimate",0.01,0
20260823,11,500,15,3000,3000,3000,3000,"fast","control_informative",0.05,5,0.01,"","separate_mirage","trait2","bfdr_power",0.01,0
20260823,11,500,15,3000,3000,3000,3000,"fast","control_informative",0.05,5,0.01,"","separate_mirage","trait2","bfdr_discoveries",0.01,0
20260823,11,500,15,3000,3000,3000,3000,"fast","control_informative",0.05,5,0.01,"","separate_mirage","trait2","bfdr_observed_fdp",0.05,0
20260823,11,500,15,3000,3000,3000,3000,"fast","control_informative",0.05,5,0.01,"","separate_mirage","trait2","bfdr_estimate",0.05,0
20260823,11,500,15,3000,3000,3000,3000,"fast","control_informative",0.05,5,0.01,"","separate_mirage","trait2","bfdr_power",0.05,0
20260823,11,500,15,3000,3000,3000,3000,"fast","control_informative",0.05,5,0.01,"","separate_mirage","trait2","bfdr_discoveries",0.05,0
20260823,11,500,15,3000,3000,3000,3000,"fast","control_informative",0.05,5,0.01,"","separate_mirage","trait2","bfdr_observed_fdp",0.1,0
20260823,11,500,15,3000,3000,3000,3000,"fast","control_informative",0.05,5,0.01,"","separate_mirage","trait2","bfdr_estimate",0.1,0
20260823,11,500,15,3000,3000,3000,3000,"fast","control_informative",0.05,5,0.01,"","separate_mirage","trait2","bfdr_power",0.1,0
20260823,11,500,15,3000,3000,3000,3000,"fast","control_informative",0.05,5,0.01,"","separate_mirage","trait2","bfdr_discoveries",0.1,0
20260823,11,500,15,3000,3000,3000,3000,"fast","control_informative",0.05,5,0.01,"","separate_mirage","trait2","bfdr_observed_fdp",0.2,0
20260823,11,500,15,3000,3000,3000,3000,"fast","control_informative",0.05,5,0.01,"","separate_mirage","trait2","bfdr_estimate",0.2,0
20260823,11,500,15,3000,3000,3000,3000,"fast","control_informative",0.05,5,0.01,"","separate_mirage","trait2","bfdr_power",0.2,0
20260823,11,500,15,3000,3000,3000,3000,"fast","control_informative",0.05,5,0.01,"","separate_mirage","trait2","bfdr_discoveries",0.2,0
20260823,11,500,15,3000,3000,3000,3000,"fast","control_informative",0.05,5,0.01,"","separate_mirage","pleiotropy","bfdr_observed_fdp",0.01,0
20260823,11,500,15,3000,3000,3000,3000,"fast","control_informative",0.05,5,0.01,"","separate_mirage","pleiotropy","bfdr_estimate",0.01,0
20260823,11,500,15,3000,3000,3000,3000,"fast","control_informative",0.05,5,0.01,"","separate_mirage","pleiotropy","bfdr_power",0.01,0
20260823,11,500,15,3000,3000,3000,3000,"fast","control_informative",0.05,5,0.01,"","separate_mirage","pleiotropy","bfdr_discoveries",0.01,0
20260823,11,500,15,3000,3000,3000,3000,"fast","control_informative",0.05,5,0.01,"","separate_mirage","pleiotropy","bfdr_observed_fdp",0.05,0
20260823,11,500,15,3000,3000,3000,3000,"fast","control_informative",0.05,5,0.01,"","separate_mirage","pleiotropy","bfdr_estimate",0.05,0
20260823,11,500,15,3000,3000,3000,3000,"fast","control_informative",0.05,5,0.01,"","separate_mirage","pleiotropy","bfdr_power",0.05,0
20260823,11,500,15,3000,3000,3000,3000,"fast","control_informative",0.05,5,0.01,"","separate_mirage","pleiotropy","bfdr_discoveries",0.05,0
20260823,11,500,15,3000,3000,3000,3000,"fast","control_informative",0.05,5,0.01,"","separate_mirage","pleiotropy","bfdr_observed_fdp",0.1,0
20260823,11,500,15,3000,3000,3000,3000,"fast","control_informative",0.05,5,0.01,"","separate_mirage","pleiotropy","bfdr_estimate",0.1,0
20260823,11,500,15,3000,3000,3000,3000,"fast","control_informative",0.05,5,0.01,"","separate_mirage","pleiotropy","bfdr_power",0.1,0
20260823,11,500,15,3000,3000,3000,3000,"fast","control_informative",0.05,5,0.01,"","separate_mirage","pleiotropy","bfdr_discoveries",0.1,0
20260823,11,500,15,3000,3000,3000,3000,"fast","control_informative",0.05,5,0.01,"","separate_mirage","pleiotropy","bfdr_observed_fdp",0.2,0
20260823,11,500,15,3000,3000,3000,3000,"fast","control_informative",0.05,5,0.01,"","separate_mirage","pleiotropy","bfdr_estimate",0.2,0
20260823,11,500,15,3000,3000,3000,3000,"fast","control_informative",0.05,5,0.01,"","separate_mirage","pleiotropy","bfdr_power",0.2,0
20260823,11,500,15,3000,3000,3000,3000,"fast","control_informative",0.05,5,0.01,"","separate_mirage","pleiotropy","bfdr_discoveries",0.2,0
20260823,11,500,15,3000,3000,3000,3000,"fast","control_informative",0.05,5,0.01,"","separate_mirage","global","runtime_seconds",NA,18.033
20260823,11,500,15,3000,3000,3000,3000,"fast","control_informative",0.05,5,0.01,"","separate_mirage","pleiotropy","pi11_estimate",NA,0.001
20260823,11,500,15,3000,3000,3000,3000,"fast","control_informative",0.05,5,0.01,"","mtada_aggregated","trait1","auc",NA,0.656842105263158
20260823,11,500,15,3000,3000,3000,3000,"fast","control_informative",0.05,5,0.01,"","mtada_aggregated","trait2","auc",NA,0.651632653061225
20260823,11,500,15,3000,3000,3000,3000,"fast","control_informative",0.05,5,0.01,"","mtada_aggregated","pleiotropy","auc",NA,0.767272727272727
20260823,11,500,15,3000,3000,3000,3000,"fast","control_informative",0.05,5,0.01,"","mtada_aggregated","trait1","pp08_power",0.8,0.4
20260823,11,500,15,3000,3000,3000,3000,"fast","control_informative",0.05,5,0.01,"","mtada_aggregated","trait1","pp08_fdp",0.8,0.807692307692308
20260823,11,500,15,3000,3000,3000,3000,"fast","control_informative",0.05,5,0.01,"","mtada_aggregated","trait1","pp08_discoveries",0.8,52
20260823,11,500,15,3000,3000,3000,3000,"fast","control_informative",0.05,5,0.01,"","mtada_aggregated","trait2","pp08_power",0.8,0.1
20260823,11,500,15,3000,3000,3000,3000,"fast","control_informative",0.05,5,0.01,"","mtada_aggregated","trait2","pp08_fdp",0.8,0.974358974358974
20260823,11,500,15,3000,3000,3000,3000,"fast","control_informative",0.05,5,0.01,"","mtada_aggregated","trait2","pp08_discoveries",0.8,39
20260823,11,500,15,3000,3000,3000,3000,"fast","control_informative",0.05,5,0.01,"","mtada_aggregated","pleiotropy","pp08_power",0.8,0.2
20260823,11,500,15,3000,3000,3000,3000,"fast","control_informative",0.05,5,0.01,"","mtada_aggregated","pleiotropy","pp08_fdp",0.8,0.8
20260823,11,500,15,3000,3000,3000,3000,"fast","control_informative",0.05,5,0.01,"","mtada_aggregated","pleiotropy","pp08_discoveries",0.8,5
20260823,11,500,15,3000,3000,3000,3000,"fast","control_informative",0.05,5,0.01,"","mtada_aggregated","trait1","bfdr_observed_fdp",0.01,0.803921568627451
20260823,11,500,15,3000,3000,3000,3000,"fast","control_informative",0.05,5,0.01,"","mtada_aggregated","trait1","bfdr_estimate",0.01,0.00874611015389181
20260823,11,500,15,3000,3000,3000,3000,"fast","control_informative",0.05,5,0.01,"","mtada_aggregated","trait1","bfdr_power",0.01,0.4
20260823,11,500,15,3000,3000,3000,3000,"fast","control_informative",0.05,5,0.01,"","mtada_aggregated","trait1","bfdr_discoveries",0.01,51
20260823,11,500,15,3000,3000,3000,3000,"fast","control_informative",0.05,5,0.01,"","mtada_aggregated","trait1","bfdr_observed_fdp",0.05,0.813559322033898
20260823,11,500,15,3000,3000,3000,3000,"fast","control_informative",0.05,5,0.01,"","mtada_aggregated","trait1","bfdr_estimate",0.05,0.0445499893383011
20260823,11,500,15,3000,3000,3000,3000,"fast","control_informative",0.05,5,0.01,"","mtada_aggregated","trait1","bfdr_power",0.05,0.44
20260823,11,500,15,3000,3000,3000,3000,"fast","control_informative",0.05,5,0.01,"","mtada_aggregated","trait1","bfdr_discoveries",0.05,59
20260823,11,500,15,3000,3000,3000,3000,"fast","control_informative",0.05,5,0.01,"","mtada_aggregated","trait1","bfdr_observed_fdp",0.1,0.833333333333333
20260823,11,500,15,3000,3000,3000,3000,"fast","control_informative",0.05,5,0.01,"","mtada_aggregated","trait1","bfdr_estimate",0.1,0.096642383311828
20260823,11,500,15,3000,3000,3000,3000,"fast","control_informative",0.05,5,0.01,"","mtada_aggregated","trait1","bfdr_power",0.1,0.44
20260823,11,500,15,3000,3000,3000,3000,"fast","control_informative",0.05,5,0.01,"","mtada_aggregated","trait1","bfdr_discoveries",0.1,66
20260823,11,500,15,3000,3000,3000,3000,"fast","control_informative",0.05,5,0.01,"","mtada_aggregated","trait1","bfdr_observed_fdp",0.2,0.848101265822785
20260823,11,500,15,3000,3000,3000,3000,"fast","control_informative",0.05,5,0.01,"","mtada_aggregated","trait1","bfdr_estimate",0.2,0.19749325432523
20260823,11,500,15,3000,3000,3000,3000,"fast","control_informative",0.05,5,0.01,"","mtada_aggregated","trait1","bfdr_power",0.2,0.48
20260823,11,500,15,3000,3000,3000,3000,"fast","control_informative",0.05,5,0.01,"","mtada_aggregated","trait1","bfdr_discoveries",0.2,79
20260823,11,500,15,3000,3000,3000,3000,"fast","control_informative",0.05,5,0.01,"","mtada_aggregated","trait2","bfdr_observed_fdp",0.01,0.972972972972973
20260823,11,500,15,3000,3000,3000,3000,"fast","control_informative",0.05,5,0.01,"","mtada_aggregated","trait2","bfdr_estimate",0.01,0.0079197262513843
20260823,11,500,15,3000,3000,3000,3000,"fast","control_informative",0.05,5,0.01,"","mtada_aggregated","trait2","bfdr_power",0.01,0.1
20260823,11,500,15,3000,3000,3000,3000,"fast","control_informative",0.05,5,0.01,"","mtada_aggregated","trait2","bfdr_discoveries",0.01,37
20260823,11,500,15,3000,3000,3000,3000,"fast","control_informative",0.05,5,0.01,"","mtada_aggregated","trait2","bfdr_observed_fdp",0.05,0.953488372093023
20260823,11,500,15,3000,3000,3000,3000,"fast","control_informative",0.05,5,0.01,"","mtada_aggregated","trait2","bfdr_estimate",0.05,0.0434960738242008
20260823,11,500,15,3000,3000,3000,3000,"fast","control_informative",0.05,5,0.01,"","mtada_aggregated","trait2","bfdr_power",0.05,0.2
20260823,11,500,15,3000,3000,3000,3000,"fast","control_informative",0.05,5,0.01,"","mtada_aggregated","trait2","bfdr_discoveries",0.05,43
20260823,11,500,15,3000,3000,3000,3000,"fast","control_informative",0.05,5,0.01,"","mtada_aggregated","trait2","bfdr_observed_fdp",0.1,0.958333333333333
20260823,11,500,15,3000,3000,3000,3000,"fast","control_informative",0.05,5,0.01,"","mtada_aggregated","trait2","bfdr_estimate",0.1,0.0892110076796081
20260823,11,500,15,3000,3000,3000,3000,"fast","control_informative",0.05,5,0.01,"","mtada_aggregated","trait2","bfdr_power",0.1,0.2
20260823,11,500,15,3000,3000,3000,3000,"fast","control_informative",0.05,5,0.01,"","mtada_aggregated","trait2","bfdr_discoveries",0.1,48
20260823,11,500,15,3000,3000,3000,3000,"fast","control_informative",0.05,5,0.01,"","mtada_aggregated","trait2","bfdr_observed_fdp",0.2,0.964912280701754
20260823,11,500,15,3000,3000,3000,3000,"fast","control_informative",0.05,5,0.01,"","mtada_aggregated","trait2","bfdr_estimate",0.2,0.195513536219673
20260823,11,500,15,3000,3000,3000,3000,"fast","control_informative",0.05,5,0.01,"","mtada_aggregated","trait2","bfdr_power",0.2,0.2
20260823,11,500,15,3000,3000,3000,3000,"fast","control_informative",0.05,5,0.01,"","mtada_aggregated","trait2","bfdr_discoveries",0.2,57
20260823,11,500,15,3000,3000,3000,3000,"fast","control_informative",0.05,5,0.01,"","mtada_aggregated","pleiotropy","bfdr_observed_fdp",0.01,0.75
20260823,11,500,15,3000,3000,3000,3000,"fast","control_informative",0.05,5,0.01,"","mtada_aggregated","pleiotropy","bfdr_estimate",0.01,0.0024666906133749
20260823,11,500,15,3000,3000,3000,3000,"fast","control_informative",0.05,5,0.01,"","mtada_aggregated","pleiotropy","bfdr_power",0.01,0.2
20260823,11,500,15,3000,3000,3000,3000,"fast","control_informative",0.05,5,0.01,"","mtada_aggregated","pleiotropy","bfdr_discoveries",0.01,4
20260823,11,500,15,3000,3000,3000,3000,"fast","control_informative",0.05,5,0.01,"","mtada_aggregated","pleiotropy","bfdr_observed_fdp",0.05,0.8
20260823,11,500,15,3000,3000,3000,3000,"fast","control_informative",0.05,5,0.01,"","mtada_aggregated","pleiotropy","bfdr_estimate",0.05,0.0149823923982883
20260823,11,500,15,3000,3000,3000,3000,"fast","control_informative",0.05,5,0.01,"","mtada_aggregated","pleiotropy","bfdr_power",0.05,0.2
20260823,11,500,15,3000,3000,3000,3000,"fast","control_informative",0.05,5,0.01,"","mtada_aggregated","pleiotropy","bfdr_discoveries",0.05,5
20260823,11,500,15,3000,3000,3000,3000,"fast","control_informative",0.05,5,0.01,"","mtada_aggregated","pleiotropy","bfdr_observed_fdp",0.1,0.8
20260823,11,500,15,3000,3000,3000,3000,"fast","control_informative",0.05,5,0.01,"","mtada_aggregated","pleiotropy","bfdr_estimate",0.1,0.0149823923982883
20260823,11,500,15,3000,3000,3000,3000,"fast","control_informative",0.05,5,0.01,"","mtada_aggregated","pleiotropy","bfdr_power",0.1,0.2
20260823,11,500,15,3000,3000,3000,3000,"fast","control_informative",0.05,5,0.01,"","mtada_aggregated","pleiotropy","bfdr_discoveries",0.1,5
20260823,11,500,15,3000,3000,3000,3000,"fast","control_informative",0.05,5,0.01,"","mtada_aggregated","pleiotropy","bfdr_observed_fdp",0.2,0.857142857142857
20260823,11,500,15,3000,3000,3000,3000,"fast","control_informative",0.05,5,0.01,"","mtada_aggregated","pleiotropy","bfdr_estimate",0.2,0.181641018439195
20260823,11,500,15,3000,3000,3000,3000,"fast","control_informative",0.05,5,0.01,"","mtada_aggregated","pleiotropy","bfdr_power",0.2,0.2
20260823,11,500,15,3000,3000,3000,3000,"fast","control_informative",0.05,5,0.01,"","mtada_aggregated","pleiotropy","bfdr_discoveries",0.2,7
20260823,11,500,15,3000,3000,3000,3000,"fast","control_informative",0.05,5,0.01,"","mtada_aggregated","global","runtime_seconds",NA,0.878999999999998
20260823,11,500,15,3000,3000,3000,3000,"fast","control_informative",0.05,5,0.01,"","mtada_aggregated","pleiotropy","pi11_estimate",NA,0.00212376
20260824,12,500,15,3000,3000,3000,3000,"fast","control_informative",0.05,5,0.01,"","mirage_joint","trait1","auc",NA,0.731621052631579
20260824,12,500,15,3000,3000,3000,3000,"fast","control_informative",0.05,5,0.01,"","mirage_joint","trait2","auc",NA,0.649795918367347
20260824,12,500,15,3000,3000,3000,3000,"fast","control_informative",0.05,5,0.01,"","mirage_joint","pleiotropy","auc",NA,0.850909090909091
20260824,12,500,15,3000,3000,3000,3000,"fast","control_informative",0.05,5,0.01,"","mirage_joint","trait1","pp08_power",0.8,0.2
20260824,12,500,15,3000,3000,3000,3000,"fast","control_informative",0.05,5,0.01,"","mirage_joint","trait1","pp08_fdp",0.8,0
20260824,12,500,15,3000,3000,3000,3000,"fast","control_informative",0.05,5,0.01,"","mirage_joint","trait1","pp08_discoveries",0.8,5
20260824,12,500,15,3000,3000,3000,3000,"fast","control_informative",0.05,5,0.01,"","mirage_joint","trait2","pp08_power",0.8,0.1
20260824,12,500,15,3000,3000,3000,3000,"fast","control_informative",0.05,5,0.01,"","mirage_joint","trait2","pp08_fdp",0.8,0
20260824,12,500,15,3000,3000,3000,3000,"fast","control_informative",0.05,5,0.01,"","mirage_joint","trait2","pp08_discoveries",0.8,1
20260824,12,500,15,3000,3000,3000,3000,"fast","control_informative",0.05,5,0.01,"","mirage_joint","pleiotropy","pp08_power",0.8,0
20260824,12,500,15,3000,3000,3000,3000,"fast","control_informative",0.05,5,0.01,"","mirage_joint","pleiotropy","pp08_fdp",0.8,0
20260824,12,500,15,3000,3000,3000,3000,"fast","control_informative",0.05,5,0.01,"","mirage_joint","pleiotropy","pp08_discoveries",0.8,0
20260824,12,500,15,3000,3000,3000,3000,"fast","control_informative",0.05,5,0.01,"","mirage_joint","trait1","bfdr_observed_fdp",0.01,0
20260824,12,500,15,3000,3000,3000,3000,"fast","control_informative",0.05,5,0.01,"","mirage_joint","trait1","bfdr_estimate",0.01,0.00806932781437947
20260824,12,500,15,3000,3000,3000,3000,"fast","control_informative",0.05,5,0.01,"","mirage_joint","trait1","bfdr_power",0.01,0.16
20260824,12,500,15,3000,3000,3000,3000,"fast","control_informative",0.05,5,0.01,"","mirage_joint","trait1","bfdr_discoveries",0.01,4
20260824,12,500,15,3000,3000,3000,3000,"fast","control_informative",0.05,5,0.01,"","mirage_joint","trait1","bfdr_observed_fdp",0.05,0
20260824,12,500,15,3000,3000,3000,3000,"fast","control_informative",0.05,5,0.01,"","mirage_joint","trait1","bfdr_estimate",0.05,0.0138731723696995
20260824,12,500,15,3000,3000,3000,3000,"fast","control_informative",0.05,5,0.01,"","mirage_joint","trait1","bfdr_power",0.05,0.2
20260824,12,500,15,3000,3000,3000,3000,"fast","control_informative",0.05,5,0.01,"","mirage_joint","trait1","bfdr_discoveries",0.05,5
20260824,12,500,15,3000,3000,3000,3000,"fast","control_informative",0.05,5,0.01,"","mirage_joint","trait1","bfdr_observed_fdp",0.1,0
20260824,12,500,15,3000,3000,3000,3000,"fast","control_informative",0.05,5,0.01,"","mirage_joint","trait1","bfdr_estimate",0.1,0.0530252628193478
20260824,12,500,15,3000,3000,3000,3000,"fast","control_informative",0.05,5,0.01,"","mirage_joint","trait1","bfdr_power",0.1,0.24
20260824,12,500,15,3000,3000,3000,3000,"fast","control_informative",0.05,5,0.01,"","mirage_joint","trait1","bfdr_discoveries",0.1,6
20260824,12,500,15,3000,3000,3000,3000,"fast","control_informative",0.05,5,0.01,"","mirage_joint","trait1","bfdr_observed_fdp",0.2,0.222222222222222
20260824,12,500,15,3000,3000,3000,3000,"fast","control_informative",0.05,5,0.01,"","mirage_joint","trait1","bfdr_estimate",0.2,0.192958799380154
20260824,12,500,15,3000,3000,3000,3000,"fast","control_informative",0.05,5,0.01,"","mirage_joint","trait1","bfdr_power",0.2,0.28
20260824,12,500,15,3000,3000,3000,3000,"fast","control_informative",0.05,5,0.01,"","mirage_joint","trait1","bfdr_discoveries",0.2,9
20260824,12,500,15,3000,3000,3000,3000,"fast","control_informative",0.05,5,0.01,"","mirage_joint","trait2","bfdr_observed_fdp",0.01,0
20260824,12,500,15,3000,3000,3000,3000,"fast","control_informative",0.05,5,0.01,"","mirage_joint","trait2","bfdr_estimate",0.01,4.92832631970863e-06
20260824,12,500,15,3000,3000,3000,3000,"fast","control_informative",0.05,5,0.01,"","mirage_joint","trait2","bfdr_power",0.01,0.1
20260824,12,500,15,3000,3000,3000,3000,"fast","control_informative",0.05,5,0.01,"","mirage_joint","trait2","bfdr_discoveries",0.01,1
20260824,12,500,15,3000,3000,3000,3000,"fast","control_informative",0.05,5,0.01,"","mirage_joint","trait2","bfdr_observed_fdp",0.05,0
20260824,12,500,15,3000,3000,3000,3000,"fast","control_informative",0.05,5,0.01,"","mirage_joint","trait2","bfdr_estimate",0.05,4.92832631970863e-06
20260824,12,500,15,3000,3000,3000,3000,"fast","control_informative",0.05,5,0.01,"","mirage_joint","trait2","bfdr_power",0.05,0.1
20260824,12,500,15,3000,3000,3000,3000,"fast","control_informative",0.05,5,0.01,"","mirage_joint","trait2","bfdr_discoveries",0.05,1
20260824,12,500,15,3000,3000,3000,3000,"fast","control_informative",0.05,5,0.01,"","mirage_joint","trait2","bfdr_observed_fdp",0.1,0
20260824,12,500,15,3000,3000,3000,3000,"fast","control_informative",0.05,5,0.01,"","mirage_joint","trait2","bfdr_estimate",0.1,4.92832631970863e-06
20260824,12,500,15,3000,3000,3000,3000,"fast","control_informative",0.05,5,0.01,"","mirage_joint","trait2","bfdr_power",0.1,0.1
20260824,12,500,15,3000,3000,3000,3000,"fast","control_informative",0.05,5,0.01,"","mirage_joint","trait2","bfdr_discoveries",0.1,1
20260824,12,500,15,3000,3000,3000,3000,"fast","control_informative",0.05,5,0.01,"","mirage_joint","trait2","bfdr_observed_fdp",0.2,0
20260824,12,500,15,3000,3000,3000,3000,"fast","control_informative",0.05,5,0.01,"","mirage_joint","trait2","bfdr_estimate",0.2,4.92832631970863e-06
20260824,12,500,15,3000,3000,3000,3000,"fast","control_informative",0.05,5,0.01,"","mirage_joint","trait2","bfdr_power",0.2,0.1
20260824,12,500,15,3000,3000,3000,3000,"fast","control_informative",0.05,5,0.01,"","mirage_joint","trait2","bfdr_discoveries",0.2,1
20260824,12,500,15,3000,3000,3000,3000,"fast","control_informative",0.05,5,0.01,"","mirage_joint","pleiotropy","bfdr_observed_fdp",0.01,0
20260824,12,500,15,3000,3000,3000,3000,"fast","control_informative",0.05,5,0.01,"","mirage_joint","pleiotropy","bfdr_estimate",0.01,0
20260824,12,500,15,3000,3000,3000,3000,"fast","control_informative",0.05,5,0.01,"","mirage_joint","pleiotropy","bfdr_power",0.01,0
20260824,12,500,15,3000,3000,3000,3000,"fast","control_informative",0.05,5,0.01,"","mirage_joint","pleiotropy","bfdr_discoveries",0.01,0
20260824,12,500,15,3000,3000,3000,3000,"fast","control_informative",0.05,5,0.01,"","mirage_joint","pleiotropy","bfdr_observed_fdp",0.05,0
20260824,12,500,15,3000,3000,3000,3000,"fast","control_informative",0.05,5,0.01,"","mirage_joint","pleiotropy","bfdr_estimate",0.05,0
20260824,12,500,15,3000,3000,3000,3000,"fast","control_informative",0.05,5,0.01,"","mirage_joint","pleiotropy","bfdr_power",0.05,0
20260824,12,500,15,3000,3000,3000,3000,"fast","control_informative",0.05,5,0.01,"","mirage_joint","pleiotropy","bfdr_discoveries",0.05,0
20260824,12,500,15,3000,3000,3000,3000,"fast","control_informative",0.05,5,0.01,"","mirage_joint","pleiotropy","bfdr_observed_fdp",0.1,0
20260824,12,500,15,3000,3000,3000,3000,"fast","control_informative",0.05,5,0.01,"","mirage_joint","pleiotropy","bfdr_estimate",0.1,0
20260824,12,500,15,3000,3000,3000,3000,"fast","control_informative",0.05,5,0.01,"","mirage_joint","pleiotropy","bfdr_power",0.1,0
20260824,12,500,15,3000,3000,3000,3000,"fast","control_informative",0.05,5,0.01,"","mirage_joint","pleiotropy","bfdr_discoveries",0.1,0
20260824,12,500,15,3000,3000,3000,3000,"fast","control_informative",0.05,5,0.01,"","mirage_joint","pleiotropy","bfdr_observed_fdp",0.2,0
20260824,12,500,15,3000,3000,3000,3000,"fast","control_informative",0.05,5,0.01,"","mirage_joint","pleiotropy","bfdr_estimate",0.2,0
20260824,12,500,15,3000,3000,3000,3000,"fast","control_informative",0.05,5,0.01,"","mirage_joint","pleiotropy","bfdr_power",0.2,0
20260824,12,500,15,3000,3000,3000,3000,"fast","control_informative",0.05,5,0.01,"","mirage_joint","pleiotropy","bfdr_discoveries",0.2,0
20260824,12,500,15,3000,3000,3000,3000,"fast","control_informative",0.05,5,0.01,"","mirage_joint","global","runtime_seconds",NA,18.061
20260824,12,500,15,3000,3000,3000,3000,"fast","control_informative",0.05,5,0.01,"","mirage_joint","pleiotropy","pi11_estimate",NA,0.0606821720440172
20260824,12,500,15,3000,3000,3000,3000,"fast","control_informative",0.05,5,0.01,"","separate_mirage","trait1","auc",NA,0.716378947368421
20260824,12,500,15,3000,3000,3000,3000,"fast","control_informative",0.05,5,0.01,"","separate_mirage","trait2","auc",NA,0.667755102040816
20260824,12,500,15,3000,3000,3000,3000,"fast","control_informative",0.05,5,0.01,"","separate_mirage","pleiotropy","auc",NA,0.825454545454545
20260824,12,500,15,3000,3000,3000,3000,"fast","control_informative",0.05,5,0.01,"","separate_mirage","trait1","pp08_power",0.8,0.2
20260824,12,500,15,3000,3000,3000,3000,"fast","control_informative",0.05,5,0.01,"","separate_mirage","trait1","pp08_fdp",0.8,0
20260824,12,500,15,3000,3000,3000,3000,"fast","control_informative",0.05,5,0.01,"","separate_mirage","trait1","pp08_discoveries",0.8,5
20260824,12,500,15,3000,3000,3000,3000,"fast","control_informative",0.05,5,0.01,"","separate_mirage","trait2","pp08_power",0.8,0.1
20260824,12,500,15,3000,3000,3000,3000,"fast","control_informative",0.05,5,0.01,"","separate_mirage","trait2","pp08_fdp",0.8,0
20260824,12,500,15,3000,3000,3000,3000,"fast","control_informative",0.05,5,0.01,"","separate_mirage","trait2","pp08_discoveries",0.8,1
20260824,12,500,15,3000,3000,3000,3000,"fast","control_informative",0.05,5,0.01,"","separate_mirage","pleiotropy","pp08_power",0.8,0
20260824,12,500,15,3000,3000,3000,3000,"fast","control_informative",0.05,5,0.01,"","separate_mirage","pleiotropy","pp08_fdp",0.8,0
20260824,12,500,15,3000,3000,3000,3000,"fast","control_informative",0.05,5,0.01,"","separate_mirage","pleiotropy","pp08_discoveries",0.8,0
20260824,12,500,15,3000,3000,3000,3000,"fast","control_informative",0.05,5,0.01,"","separate_mirage","trait1","bfdr_observed_fdp",0.01,0
20260824,12,500,15,3000,3000,3000,3000,"fast","control_informative",0.05,5,0.01,"","separate_mirage","trait1","bfdr_estimate",0.01,0.00435487099413778
20260824,12,500,15,3000,3000,3000,3000,"fast","control_informative",0.05,5,0.01,"","separate_mirage","trait1","bfdr_power",0.01,0.12
20260824,12,500,15,3000,3000,3000,3000,"fast","control_informative",0.05,5,0.01,"","separate_mirage","trait1","bfdr_discoveries",0.01,3
20260824,12,500,15,3000,3000,3000,3000,"fast","control_informative",0.05,5,0.01,"","separate_mirage","trait1","bfdr_observed_fdp",0.05,0
20260824,12,500,15,3000,3000,3000,3000,"fast","control_informative",0.05,5,0.01,"","separate_mirage","trait1","bfdr_estimate",0.05,0.0415819063230246
20260824,12,500,15,3000,3000,3000,3000,"fast","control_informative",0.05,5,0.01,"","separate_mirage","trait1","bfdr_power",0.05,0.2
20260824,12,500,15,3000,3000,3000,3000,"fast","control_informative",0.05,5,0.01,"","separate_mirage","trait1","bfdr_discoveries",0.05,5
20260824,12,500,15,3000,3000,3000,3000,"fast","control_informative",0.05,5,0.01,"","separate_mirage","trait1","bfdr_observed_fdp",0.1,0
20260824,12,500,15,3000,3000,3000,3000,"fast","control_informative",0.05,5,0.01,"","separate_mirage","trait1","bfdr_estimate",0.1,0.0415819063230246
20260824,12,500,15,3000,3000,3000,3000,"fast","control_informative",0.05,5,0.01,"","separate_mirage","trait1","bfdr_power",0.1,0.2
20260824,12,500,15,3000,3000,3000,3000,"fast","control_informative",0.05,5,0.01,"","separate_mirage","trait1","bfdr_discoveries",0.1,5
20260824,12,500,15,3000,3000,3000,3000,"fast","control_informative",0.05,5,0.01,"","separate_mirage","trait1","bfdr_observed_fdp",0.2,0
20260824,12,500,15,3000,3000,3000,3000,"fast","control_informative",0.05,5,0.01,"","separate_mirage","trait1","bfdr_estimate",0.2,0.144597901274934
20260824,12,500,15,3000,3000,3000,3000,"fast","control_informative",0.05,5,0.01,"","separate_mirage","trait1","bfdr_power",0.2,0.24
20260824,12,500,15,3000,3000,3000,3000,"fast","control_informative",0.05,5,0.01,"","separate_mirage","trait1","bfdr_discoveries",0.2,6
20260824,12,500,15,3000,3000,3000,3000,"fast","control_informative",0.05,5,0.01,"","separate_mirage","trait2","bfdr_observed_fdp",0.01,0
20260824,12,500,15,3000,3000,3000,3000,"fast","control_informative",0.05,5,0.01,"","separate_mirage","trait2","bfdr_estimate",0.01,7.7830077346297e-06
20260824,12,500,15,3000,3000,3000,3000,"fast","control_informative",0.05,5,0.01,"","separate_mirage","trait2","bfdr_power",0.01,0.1
20260824,12,500,15,3000,3000,3000,3000,"fast","control_informative",0.05,5,0.01,"","separate_mirage","trait2","bfdr_discoveries",0.01,1
20260824,12,500,15,3000,3000,3000,3000,"fast","control_informative",0.05,5,0.01,"","separate_mirage","trait2","bfdr_observed_fdp",0.05,0
20260824,12,500,15,3000,3000,3000,3000,"fast","control_informative",0.05,5,0.01,"","separate_mirage","trait2","bfdr_estimate",0.05,7.7830077346297e-06
20260824,12,500,15,3000,3000,3000,3000,"fast","control_informative",0.05,5,0.01,"","separate_mirage","trait2","bfdr_power",0.05,0.1
20260824,12,500,15,3000,3000,3000,3000,"fast","control_informative",0.05,5,0.01,"","separate_mirage","trait2","bfdr_discoveries",0.05,1
20260824,12,500,15,3000,3000,3000,3000,"fast","control_informative",0.05,5,0.01,"","separate_mirage","trait2","bfdr_observed_fdp",0.1,0
20260824,12,500,15,3000,3000,3000,3000,"fast","control_informative",0.05,5,0.01,"","separate_mirage","trait2","bfdr_estimate",0.1,7.7830077346297e-06
20260824,12,500,15,3000,3000,3000,3000,"fast","control_informative",0.05,5,0.01,"","separate_mirage","trait2","bfdr_power",0.1,0.1
20260824,12,500,15,3000,3000,3000,3000,"fast","control_informative",0.05,5,0.01,"","separate_mirage","trait2","bfdr_discoveries",0.1,1
20260824,12,500,15,3000,3000,3000,3000,"fast","control_informative",0.05,5,0.01,"","separate_mirage","trait2","bfdr_observed_fdp",0.2,0
20260824,12,500,15,3000,3000,3000,3000,"fast","control_informative",0.05,5,0.01,"","separate_mirage","trait2","bfdr_estimate",0.2,7.7830077346297e-06
20260824,12,500,15,3000,3000,3000,3000,"fast","control_informative",0.05,5,0.01,"","separate_mirage","trait2","bfdr_power",0.2,0.1
20260824,12,500,15,3000,3000,3000,3000,"fast","control_informative",0.05,5,0.01,"","separate_mirage","trait2","bfdr_discoveries",0.2,1
20260824,12,500,15,3000,3000,3000,3000,"fast","control_informative",0.05,5,0.01,"","separate_mirage","pleiotropy","bfdr_observed_fdp",0.01,0
20260824,12,500,15,3000,3000,3000,3000,"fast","control_informative",0.05,5,0.01,"","separate_mirage","pleiotropy","bfdr_estimate",0.01,0
20260824,12,500,15,3000,3000,3000,3000,"fast","control_informative",0.05,5,0.01,"","separate_mirage","pleiotropy","bfdr_power",0.01,0
20260824,12,500,15,3000,3000,3000,3000,"fast","control_informative",0.05,5,0.01,"","separate_mirage","pleiotropy","bfdr_discoveries",0.01,0
20260824,12,500,15,3000,3000,3000,3000,"fast","control_informative",0.05,5,0.01,"","separate_mirage","pleiotropy","bfdr_observed_fdp",0.05,0
20260824,12,500,15,3000,3000,3000,3000,"fast","control_informative",0.05,5,0.01,"","separate_mirage","pleiotropy","bfdr_estimate",0.05,0
20260824,12,500,15,3000,3000,3000,3000,"fast","control_informative",0.05,5,0.01,"","separate_mirage","pleiotropy","bfdr_power",0.05,0
20260824,12,500,15,3000,3000,3000,3000,"fast","control_informative",0.05,5,0.01,"","separate_mirage","pleiotropy","bfdr_discoveries",0.05,0
20260824,12,500,15,3000,3000,3000,3000,"fast","control_informative",0.05,5,0.01,"","separate_mirage","pleiotropy","bfdr_observed_fdp",0.1,0
20260824,12,500,15,3000,3000,3000,3000,"fast","control_informative",0.05,5,0.01,"","separate_mirage","pleiotropy","bfdr_estimate",0.1,0
20260824,12,500,15,3000,3000,3000,3000,"fast","control_informative",0.05,5,0.01,"","separate_mirage","pleiotropy","bfdr_power",0.1,0
20260824,12,500,15,3000,3000,3000,3000,"fast","control_informative",0.05,5,0.01,"","separate_mirage","pleiotropy","bfdr_discoveries",0.1,0
20260824,12,500,15,3000,3000,3000,3000,"fast","control_informative",0.05,5,0.01,"","separate_mirage","pleiotropy","bfdr_observed_fdp",0.2,0
20260824,12,500,15,3000,3000,3000,3000,"fast","control_informative",0.05,5,0.01,"","separate_mirage","pleiotropy","bfdr_estimate",0.2,0
20260824,12,500,15,3000,3000,3000,3000,"fast","control_informative",0.05,5,0.01,"","separate_mirage","pleiotropy","bfdr_power",0.2,0
20260824,12,500,15,3000,3000,3000,3000,"fast","control_informative",0.05,5,0.01,"","separate_mirage","pleiotropy","bfdr_discoveries",0.2,0
20260824,12,500,15,3000,3000,3000,3000,"fast","control_informative",0.05,5,0.01,"","separate_mirage","global","runtime_seconds",NA,18.04
20260824,12,500,15,3000,3000,3000,3000,"fast","control_informative",0.05,5,0.01,"","separate_mirage","pleiotropy","pi11_estimate",NA,0.001
20260824,12,500,15,3000,3000,3000,3000,"fast","control_informative",0.05,5,0.01,"","mtada_aggregated","trait1","auc",NA,0.750736842105263
20260824,12,500,15,3000,3000,3000,3000,"fast","control_informative",0.05,5,0.01,"","mtada_aggregated","trait2","auc",NA,0.661428571428571
20260824,12,500,15,3000,3000,3000,3000,"fast","control_informative",0.05,5,0.01,"","mtada_aggregated","pleiotropy","auc",NA,0.85050505050505
20260824,12,500,15,3000,3000,3000,3000,"fast","control_informative",0.05,5,0.01,"","mtada_aggregated","trait1","pp08_power",0.8,0.32
20260824,12,500,15,3000,3000,3000,3000,"fast","control_informative",0.05,5,0.01,"","mtada_aggregated","trait1","pp08_fdp",0.8,0.813953488372093
20260824,12,500,15,3000,3000,3000,3000,"fast","control_informative",0.05,5,0.01,"","mtada_aggregated","trait1","pp08_discoveries",0.8,43
20260824,12,500,15,3000,3000,3000,3000,"fast","control_informative",0.05,5,0.01,"","mtada_aggregated","trait2","pp08_power",0.8,0.3
20260824,12,500,15,3000,3000,3000,3000,"fast","control_informative",0.05,5,0.01,"","mtada_aggregated","trait2","pp08_fdp",0.8,0.9
20260824,12,500,15,3000,3000,3000,3000,"fast","control_informative",0.05,5,0.01,"","mtada_aggregated","trait2","pp08_discoveries",0.8,30
20260824,12,500,15,3000,3000,3000,3000,"fast","control_informative",0.05,5,0.01,"","mtada_aggregated","pleiotropy","pp08_power",0.8,0.2
20260824,12,500,15,3000,3000,3000,3000,"fast","control_informative",0.05,5,0.01,"","mtada_aggregated","pleiotropy","pp08_fdp",0.8,0.5
20260824,12,500,15,3000,3000,3000,3000,"fast","control_informative",0.05,5,0.01,"","mtada_aggregated","pleiotropy","pp08_discoveries",0.8,2
20260824,12,500,15,3000,3000,3000,3000,"fast","control_informative",0.05,5,0.01,"","mtada_aggregated","trait1","bfdr_observed_fdp",0.01,0.794871794871795
20260824,12,500,15,3000,3000,3000,3000,"fast","control_informative",0.05,5,0.01,"","mtada_aggregated","trait1","bfdr_estimate",0.01,0.0095443453243807
20260824,12,500,15,3000,3000,3000,3000,"fast","control_informative",0.05,5,0.01,"","mtada_aggregated","trait1","bfdr_power",0.01,0.32
20260824,12,500,15,3000,3000,3000,3000,"fast","control_informative",0.05,5,0.01,"","mtada_aggregated","trait1","bfdr_discoveries",0.01,39
20260824,12,500,15,3000,3000,3000,3000,"fast","control_informative",0.05,5,0.01,"","mtada_aggregated","trait1","bfdr_observed_fdp",0.05,0.833333333333333
20260824,12,500,15,3000,3000,3000,3000,"fast","control_informative",0.05,5,0.01,"","mtada_aggregated","trait1","bfdr_estimate",0.05,0.0487856744999466
20260824,12,500,15,3000,3000,3000,3000,"fast","control_informative",0.05,5,0.01,"","mtada_aggregated","trait1","bfdr_power",0.05,0.32
20260824,12,500,15,3000,3000,3000,3000,"fast","control_informative",0.05,5,0.01,"","mtada_aggregated","trait1","bfdr_discoveries",0.05,48
20260824,12,500,15,3000,3000,3000,3000,"fast","control_informative",0.05,5,0.01,"","mtada_aggregated","trait1","bfdr_observed_fdp",0.1,0.854545454545454
20260824,12,500,15,3000,3000,3000,3000,"fast","control_informative",0.05,5,0.01,"","mtada_aggregated","trait1","bfdr_estimate",0.1,0.0987784071425315
20260824,12,500,15,3000,3000,3000,3000,"fast","control_informative",0.05,5,0.01,"","mtada_aggregated","trait1","bfdr_power",0.1,0.32
20260824,12,500,15,3000,3000,3000,3000,"fast","control_informative",0.05,5,0.01,"","mtada_aggregated","trait1","bfdr_discoveries",0.1,55
20260824,12,500,15,3000,3000,3000,3000,"fast","control_informative",0.05,5,0.01,"","mtada_aggregated","trait1","bfdr_observed_fdp",0.2,0.863636363636364
20260824,12,500,15,3000,3000,3000,3000,"fast","control_informative",0.05,5,0.01,"","mtada_aggregated","trait1","bfdr_estimate",0.2,0.199764555708341
20260824,12,500,15,3000,3000,3000,3000,"fast","control_informative",0.05,5,0.01,"","mtada_aggregated","trait1","bfdr_power",0.2,0.36
20260824,12,500,15,3000,3000,3000,3000,"fast","control_informative",0.05,5,0.01,"","mtada_aggregated","trait1","bfdr_discoveries",0.2,66
20260824,12,500,15,3000,3000,3000,3000,"fast","control_informative",0.05,5,0.01,"","mtada_aggregated","trait2","bfdr_observed_fdp",0.01,0.928571428571429
20260824,12,500,15,3000,3000,3000,3000,"fast","control_informative",0.05,5,0.01,"","mtada_aggregated","trait2","bfdr_estimate",0.01,0.00809087681277596
20260824,12,500,15,3000,3000,3000,3000,"fast","control_informative",0.05,5,0.01,"","mtada_aggregated","trait2","bfdr_power",0.01,0.2
20260824,12,500,15,3000,3000,3000,3000,"fast","control_informative",0.05,5,0.01,"","mtada_aggregated","trait2","bfdr_discoveries",0.01,28
20260824,12,500,15,3000,3000,3000,3000,"fast","control_informative",0.05,5,0.01,"","mtada_aggregated","trait2","bfdr_observed_fdp",0.05,0.911764705882353
20260824,12,500,15,3000,3000,3000,3000,"fast","control_informative",0.05,5,0.01,"","mtada_aggregated","trait2","bfdr_estimate",0.05,0.0461186859140458
20260824,12,500,15,3000,3000,3000,3000,"fast","control_informative",0.05,5,0.01,"","mtada_aggregated","trait2","bfdr_power",0.05,0.3
20260824,12,500,15,3000,3000,3000,3000,"fast","control_informative",0.05,5,0.01,"","mtada_aggregated","trait2","bfdr_discoveries",0.05,34
20260824,12,500,15,3000,3000,3000,3000,"fast","control_informative",0.05,5,0.01,"","mtada_aggregated","trait2","bfdr_observed_fdp",0.1,0.925
20260824,12,500,15,3000,3000,3000,3000,"fast","control_informative",0.05,5,0.01,"","mtada_aggregated","trait2","bfdr_estimate",0.1,0.0932684529135516
20260824,12,500,15,3000,3000,3000,3000,"fast","control_informative",0.05,5,0.01,"","mtada_aggregated","trait2","bfdr_power",0.1,0.3
20260824,12,500,15,3000,3000,3000,3000,"fast","control_informative",0.05,5,0.01,"","mtada_aggregated","trait2","bfdr_discoveries",0.1,40
20260824,12,500,15,3000,3000,3000,3000,"fast","control_informative",0.05,5,0.01,"","mtada_aggregated","trait2","bfdr_observed_fdp",0.2,0.916666666666667
20260824,12,500,15,3000,3000,3000,3000,"fast","control_informative",0.05,5,0.01,"","mtada_aggregated","trait2","bfdr_estimate",0.2,0.192430064033475
20260824,12,500,15,3000,3000,3000,3000,"fast","control_informative",0.05,5,0.01,"","mtada_aggregated","trait2","bfdr_power",0.2,0.4
20260824,12,500,15,3000,3000,3000,3000,"fast","control_informative",0.05,5,0.01,"","mtada_aggregated","trait2","bfdr_discoveries",0.2,48
20260824,12,500,15,3000,3000,3000,3000,"fast","control_informative",0.05,5,0.01,"","mtada_aggregated","pleiotropy","bfdr_observed_fdp",0.01,0
20260824,12,500,15,3000,3000,3000,3000,"fast","control_informative",0.05,5,0.01,"","mtada_aggregated","pleiotropy","bfdr_estimate",0.01,0
20260824,12,500,15,3000,3000,3000,3000,"fast","control_informative",0.05,5,0.01,"","mtada_aggregated","pleiotropy","bfdr_power",0.01,0
20260824,12,500,15,3000,3000,3000,3000,"fast","control_informative",0.05,5,0.01,"","mtada_aggregated","pleiotropy","bfdr_discoveries",0.01,0
20260824,12,500,15,3000,3000,3000,3000,"fast","control_informative",0.05,5,0.01,"","mtada_aggregated","pleiotropy","bfdr_observed_fdp",0.05,0
20260824,12,500,15,3000,3000,3000,3000,"fast","control_informative",0.05,5,0.01,"","mtada_aggregated","pleiotropy","bfdr_estimate",0.05,0
20260824,12,500,15,3000,3000,3000,3000,"fast","control_informative",0.05,5,0.01,"","mtada_aggregated","pleiotropy","bfdr_power",0.05,0
20260824,12,500,15,3000,3000,3000,3000,"fast","control_informative",0.05,5,0.01,"","mtada_aggregated","pleiotropy","bfdr_discoveries",0.05,0
20260824,12,500,15,3000,3000,3000,3000,"fast","control_informative",0.05,5,0.01,"","mtada_aggregated","pleiotropy","bfdr_observed_fdp",0.1,1
20260824,12,500,15,3000,3000,3000,3000,"fast","control_informative",0.05,5,0.01,"","mtada_aggregated","pleiotropy","bfdr_estimate",0.1,0.0843551217660904
20260824,12,500,15,3000,3000,3000,3000,"fast","control_informative",0.05,5,0.01,"","mtada_aggregated","pleiotropy","bfdr_power",0.1,0
20260824,12,500,15,3000,3000,3000,3000,"fast","control_informative",0.05,5,0.01,"","mtada_aggregated","pleiotropy","bfdr_discoveries",0.1,1
20260824,12,500,15,3000,3000,3000,3000,"fast","control_informative",0.05,5,0.01,"","mtada_aggregated","pleiotropy","bfdr_observed_fdp",0.2,0.666666666666667
20260824,12,500,15,3000,3000,3000,3000,"fast","control_informative",0.05,5,0.01,"","mtada_aggregated","pleiotropy","bfdr_estimate",0.2,0.183766997125073
20260824,12,500,15,3000,3000,3000,3000,"fast","control_informative",0.05,5,0.01,"","mtada_aggregated","pleiotropy","bfdr_power",0.2,0.2
20260824,12,500,15,3000,3000,3000,3000,"fast","control_informative",0.05,5,0.01,"","mtada_aggregated","pleiotropy","bfdr_discoveries",0.2,3
20260824,12,500,15,3000,3000,3000,3000,"fast","control_informative",0.05,5,0.01,"","mtada_aggregated","global","runtime_seconds",NA,0.838000000000008
20260824,12,500,15,3000,3000,3000,3000,"fast","control_informative",0.05,5,0.01,"","mtada_aggregated","pleiotropy","pi11_estimate",NA,0.000919928
20260825,13,500,15,3000,3000,3000,3000,"fast","control_informative",0.05,5,0.01,"","mirage_joint","trait1","auc",NA,0.755873684210526
20260825,13,500,15,3000,3000,3000,3000,"fast","control_informative",0.05,5,0.01,"","mirage_joint","trait2","auc",NA,0.642857142857143
20260825,13,500,15,3000,3000,3000,3000,"fast","control_informative",0.05,5,0.01,"","mirage_joint","pleiotropy","auc",NA,0.981414141414141
20260825,13,500,15,3000,3000,3000,3000,"fast","control_informative",0.05,5,0.01,"","mirage_joint","trait1","pp08_power",0.8,0.28
20260825,13,500,15,3000,3000,3000,3000,"fast","control_informative",0.05,5,0.01,"","mirage_joint","trait1","pp08_fdp",0.8,0
20260825,13,500,15,3000,3000,3000,3000,"fast","control_informative",0.05,5,0.01,"","mirage_joint","trait1","pp08_discoveries",0.8,7
20260825,13,500,15,3000,3000,3000,3000,"fast","control_informative",0.05,5,0.01,"","mirage_joint","trait2","pp08_power",0.8,0.1
20260825,13,500,15,3000,3000,3000,3000,"fast","control_informative",0.05,5,0.01,"","mirage_joint","trait2","pp08_fdp",0.8,0.5
20260825,13,500,15,3000,3000,3000,3000,"fast","control_informative",0.05,5,0.01,"","mirage_joint","trait2","pp08_discoveries",0.8,2
20260825,13,500,15,3000,3000,3000,3000,"fast","control_informative",0.05,5,0.01,"","mirage_joint","pleiotropy","pp08_power",0.8,0
20260825,13,500,15,3000,3000,3000,3000,"fast","control_informative",0.05,5,0.01,"","mirage_joint","pleiotropy","pp08_fdp",0.8,0
20260825,13,500,15,3000,3000,3000,3000,"fast","control_informative",0.05,5,0.01,"","mirage_joint","pleiotropy","pp08_discoveries",0.8,0
20260825,13,500,15,3000,3000,3000,3000,"fast","control_informative",0.05,5,0.01,"","mirage_joint","trait1","bfdr_observed_fdp",0.01,0
20260825,13,500,15,3000,3000,3000,3000,"fast","control_informative",0.05,5,0.01,"","mirage_joint","trait1","bfdr_estimate",0.01,0.00381488057792297
20260825,13,500,15,3000,3000,3000,3000,"fast","control_informative",0.05,5,0.01,"","mirage_joint","trait1","bfdr_power",0.01,0.12
20260825,13,500,15,3000,3000,3000,3000,"fast","control_informative",0.05,5,0.01,"","mirage_joint","trait1","bfdr_discoveries",0.01,3
20260825,13,500,15,3000,3000,3000,3000,"fast","control_informative",0.05,5,0.01,"","mirage_joint","trait1","bfdr_observed_fdp",0.05,0
20260825,13,500,15,3000,3000,3000,3000,"fast","control_informative",0.05,5,0.01,"","mirage_joint","trait1","bfdr_estimate",0.05,0.030411266852566
20260825,13,500,15,3000,3000,3000,3000,"fast","control_informative",0.05,5,0.01,"","mirage_joint","trait1","bfdr_power",0.05,0.2
20260825,13,500,15,3000,3000,3000,3000,"fast","control_informative",0.05,5,0.01,"","mirage_joint","trait1","bfdr_discoveries",0.05,5
20260825,13,500,15,3000,3000,3000,3000,"fast","control_informative",0.05,5,0.01,"","mirage_joint","trait1","bfdr_observed_fdp",0.1,0
20260825,13,500,15,3000,3000,3000,3000,"fast","control_informative",0.05,5,0.01,"","mirage_joint","trait1","bfdr_estimate",0.1,0.070579911827257
20260825,13,500,15,3000,3000,3000,3000,"fast","control_informative",0.05,5,0.01,"","mirage_joint","trait1","bfdr_power",0.1,0.28
20260825,13,500,15,3000,3000,3000,3000,"fast","control_informative",0.05,5,0.01,"","mirage_joint","trait1","bfdr_discoveries",0.1,7
20260825,13,500,15,3000,3000,3000,3000,"fast","control_informative",0.05,5,0.01,"","mirage_joint","trait1","bfdr_observed_fdp",0.2,0.1
20260825,13,500,15,3000,3000,3000,3000,"fast","control_informative",0.05,5,0.01,"","mirage_joint","trait1","bfdr_estimate",0.2,0.183912267799772
20260825,13,500,15,3000,3000,3000,3000,"fast","control_informative",0.05,5,0.01,"","mirage_joint","trait1","bfdr_power",0.2,0.36
20260825,13,500,15,3000,3000,3000,3000,"fast","control_informative",0.05,5,0.01,"","mirage_joint","trait1","bfdr_discoveries",0.2,10
20260825,13,500,15,3000,3000,3000,3000,"fast","control_informative",0.05,5,0.01,"","mirage_joint","trait2","bfdr_observed_fdp",0.01,0
20260825,13,500,15,3000,3000,3000,3000,"fast","control_informative",0.05,5,0.01,"","mirage_joint","trait2","bfdr_estimate",0.01,8.65364764590648e-06
20260825,13,500,15,3000,3000,3000,3000,"fast","control_informative",0.05,5,0.01,"","mirage_joint","trait2","bfdr_power",0.01,0.1
20260825,13,500,15,3000,3000,3000,3000,"fast","control_informative",0.05,5,0.01,"","mirage_joint","trait2","bfdr_discoveries",0.01,1
20260825,13,500,15,3000,3000,3000,3000,"fast","control_informative",0.05,5,0.01,"","mirage_joint","trait2","bfdr_observed_fdp",0.05,0.5
20260825,13,500,15,3000,3000,3000,3000,"fast","control_informative",0.05,5,0.01,"","mirage_joint","trait2","bfdr_estimate",0.05,0.0359149680946115
20260825,13,500,15,3000,3000,3000,3000,"fast","control_informative",0.05,5,0.01,"","mirage_joint","trait2","bfdr_power",0.05,0.1
20260825,13,500,15,3000,3000,3000,3000,"fast","control_informative",0.05,5,0.01,"","mirage_joint","trait2","bfdr_discoveries",0.05,2
20260825,13,500,15,3000,3000,3000,3000,"fast","control_informative",0.05,5,0.01,"","mirage_joint","trait2","bfdr_observed_fdp",0.1,0.5
20260825,13,500,15,3000,3000,3000,3000,"fast","control_informative",0.05,5,0.01,"","mirage_joint","trait2","bfdr_estimate",0.1,0.0359149680946115
20260825,13,500,15,3000,3000,3000,3000,"fast","control_informative",0.05,5,0.01,"","mirage_joint","trait2","bfdr_power",0.1,0.1
20260825,13,500,15,3000,3000,3000,3000,"fast","control_informative",0.05,5,0.01,"","mirage_joint","trait2","bfdr_discoveries",0.1,2
20260825,13,500,15,3000,3000,3000,3000,"fast","control_informative",0.05,5,0.01,"","mirage_joint","trait2","bfdr_observed_fdp",0.2,0.5
20260825,13,500,15,3000,3000,3000,3000,"fast","control_informative",0.05,5,0.01,"","mirage_joint","trait2","bfdr_estimate",0.2,0.168854886020129
20260825,13,500,15,3000,3000,3000,3000,"fast","control_informative",0.05,5,0.01,"","mirage_joint","trait2","bfdr_power",0.2,0.2
20260825,13,500,15,3000,3000,3000,3000,"fast","control_informative",0.05,5,0.01,"","mirage_joint","trait2","bfdr_discoveries",0.2,4
20260825,13,500,15,3000,3000,3000,3000,"fast","control_informative",0.05,5,0.01,"","mirage_joint","pleiotropy","bfdr_observed_fdp",0.01,0
20260825,13,500,15,3000,3000,3000,3000,"fast","control_informative",0.05,5,0.01,"","mirage_joint","pleiotropy","bfdr_estimate",0.01,0
20260825,13,500,15,3000,3000,3000,3000,"fast","control_informative",0.05,5,0.01,"","mirage_joint","pleiotropy","bfdr_power",0.01,0
20260825,13,500,15,3000,3000,3000,3000,"fast","control_informative",0.05,5,0.01,"","mirage_joint","pleiotropy","bfdr_discoveries",0.01,0
20260825,13,500,15,3000,3000,3000,3000,"fast","control_informative",0.05,5,0.01,"","mirage_joint","pleiotropy","bfdr_observed_fdp",0.05,0
20260825,13,500,15,3000,3000,3000,3000,"fast","control_informative",0.05,5,0.01,"","mirage_joint","pleiotropy","bfdr_estimate",0.05,0
20260825,13,500,15,3000,3000,3000,3000,"fast","control_informative",0.05,5,0.01,"","mirage_joint","pleiotropy","bfdr_power",0.05,0
20260825,13,500,15,3000,3000,3000,3000,"fast","control_informative",0.05,5,0.01,"","mirage_joint","pleiotropy","bfdr_discoveries",0.05,0
20260825,13,500,15,3000,3000,3000,3000,"fast","control_informative",0.05,5,0.01,"","mirage_joint","pleiotropy","bfdr_observed_fdp",0.1,0
20260825,13,500,15,3000,3000,3000,3000,"fast","control_informative",0.05,5,0.01,"","mirage_joint","pleiotropy","bfdr_estimate",0.1,0
20260825,13,500,15,3000,3000,3000,3000,"fast","control_informative",0.05,5,0.01,"","mirage_joint","pleiotropy","bfdr_power",0.1,0
20260825,13,500,15,3000,3000,3000,3000,"fast","control_informative",0.05,5,0.01,"","mirage_joint","pleiotropy","bfdr_discoveries",0.1,0
20260825,13,500,15,3000,3000,3000,3000,"fast","control_informative",0.05,5,0.01,"","mirage_joint","pleiotropy","bfdr_observed_fdp",0.2,0
20260825,13,500,15,3000,3000,3000,3000,"fast","control_informative",0.05,5,0.01,"","mirage_joint","pleiotropy","bfdr_estimate",0.2,0
20260825,13,500,15,3000,3000,3000,3000,"fast","control_informative",0.05,5,0.01,"","mirage_joint","pleiotropy","bfdr_power",0.2,0
20260825,13,500,15,3000,3000,3000,3000,"fast","control_informative",0.05,5,0.01,"","mirage_joint","pleiotropy","bfdr_discoveries",0.2,0
20260825,13,500,15,3000,3000,3000,3000,"fast","control_informative",0.05,5,0.01,"","mirage_joint","global","runtime_seconds",NA,18.029
20260825,13,500,15,3000,3000,3000,3000,"fast","control_informative",0.05,5,0.01,"","mirage_joint","pleiotropy","pi11_estimate",NA,4.14440664004799e-07
20260825,13,500,15,3000,3000,3000,3000,"fast","control_informative",0.05,5,0.01,"","separate_mirage","trait1","auc",NA,0.756884210526316
20260825,13,500,15,3000,3000,3000,3000,"fast","control_informative",0.05,5,0.01,"","separate_mirage","trait2","auc",NA,0.766122448979592
20260825,13,500,15,3000,3000,3000,3000,"fast","control_informative",0.05,5,0.01,"","separate_mirage","pleiotropy","auc",NA,0.982222222222222
20260825,13,500,15,3000,3000,3000,3000,"fast","control_informative",0.05,5,0.01,"","separate_mirage","trait1","pp08_power",0.8,0.24
20260825,13,500,15,3000,3000,3000,3000,"fast","control_informative",0.05,5,0.01,"","separate_mirage","trait1","pp08_fdp",0.8,0
20260825,13,500,15,3000,3000,3000,3000,"fast","control_informative",0.05,5,0.01,"","separate_mirage","trait1","pp08_discoveries",0.8,6
20260825,13,500,15,3000,3000,3000,3000,"fast","control_informative",0.05,5,0.01,"","separate_mirage","trait2","pp08_power",0.8,0.1
20260825,13,500,15,3000,3000,3000,3000,"fast","control_informative",0.05,5,0.01,"","separate_mirage","trait2","pp08_fdp",0.8,0.5
20260825,13,500,15,3000,3000,3000,3000,"fast","control_informative",0.05,5,0.01,"","separate_mirage","trait2","pp08_discoveries",0.8,2
20260825,13,500,15,3000,3000,3000,3000,"fast","control_informative",0.05,5,0.01,"","separate_mirage","pleiotropy","pp08_power",0.8,0
20260825,13,500,15,3000,3000,3000,3000,"fast","control_informative",0.05,5,0.01,"","separate_mirage","pleiotropy","pp08_fdp",0.8,0
20260825,13,500,15,3000,3000,3000,3000,"fast","control_informative",0.05,5,0.01,"","separate_mirage","pleiotropy","pp08_discoveries",0.8,0
20260825,13,500,15,3000,3000,3000,3000,"fast","control_informative",0.05,5,0.01,"","separate_mirage","trait1","bfdr_observed_fdp",0.01,0
20260825,13,500,15,3000,3000,3000,3000,"fast","control_informative",0.05,5,0.01,"","separate_mirage","trait1","bfdr_estimate",0.01,0.00377513424583505
20260825,13,500,15,3000,3000,3000,3000,"fast","control_informative",0.05,5,0.01,"","separate_mirage","trait1","bfdr_power",0.01,0.12
20260825,13,500,15,3000,3000,3000,3000,"fast","control_informative",0.05,5,0.01,"","separate_mirage","trait1","bfdr_discoveries",0.01,3
20260825,13,500,15,3000,3000,3000,3000,"fast","control_informative",0.05,5,0.01,"","separate_mirage","trait1","bfdr_observed_fdp",0.05,0
20260825,13,500,15,3000,3000,3000,3000,"fast","control_informative",0.05,5,0.01,"","separate_mirage","trait1","bfdr_estimate",0.05,0.0328745739987925
20260825,13,500,15,3000,3000,3000,3000,"fast","control_informative",0.05,5,0.01,"","separate_mirage","trait1","bfdr_power",0.05,0.2
20260825,13,500,15,3000,3000,3000,3000,"fast","control_informative",0.05,5,0.01,"","separate_mirage","trait1","bfdr_discoveries",0.05,5
20260825,13,500,15,3000,3000,3000,3000,"fast","control_informative",0.05,5,0.01,"","separate_mirage","trait1","bfdr_observed_fdp",0.1,0
20260825,13,500,15,3000,3000,3000,3000,"fast","control_informative",0.05,5,0.01,"","separate_mirage","trait1","bfdr_estimate",0.1,0.0765967621216818
20260825,13,500,15,3000,3000,3000,3000,"fast","control_informative",0.05,5,0.01,"","separate_mirage","trait1","bfdr_power",0.1,0.28
20260825,13,500,15,3000,3000,3000,3000,"fast","control_informative",0.05,5,0.01,"","separate_mirage","trait1","bfdr_discoveries",0.1,7
20260825,13,500,15,3000,3000,3000,3000,"fast","control_informative",0.05,5,0.01,"","separate_mirage","trait1","bfdr_observed_fdp",0.2,0.1
20260825,13,500,15,3000,3000,3000,3000,"fast","control_informative",0.05,5,0.01,"","separate_mirage","trait1","bfdr_estimate",0.2,0.191230403269561
20260825,13,500,15,3000,3000,3000,3000,"fast","control_informative",0.05,5,0.01,"","separate_mirage","trait1","bfdr_power",0.2,0.36
20260825,13,500,15,3000,3000,3000,3000,"fast","control_informative",0.05,5,0.01,"","separate_mirage","trait1","bfdr_discoveries",0.2,10
20260825,13,500,15,3000,3000,3000,3000,"fast","control_informative",0.05,5,0.01,"","separate_mirage","trait2","bfdr_observed_fdp",0.01,0
20260825,13,500,15,3000,3000,3000,3000,"fast","control_informative",0.05,5,0.01,"","separate_mirage","trait2","bfdr_estimate",0.01,2.1050159277225e-05
20260825,13,500,15,3000,3000,3000,3000,"fast","control_informative",0.05,5,0.01,"","separate_mirage","trait2","bfdr_power",0.01,0.1
20260825,13,500,15,3000,3000,3000,3000,"fast","control_informative",0.05,5,0.01,"","separate_mirage","trait2","bfdr_discoveries",0.01,1
20260825,13,500,15,3000,3000,3000,3000,"fast","control_informative",0.05,5,0.01,"","separate_mirage","trait2","bfdr_observed_fdp",0.05,0
20260825,13,500,15,3000,3000,3000,3000,"fast","control_informative",0.05,5,0.01,"","separate_mirage","trait2","bfdr_estimate",0.05,2.1050159277225e-05
20260825,13,500,15,3000,3000,3000,3000,"fast","control_informative",0.05,5,0.01,"","separate_mirage","trait2","bfdr_power",0.05,0.1
20260825,13,500,15,3000,3000,3000,3000,"fast","control_informative",0.05,5,0.01,"","separate_mirage","trait2","bfdr_discoveries",0.05,1
20260825,13,500,15,3000,3000,3000,3000,"fast","control_informative",0.05,5,0.01,"","separate_mirage","trait2","bfdr_observed_fdp",0.1,0.5
20260825,13,500,15,3000,3000,3000,3000,"fast","control_informative",0.05,5,0.01,"","separate_mirage","trait2","bfdr_estimate",0.1,0.0757322444504595
20260825,13,500,15,3000,3000,3000,3000,"fast","control_informative",0.05,5,0.01,"","separate_mirage","trait2","bfdr_power",0.1,0.1
20260825,13,500,15,3000,3000,3000,3000,"fast","control_informative",0.05,5,0.01,"","separate_mirage","trait2","bfdr_discoveries",0.1,2
20260825,13,500,15,3000,3000,3000,3000,"fast","control_informative",0.05,5,0.01,"","separate_mirage","trait2","bfdr_observed_fdp",0.2,0.5
20260825,13,500,15,3000,3000,3000,3000,"fast","control_informative",0.05,5,0.01,"","separate_mirage","trait2","bfdr_estimate",0.2,0.0757322444504595
20260825,13,500,15,3000,3000,3000,3000,"fast","control_informative",0.05,5,0.01,"","separate_mirage","trait2","bfdr_power",0.2,0.1
20260825,13,500,15,3000,3000,3000,3000,"fast","control_informative",0.05,5,0.01,"","separate_mirage","trait2","bfdr_discoveries",0.2,2
20260825,13,500,15,3000,3000,3000,3000,"fast","control_informative",0.05,5,0.01,"","separate_mirage","pleiotropy","bfdr_observed_fdp",0.01,0
20260825,13,500,15,3000,3000,3000,3000,"fast","control_informative",0.05,5,0.01,"","separate_mirage","pleiotropy","bfdr_estimate",0.01,0
20260825,13,500,15,3000,3000,3000,3000,"fast","control_informative",0.05,5,0.01,"","separate_mirage","pleiotropy","bfdr_power",0.01,0
20260825,13,500,15,3000,3000,3000,3000,"fast","control_informative",0.05,5,0.01,"","separate_mirage","pleiotropy","bfdr_discoveries",0.01,0
20260825,13,500,15,3000,3000,3000,3000,"fast","control_informative",0.05,5,0.01,"","separate_mirage","pleiotropy","bfdr_observed_fdp",0.05,0
20260825,13,500,15,3000,3000,3000,3000,"fast","control_informative",0.05,5,0.01,"","separate_mirage","pleiotropy","bfdr_estimate",0.05,0
20260825,13,500,15,3000,3000,3000,3000,"fast","control_informative",0.05,5,0.01,"","separate_mirage","pleiotropy","bfdr_power",0.05,0
20260825,13,500,15,3000,3000,3000,3000,"fast","control_informative",0.05,5,0.01,"","separate_mirage","pleiotropy","bfdr_discoveries",0.05,0
20260825,13,500,15,3000,3000,3000,3000,"fast","control_informative",0.05,5,0.01,"","separate_mirage","pleiotropy","bfdr_observed_fdp",0.1,0
20260825,13,500,15,3000,3000,3000,3000,"fast","control_informative",0.05,5,0.01,"","separate_mirage","pleiotropy","bfdr_estimate",0.1,0
20260825,13,500,15,3000,3000,3000,3000,"fast","control_informative",0.05,5,0.01,"","separate_mirage","pleiotropy","bfdr_power",0.1,0
20260825,13,500,15,3000,3000,3000,3000,"fast","control_informative",0.05,5,0.01,"","separate_mirage","pleiotropy","bfdr_discoveries",0.1,0
20260825,13,500,15,3000,3000,3000,3000,"fast","control_informative",0.05,5,0.01,"","separate_mirage","pleiotropy","bfdr_observed_fdp",0.2,0
20260825,13,500,15,3000,3000,3000,3000,"fast","control_informative",0.05,5,0.01,"","separate_mirage","pleiotropy","bfdr_estimate",0.2,0
20260825,13,500,15,3000,3000,3000,3000,"fast","control_informative",0.05,5,0.01,"","separate_mirage","pleiotropy","bfdr_power",0.2,0
20260825,13,500,15,3000,3000,3000,3000,"fast","control_informative",0.05,5,0.01,"","separate_mirage","pleiotropy","bfdr_discoveries",0.2,0
20260825,13,500,15,3000,3000,3000,3000,"fast","control_informative",0.05,5,0.01,"","separate_mirage","global","runtime_seconds",NA,18.042
20260825,13,500,15,3000,3000,3000,3000,"fast","control_informative",0.05,5,0.01,"","separate_mirage","pleiotropy","pi11_estimate",NA,0.001
20260825,13,500,15,3000,3000,3000,3000,"fast","control_informative",0.05,5,0.01,"","mtada_aggregated","trait1","auc",NA,0.753936842105263
20260825,13,500,15,3000,3000,3000,3000,"fast","control_informative",0.05,5,0.01,"","mtada_aggregated","trait2","auc",NA,0.829795918367347
20260825,13,500,15,3000,3000,3000,3000,"fast","control_informative",0.05,5,0.01,"","mtada_aggregated","pleiotropy","auc",NA,0.91959595959596
20260825,13,500,15,3000,3000,3000,3000,"fast","control_informative",0.05,5,0.01,"","mtada_aggregated","trait1","pp08_power",0.8,0.48
20260825,13,500,15,3000,3000,3000,3000,"fast","control_informative",0.05,5,0.01,"","mtada_aggregated","trait1","pp08_fdp",0.8,0.755102040816326
20260825,13,500,15,3000,3000,3000,3000,"fast","control_informative",0.05,5,0.01,"","mtada_aggregated","trait1","pp08_discoveries",0.8,49
20260825,13,500,15,3000,3000,3000,3000,"fast","control_informative",0.05,5,0.01,"","mtada_aggregated","trait2","pp08_power",0.8,0.5
20260825,13,500,15,3000,3000,3000,3000,"fast","control_informative",0.05,5,0.01,"","mtada_aggregated","trait2","pp08_fdp",0.8,0.875
20260825,13,500,15,3000,3000,3000,3000,"fast","control_informative",0.05,5,0.01,"","mtada_aggregated","trait2","pp08_discoveries",0.8,40
20260825,13,500,15,3000,3000,3000,3000,"fast","control_informative",0.05,5,0.01,"","mtada_aggregated","pleiotropy","pp08_power",0.8,0.4
20260825,13,500,15,3000,3000,3000,3000,"fast","control_informative",0.05,5,0.01,"","mtada_aggregated","pleiotropy","pp08_fdp",0.8,0.714285714285714
20260825,13,500,15,3000,3000,3000,3000,"fast","control_informative",0.05,5,0.01,"","mtada_aggregated","pleiotropy","pp08_discoveries",0.8,7
20260825,13,500,15,3000,3000,3000,3000,"fast","control_informative",0.05,5,0.01,"","mtada_aggregated","trait1","bfdr_observed_fdp",0.01,0.74468085106383
20260825,13,500,15,3000,3000,3000,3000,"fast","control_informative",0.05,5,0.01,"","mtada_aggregated","trait1","bfdr_estimate",0.01,0.00847551062546946
20260825,13,500,15,3000,3000,3000,3000,"fast","control_informative",0.05,5,0.01,"","mtada_aggregated","trait1","bfdr_power",0.01,0.48
20260825,13,500,15,3000,3000,3000,3000,"fast","control_informative",0.05,5,0.01,"","mtada_aggregated","trait1","bfdr_discoveries",0.01,47
20260825,13,500,15,3000,3000,3000,3000,"fast","control_informative",0.05,5,0.01,"","mtada_aggregated","trait1","bfdr_observed_fdp",0.05,0.781818181818182
20260825,13,500,15,3000,3000,3000,3000,"fast","control_informative",0.05,5,0.01,"","mtada_aggregated","trait1","bfdr_estimate",0.05,0.045668760018112
20260825,13,500,15,3000,3000,3000,3000,"fast","control_informative",0.05,5,0.01,"","mtada_aggregated","trait1","bfdr_power",0.05,0.48
20260825,13,500,15,3000,3000,3000,3000,"fast","control_informative",0.05,5,0.01,"","mtada_aggregated","trait1","bfdr_discoveries",0.05,55
20260825,13,500,15,3000,3000,3000,3000,"fast","control_informative",0.05,5,0.01,"","mtada_aggregated","trait1","bfdr_observed_fdp",0.1,0.80327868852459
20260825,13,500,15,3000,3000,3000,3000,"fast","control_informative",0.05,5,0.01,"","mtada_aggregated","trait1","bfdr_estimate",0.1,0.0904680651182503
20260825,13,500,15,3000,3000,3000,3000,"fast","control_informative",0.05,5,0.01,"","mtada_aggregated","trait1","bfdr_power",0.1,0.48
20260825,13,500,15,3000,3000,3000,3000,"fast","control_informative",0.05,5,0.01,"","mtada_aggregated","trait1","bfdr_discoveries",0.1,61
20260825,13,500,15,3000,3000,3000,3000,"fast","control_informative",0.05,5,0.01,"","mtada_aggregated","trait1","bfdr_observed_fdp",0.2,0.833333333333333
20260825,13,500,15,3000,3000,3000,3000,"fast","control_informative",0.05,5,0.01,"","mtada_aggregated","trait1","bfdr_estimate",0.2,0.194576636659234
20260825,13,500,15,3000,3000,3000,3000,"fast","control_informative",0.05,5,0.01,"","mtada_aggregated","trait1","bfdr_power",0.2,0.48
20260825,13,500,15,3000,3000,3000,3000,"fast","control_informative",0.05,5,0.01,"","mtada_aggregated","trait1","bfdr_discoveries",0.2,72
20260825,13,500,15,3000,3000,3000,3000,"fast","control_informative",0.05,5,0.01,"","mtada_aggregated","trait2","bfdr_observed_fdp",0.01,0.864864864864865
20260825,13,500,15,3000,3000,3000,3000,"fast","control_informative",0.05,5,0.01,"","mtada_aggregated","trait2","bfdr_estimate",0.01,0.00876483597824037
20260825,13,500,15,3000,3000,3000,3000,"fast","control_informative",0.05,5,0.01,"","mtada_aggregated","trait2","bfdr_power",0.01,0.5
20260825,13,500,15,3000,3000,3000,3000,"fast","control_informative",0.05,5,0.01,"","mtada_aggregated","trait2","bfdr_discoveries",0.01,37
20260825,13,500,15,3000,3000,3000,3000,"fast","control_informative",0.05,5,0.01,"","mtada_aggregated","trait2","bfdr_observed_fdp",0.05,0.886363636363636
20260825,13,500,15,3000,3000,3000,3000,"fast","control_informative",0.05,5,0.01,"","mtada_aggregated","trait2","bfdr_estimate",0.05,0.0452565831509675
20260825,13,500,15,3000,3000,3000,3000,"fast","control_informative",0.05,5,0.01,"","mtada_aggregated","trait2","bfdr_power",0.05,0.5
20260825,13,500,15,3000,3000,3000,3000,"fast","control_informative",0.05,5,0.01,"","mtada_aggregated","trait2","bfdr_discoveries",0.05,44
20260825,13,500,15,3000,3000,3000,3000,"fast","control_informative",0.05,5,0.01,"","mtada_aggregated","trait2","bfdr_observed_fdp",0.1,0.897959183673469
20260825,13,500,15,3000,3000,3000,3000,"fast","control_informative",0.05,5,0.01,"","mtada_aggregated","trait2","bfdr_estimate",0.1,0.0927033881456732
20260825,13,500,15,3000,3000,3000,3000,"fast","control_informative",0.05,5,0.01,"","mtada_aggregated","trait2","bfdr_power",0.1,0.5
20260825,13,500,15,3000,3000,3000,3000,"fast","control_informative",0.05,5,0.01,"","mtada_aggregated","trait2","bfdr_discoveries",0.1,49
20260825,13,500,15,3000,3000,3000,3000,"fast","control_informative",0.05,5,0.01,"","mtada_aggregated","trait2","bfdr_observed_fdp",0.2,0.912280701754386
20260825,13,500,15,3000,3000,3000,3000,"fast","control_informative",0.05,5,0.01,"","mtada_aggregated","trait2","bfdr_estimate",0.2,0.188815878683886
20260825,13,500,15,3000,3000,3000,3000,"fast","control_informative",0.05,5,0.01,"","mtada_aggregated","trait2","bfdr_power",0.2,0.5
20260825,13,500,15,3000,3000,3000,3000,"fast","control_informative",0.05,5,0.01,"","mtada_aggregated","trait2","bfdr_discoveries",0.2,57
20260825,13,500,15,3000,3000,3000,3000,"fast","control_informative",0.05,5,0.01,"","mtada_aggregated","pleiotropy","bfdr_observed_fdp",0.01,0.666666666666667
20260825,13,500,15,3000,3000,3000,3000,"fast","control_informative",0.05,5,0.01,"","mtada_aggregated","pleiotropy","bfdr_estimate",0.01,0.00377509884061615
20260825,13,500,15,3000,3000,3000,3000,"fast","control_informative",0.05,5,0.01,"","mtada_aggregated","pleiotropy","bfdr_power",0.01,0.4
20260825,13,500,15,3000,3000,3000,3000,"fast","control_informative",0.05,5,0.01,"","mtada_aggregated","pleiotropy","bfdr_discoveries",0.01,6
20260825,13,500,15,3000,3000,3000,3000,"fast","control_informative",0.05,5,0.01,"","mtada_aggregated","pleiotropy","bfdr_observed_fdp",0.05,0.714285714285714
20260825,13,500,15,3000,3000,3000,3000,"fast","control_informative",0.05,5,0.01,"","mtada_aggregated","pleiotropy","bfdr_estimate",0.05,0.0104701536857109
20260825,13,500,15,3000,3000,3000,3000,"fast","control_informative",0.05,5,0.01,"","mtada_aggregated","pleiotropy","bfdr_power",0.05,0.4
20260825,13,500,15,3000,3000,3000,3000,"fast","control_informative",0.05,5,0.01,"","mtada_aggregated","pleiotropy","bfdr_discoveries",0.05,7
20260825,13,500,15,3000,3000,3000,3000,"fast","control_informative",0.05,5,0.01,"","mtada_aggregated","pleiotropy","bfdr_observed_fdp",0.1,0.75
20260825,13,500,15,3000,3000,3000,3000,"fast","control_informative",0.05,5,0.01,"","mtada_aggregated","pleiotropy","bfdr_estimate",0.1,0.0928864645836599
20260825,13,500,15,3000,3000,3000,3000,"fast","control_informative",0.05,5,0.01,"","mtada_aggregated","pleiotropy","bfdr_power",0.1,0.4
20260825,13,500,15,3000,3000,3000,3000,"fast","control_informative",0.05,5,0.01,"","mtada_aggregated","pleiotropy","bfdr_discoveries",0.1,8
20260825,13,500,15,3000,3000,3000,3000,"fast","control_informative",0.05,5,0.01,"","mtada_aggregated","pleiotropy","bfdr_observed_fdp",0.2,0.777777777777778
20260825,13,500,15,3000,3000,3000,3000,"fast","control_informative",0.05,5,0.01,"","mtada_aggregated","pleiotropy","bfdr_estimate",0.2,0.166721367237857
20260825,13,500,15,3000,3000,3000,3000,"fast","control_informative",0.05,5,0.01,"","mtada_aggregated","pleiotropy","bfdr_power",0.2,0.4
20260825,13,500,15,3000,3000,3000,3000,"fast","control_informative",0.05,5,0.01,"","mtada_aggregated","pleiotropy","bfdr_discoveries",0.2,9
20260825,13,500,15,3000,3000,3000,3000,"fast","control_informative",0.05,5,0.01,"","mtada_aggregated","global","runtime_seconds",NA,1.00800000000001
20260825,13,500,15,3000,3000,3000,3000,"fast","control_informative",0.05,5,0.01,"","mtada_aggregated","pleiotropy","pi11_estimate",NA,0.00268183
20260826,14,500,15,3000,3000,3000,3000,"fast","control_informative",0.05,5,0.01,"","mirage_joint","trait1","auc",NA,0.752084210526316
20260826,14,500,15,3000,3000,3000,3000,"fast","control_informative",0.05,5,0.01,"","mirage_joint","trait2","auc",NA,0.699795918367347
20260826,14,500,15,3000,3000,3000,3000,"fast","control_informative",0.05,5,0.01,"","mirage_joint","pleiotropy","auc",NA,0.836363636363636
20260826,14,500,15,3000,3000,3000,3000,"fast","control_informative",0.05,5,0.01,"","mirage_joint","trait1","pp08_power",0.8,0.2
20260826,14,500,15,3000,3000,3000,3000,"fast","control_informative",0.05,5,0.01,"","mirage_joint","trait1","pp08_fdp",0.8,0
20260826,14,500,15,3000,3000,3000,3000,"fast","control_informative",0.05,5,0.01,"","mirage_joint","trait1","pp08_discoveries",0.8,5
20260826,14,500,15,3000,3000,3000,3000,"fast","control_informative",0.05,5,0.01,"","mirage_joint","trait2","pp08_power",0.8,0.2
20260826,14,500,15,3000,3000,3000,3000,"fast","control_informative",0.05,5,0.01,"","mirage_joint","trait2","pp08_fdp",0.8,0.333333333333333
20260826,14,500,15,3000,3000,3000,3000,"fast","control_informative",0.05,5,0.01,"","mirage_joint","trait2","pp08_discoveries",0.8,3
20260826,14,500,15,3000,3000,3000,3000,"fast","control_informative",0.05,5,0.01,"","mirage_joint","pleiotropy","pp08_power",0.8,0.2
20260826,14,500,15,3000,3000,3000,3000,"fast","control_informative",0.05,5,0.01,"","mirage_joint","pleiotropy","pp08_fdp",0.8,0.5
20260826,14,500,15,3000,3000,3000,3000,"fast","control_informative",0.05,5,0.01,"","mirage_joint","pleiotropy","pp08_discoveries",0.8,2
20260826,14,500,15,3000,3000,3000,3000,"fast","control_informative",0.05,5,0.01,"","mirage_joint","trait1","bfdr_observed_fdp",0.01,0
20260826,14,500,15,3000,3000,3000,3000,"fast","control_informative",0.05,5,0.01,"","mirage_joint","trait1","bfdr_estimate",0.01,0.00153120376416618
20260826,14,500,15,3000,3000,3000,3000,"fast","control_informative",0.05,5,0.01,"","mirage_joint","trait1","bfdr_power",0.01,0.16
20260826,14,500,15,3000,3000,3000,3000,"fast","control_informative",0.05,5,0.01,"","mirage_joint","trait1","bfdr_discoveries",0.01,4
20260826,14,500,15,3000,3000,3000,3000,"fast","control_informative",0.05,5,0.01,"","mirage_joint","trait1","bfdr_observed_fdp",0.05,0
20260826,14,500,15,3000,3000,3000,3000,"fast","control_informative",0.05,5,0.01,"","mirage_joint","trait1","bfdr_estimate",0.05,0.0398114732283374
20260826,14,500,15,3000,3000,3000,3000,"fast","control_informative",0.05,5,0.01,"","mirage_joint","trait1","bfdr_power",0.05,0.2
20260826,14,500,15,3000,3000,3000,3000,"fast","control_informative",0.05,5,0.01,"","mirage_joint","trait1","bfdr_discoveries",0.05,5
20260826,14,500,15,3000,3000,3000,3000,"fast","control_informative",0.05,5,0.01,"","mirage_joint","trait1","bfdr_observed_fdp",0.1,0
20260826,14,500,15,3000,3000,3000,3000,"fast","control_informative",0.05,5,0.01,"","mirage_joint","trait1","bfdr_estimate",0.1,0.0736841491742198
20260826,14,500,15,3000,3000,3000,3000,"fast","control_informative",0.05,5,0.01,"","mirage_joint","trait1","bfdr_power",0.1,0.24
20260826,14,500,15,3000,3000,3000,3000,"fast","control_informative",0.05,5,0.01,"","mirage_joint","trait1","bfdr_discoveries",0.1,6
20260826,14,500,15,3000,3000,3000,3000,"fast","control_informative",0.05,5,0.01,"","mirage_joint","trait1","bfdr_observed_fdp",0.2,0.222222222222222
20260826,14,500,15,3000,3000,3000,3000,"fast","control_informative",0.05,5,0.01,"","mirage_joint","trait1","bfdr_estimate",0.2,0.181459812326597
20260826,14,500,15,3000,3000,3000,3000,"fast","control_informative",0.05,5,0.01,"","mirage_joint","trait1","bfdr_power",0.2,0.28
20260826,14,500,15,3000,3000,3000,3000,"fast","control_informative",0.05,5,0.01,"","mirage_joint","trait1","bfdr_discoveries",0.2,9
20260826,14,500,15,3000,3000,3000,3000,"fast","control_informative",0.05,5,0.01,"","mirage_joint","trait2","bfdr_observed_fdp",0.01,0
20260826,14,500,15,3000,3000,3000,3000,"fast","control_informative",0.05,5,0.01,"","mirage_joint","trait2","bfdr_estimate",0.01,0.00369399872793941
20260826,14,500,15,3000,3000,3000,3000,"fast","control_informative",0.05,5,0.01,"","mirage_joint","trait2","bfdr_power",0.01,0.1
20260826,14,500,15,3000,3000,3000,3000,"fast","control_informative",0.05,5,0.01,"","mirage_joint","trait2","bfdr_discoveries",0.01,1
20260826,14,500,15,3000,3000,3000,3000,"fast","control_informative",0.05,5,0.01,"","mirage_joint","trait2","bfdr_observed_fdp",0.05,0
20260826,14,500,15,3000,3000,3000,3000,"fast","control_informative",0.05,5,0.01,"","mirage_joint","trait2","bfdr_estimate",0.05,0.0480309655611615
20260826,14,500,15,3000,3000,3000,3000,"fast","control_informative",0.05,5,0.01,"","mirage_joint","trait2","bfdr_power",0.05,0.2
20260826,14,500,15,3000,3000,3000,3000,"fast","control_informative",0.05,5,0.01,"","mirage_joint","trait2","bfdr_discoveries",0.05,2
20260826,14,500,15,3000,3000,3000,3000,"fast","control_informative",0.05,5,0.01,"","mirage_joint","trait2","bfdr_observed_fdp",0.1,0.333333333333333
20260826,14,500,15,3000,3000,3000,3000,"fast","control_informative",0.05,5,0.01,"","mirage_joint","trait2","bfdr_estimate",0.1,0.0897214177809153
20260826,14,500,15,3000,3000,3000,3000,"fast","control_informative",0.05,5,0.01,"","mirage_joint","trait2","bfdr_power",0.1,0.2
20260826,14,500,15,3000,3000,3000,3000,"fast","control_informative",0.05,5,0.01,"","mirage_joint","trait2","bfdr_discoveries",0.1,3
20260826,14,500,15,3000,3000,3000,3000,"fast","control_informative",0.05,5,0.01,"","mirage_joint","trait2","bfdr_observed_fdp",0.2,0.6
20260826,14,500,15,3000,3000,3000,3000,"fast","control_informative",0.05,5,0.01,"","mirage_joint","trait2","bfdr_estimate",0.2,0.173900876577801
20260826,14,500,15,3000,3000,3000,3000,"fast","control_informative",0.05,5,0.01,"","mirage_joint","trait2","bfdr_power",0.2,0.2
20260826,14,500,15,3000,3000,3000,3000,"fast","control_informative",0.05,5,0.01,"","mirage_joint","trait2","bfdr_discoveries",0.2,5
20260826,14,500,15,3000,3000,3000,3000,"fast","control_informative",0.05,5,0.01,"","mirage_joint","pleiotropy","bfdr_observed_fdp",0.01,0
20260826,14,500,15,3000,3000,3000,3000,"fast","control_informative",0.05,5,0.01,"","mirage_joint","pleiotropy","bfdr_estimate",0.01,0
20260826,14,500,15,3000,3000,3000,3000,"fast","control_informative",0.05,5,0.01,"","mirage_joint","pleiotropy","bfdr_power",0.01,0
20260826,14,500,15,3000,3000,3000,3000,"fast","control_informative",0.05,5,0.01,"","mirage_joint","pleiotropy","bfdr_discoveries",0.01,0
20260826,14,500,15,3000,3000,3000,3000,"fast","control_informative",0.05,5,0.01,"","mirage_joint","pleiotropy","bfdr_observed_fdp",0.05,0
20260826,14,500,15,3000,3000,3000,3000,"fast","control_informative",0.05,5,0.01,"","mirage_joint","pleiotropy","bfdr_estimate",0.05,0
20260826,14,500,15,3000,3000,3000,3000,"fast","control_informative",0.05,5,0.01,"","mirage_joint","pleiotropy","bfdr_power",0.05,0
20260826,14,500,15,3000,3000,3000,3000,"fast","control_informative",0.05,5,0.01,"","mirage_joint","pleiotropy","bfdr_discoveries",0.05,0
20260826,14,500,15,3000,3000,3000,3000,"fast","control_informative",0.05,5,0.01,"","mirage_joint","pleiotropy","bfdr_observed_fdp",0.1,0
20260826,14,500,15,3000,3000,3000,3000,"fast","control_informative",0.05,5,0.01,"","mirage_joint","pleiotropy","bfdr_estimate",0.1,0
20260826,14,500,15,3000,3000,3000,3000,"fast","control_informative",0.05,5,0.01,"","mirage_joint","pleiotropy","bfdr_power",0.1,0
20260826,14,500,15,3000,3000,3000,3000,"fast","control_informative",0.05,5,0.01,"","mirage_joint","pleiotropy","bfdr_discoveries",0.1,0
20260826,14,500,15,3000,3000,3000,3000,"fast","control_informative",0.05,5,0.01,"","mirage_joint","pleiotropy","bfdr_observed_fdp",0.2,0.5
20260826,14,500,15,3000,3000,3000,3000,"fast","control_informative",0.05,5,0.01,"","mirage_joint","pleiotropy","bfdr_estimate",0.2,0.183210221812896
20260826,14,500,15,3000,3000,3000,3000,"fast","control_informative",0.05,5,0.01,"","mirage_joint","pleiotropy","bfdr_power",0.2,0.2
20260826,14,500,15,3000,3000,3000,3000,"fast","control_informative",0.05,5,0.01,"","mirage_joint","pleiotropy","bfdr_discoveries",0.2,2
20260826,14,500,15,3000,3000,3000,3000,"fast","control_informative",0.05,5,0.01,"","mirage_joint","global","runtime_seconds",NA,18.035
20260826,14,500,15,3000,3000,3000,3000,"fast","control_informative",0.05,5,0.01,"","mirage_joint","pleiotropy","pi11_estimate",NA,0.0549163944500294
20260826,14,500,15,3000,3000,3000,3000,"fast","control_informative",0.05,5,0.01,"","separate_mirage","trait1","auc",NA,0.774231578947368
20260826,14,500,15,3000,3000,3000,3000,"fast","control_informative",0.05,5,0.01,"","separate_mirage","trait2","auc",NA,0.64469387755102
20260826,14,500,15,3000,3000,3000,3000,"fast","control_informative",0.05,5,0.01,"","separate_mirage","pleiotropy","auc",NA,0.860606060606061
20260826,14,500,15,3000,3000,3000,3000,"fast","control_informative",0.05,5,0.01,"","separate_mirage","trait1","pp08_power",0.8,0.16
20260826,14,500,15,3000,3000,3000,3000,"fast","control_informative",0.05,5,0.01,"","separate_mirage","trait1","pp08_fdp",0.8,0
20260826,14,500,15,3000,3000,3000,3000,"fast","control_informative",0.05,5,0.01,"","separate_mirage","trait1","pp08_discoveries",0.8,4
20260826,14,500,15,3000,3000,3000,3000,"fast","control_informative",0.05,5,0.01,"","separate_mirage","trait2","pp08_power",0.8,0.1
20260826,14,500,15,3000,3000,3000,3000,"fast","control_informative",0.05,5,0.01,"","separate_mirage","trait2","pp08_fdp",0.8,0
20260826,14,500,15,3000,3000,3000,3000,"fast","control_informative",0.05,5,0.01,"","separate_mirage","trait2","pp08_discoveries",0.8,1
20260826,14,500,15,3000,3000,3000,3000,"fast","control_informative",0.05,5,0.01,"","separate_mirage","pleiotropy","pp08_power",0.8,0
20260826,14,500,15,3000,3000,3000,3000,"fast","control_informative",0.05,5,0.01,"","separate_mirage","pleiotropy","pp08_fdp",0.8,0
20260826,14,500,15,3000,3000,3000,3000,"fast","control_informative",0.05,5,0.01,"","separate_mirage","pleiotropy","pp08_discoveries",0.8,0
20260826,14,500,15,3000,3000,3000,3000,"fast","control_informative",0.05,5,0.01,"","separate_mirage","trait1","bfdr_observed_fdp",0.01,0
20260826,14,500,15,3000,3000,3000,3000,"fast","control_informative",0.05,5,0.01,"","separate_mirage","trait1","bfdr_estimate",0.01,0.00459971537862361
20260826,14,500,15,3000,3000,3000,3000,"fast","control_informative",0.05,5,0.01,"","separate_mirage","trait1","bfdr_power",0.01,0.16
20260826,14,500,15,3000,3000,3000,3000,"fast","control_informative",0.05,5,0.01,"","separate_mirage","trait1","bfdr_discoveries",0.01,4
20260826,14,500,15,3000,3000,3000,3000,"fast","control_informative",0.05,5,0.01,"","separate_mirage","trait1","bfdr_observed_fdp",0.05,0
20260826,14,500,15,3000,3000,3000,3000,"fast","control_informative",0.05,5,0.01,"","separate_mirage","trait1","bfdr_estimate",0.05,0.00459971537862361
20260826,14,500,15,3000,3000,3000,3000,"fast","control_informative",0.05,5,0.01,"","separate_mirage","trait1","bfdr_power",0.05,0.16
20260826,14,500,15,3000,3000,3000,3000,"fast","control_informative",0.05,5,0.01,"","separate_mirage","trait1","bfdr_discoveries",0.05,4
20260826,14,500,15,3000,3000,3000,3000,"fast","control_informative",0.05,5,0.01,"","separate_mirage","trait1","bfdr_observed_fdp",0.1,0.2
20260826,14,500,15,3000,3000,3000,3000,"fast","control_informative",0.05,5,0.01,"","separate_mirage","trait1","bfdr_estimate",0.1,0.0959207572403888
20260826,14,500,15,3000,3000,3000,3000,"fast","control_informative",0.05,5,0.01,"","separate_mirage","trait1","bfdr_power",0.1,0.16
20260826,14,500,15,3000,3000,3000,3000,"fast","control_informative",0.05,5,0.01,"","separate_mirage","trait1","bfdr_discoveries",0.1,5
20260826,14,500,15,3000,3000,3000,3000,"fast","control_informative",0.05,5,0.01,"","separate_mirage","trait1","bfdr_observed_fdp",0.2,0.166666666666667
20260826,14,500,15,3000,3000,3000,3000,"fast","control_informative",0.05,5,0.01,"","separate_mirage","trait1","bfdr_estimate",0.2,0.177029544238139
20260826,14,500,15,3000,3000,3000,3000,"fast","control_informative",0.05,5,0.01,"","separate_mirage","trait1","bfdr_power",0.2,0.2
20260826,14,500,15,3000,3000,3000,3000,"fast","control_informative",0.05,5,0.01,"","separate_mirage","trait1","bfdr_discoveries",0.2,6
20260826,14,500,15,3000,3000,3000,3000,"fast","control_informative",0.05,5,0.01,"","separate_mirage","trait2","bfdr_observed_fdp",0.01,0
20260826,14,500,15,3000,3000,3000,3000,"fast","control_informative",0.05,5,0.01,"","separate_mirage","trait2","bfdr_estimate",0.01,0
20260826,14,500,15,3000,3000,3000,3000,"fast","control_informative",0.05,5,0.01,"","separate_mirage","trait2","bfdr_power",0.01,0
20260826,14,500,15,3000,3000,3000,3000,"fast","control_informative",0.05,5,0.01,"","separate_mirage","trait2","bfdr_discoveries",0.01,0
20260826,14,500,15,3000,3000,3000,3000,"fast","control_informative",0.05,5,0.01,"","separate_mirage","trait2","bfdr_observed_fdp",0.05,0
20260826,14,500,15,3000,3000,3000,3000,"fast","control_informative",0.05,5,0.01,"","separate_mirage","trait2","bfdr_estimate",0.05,0.0110726609448897
20260826,14,500,15,3000,3000,3000,3000,"fast","control_informative",0.05,5,0.01,"","separate_mirage","trait2","bfdr_power",0.05,0.1
20260826,14,500,15,3000,3000,3000,3000,"fast","control_informative",0.05,5,0.01,"","separate_mirage","trait2","bfdr_discoveries",0.05,1
20260826,14,500,15,3000,3000,3000,3000,"fast","control_informative",0.05,5,0.01,"","separate_mirage","trait2","bfdr_observed_fdp",0.1,0
20260826,14,500,15,3000,3000,3000,3000,"fast","control_informative",0.05,5,0.01,"","separate_mirage","trait2","bfdr_estimate",0.1,0.0110726609448897
20260826,14,500,15,3000,3000,3000,3000,"fast","control_informative",0.05,5,0.01,"","separate_mirage","trait2","bfdr_power",0.1,0.1
20260826,14,500,15,3000,3000,3000,3000,"fast","control_informative",0.05,5,0.01,"","separate_mirage","trait2","bfdr_discoveries",0.1,1
20260826,14,500,15,3000,3000,3000,3000,"fast","control_informative",0.05,5,0.01,"","separate_mirage","trait2","bfdr_observed_fdp",0.2,0
20260826,14,500,15,3000,3000,3000,3000,"fast","control_informative",0.05,5,0.01,"","separate_mirage","trait2","bfdr_estimate",0.2,0.130685136017859
20260826,14,500,15,3000,3000,3000,3000,"fast","control_informative",0.05,5,0.01,"","separate_mirage","trait2","bfdr_power",0.2,0.2
20260826,14,500,15,3000,3000,3000,3000,"fast","control_informative",0.05,5,0.01,"","separate_mirage","trait2","bfdr_discoveries",0.2,2
20260826,14,500,15,3000,3000,3000,3000,"fast","control_informative",0.05,5,0.01,"","separate_mirage","pleiotropy","bfdr_observed_fdp",0.01,0
20260826,14,500,15,3000,3000,3000,3000,"fast","control_informative",0.05,5,0.01,"","separate_mirage","pleiotropy","bfdr_estimate",0.01,0
20260826,14,500,15,3000,3000,3000,3000,"fast","control_informative",0.05,5,0.01,"","separate_mirage","pleiotropy","bfdr_power",0.01,0
20260826,14,500,15,3000,3000,3000,3000,"fast","control_informative",0.05,5,0.01,"","separate_mirage","pleiotropy","bfdr_discoveries",0.01,0
20260826,14,500,15,3000,3000,3000,3000,"fast","control_informative",0.05,5,0.01,"","separate_mirage","pleiotropy","bfdr_observed_fdp",0.05,0
20260826,14,500,15,3000,3000,3000,3000,"fast","control_informative",0.05,5,0.01,"","separate_mirage","pleiotropy","bfdr_estimate",0.05,0
20260826,14,500,15,3000,3000,3000,3000,"fast","control_informative",0.05,5,0.01,"","separate_mirage","pleiotropy","bfdr_power",0.05,0
20260826,14,500,15,3000,3000,3000,3000,"fast","control_informative",0.05,5,0.01,"","separate_mirage","pleiotropy","bfdr_discoveries",0.05,0
20260826,14,500,15,3000,3000,3000,3000,"fast","control_informative",0.05,5,0.01,"","separate_mirage","pleiotropy","bfdr_observed_fdp",0.1,0
20260826,14,500,15,3000,3000,3000,3000,"fast","control_informative",0.05,5,0.01,"","separate_mirage","pleiotropy","bfdr_estimate",0.1,0
20260826,14,500,15,3000,3000,3000,3000,"fast","control_informative",0.05,5,0.01,"","separate_mirage","pleiotropy","bfdr_power",0.1,0
20260826,14,500,15,3000,3000,3000,3000,"fast","control_informative",0.05,5,0.01,"","separate_mirage","pleiotropy","bfdr_discoveries",0.1,0
20260826,14,500,15,3000,3000,3000,3000,"fast","control_informative",0.05,5,0.01,"","separate_mirage","pleiotropy","bfdr_observed_fdp",0.2,0
20260826,14,500,15,3000,3000,3000,3000,"fast","control_informative",0.05,5,0.01,"","separate_mirage","pleiotropy","bfdr_estimate",0.2,0
20260826,14,500,15,3000,3000,3000,3000,"fast","control_informative",0.05,5,0.01,"","separate_mirage","pleiotropy","bfdr_power",0.2,0
20260826,14,500,15,3000,3000,3000,3000,"fast","control_informative",0.05,5,0.01,"","separate_mirage","pleiotropy","bfdr_discoveries",0.2,0
20260826,14,500,15,3000,3000,3000,3000,"fast","control_informative",0.05,5,0.01,"","separate_mirage","global","runtime_seconds",NA,17.988
20260826,14,500,15,3000,3000,3000,3000,"fast","control_informative",0.05,5,0.01,"","separate_mirage","pleiotropy","pi11_estimate",NA,0.001
20260826,14,500,15,3000,3000,3000,3000,"fast","control_informative",0.05,5,0.01,"","mtada_aggregated","trait1","auc",NA,0.6648
20260826,14,500,15,3000,3000,3000,3000,"fast","control_informative",0.05,5,0.01,"","mtada_aggregated","trait2","auc",NA,0.699591836734694
20260826,14,500,15,3000,3000,3000,3000,"fast","control_informative",0.05,5,0.01,"","mtada_aggregated","pleiotropy","auc",NA,0.783838383838384
20260826,14,500,15,3000,3000,3000,3000,"fast","control_informative",0.05,5,0.01,"","mtada_aggregated","trait1","pp08_power",0.8,0.24
20260826,14,500,15,3000,3000,3000,3000,"fast","control_informative",0.05,5,0.01,"","mtada_aggregated","trait1","pp08_fdp",0.8,0.869565217391304
20260826,14,500,15,3000,3000,3000,3000,"fast","control_informative",0.05,5,0.01,"","mtada_aggregated","trait1","pp08_discoveries",0.8,46
20260826,14,500,15,3000,3000,3000,3000,"fast","control_informative",0.05,5,0.01,"","mtada_aggregated","trait2","pp08_power",0.8,0.3
20260826,14,500,15,3000,3000,3000,3000,"fast","control_informative",0.05,5,0.01,"","mtada_aggregated","trait2","pp08_fdp",0.8,0.918918918918919
20260826,14,500,15,3000,3000,3000,3000,"fast","control_informative",0.05,5,0.01,"","mtada_aggregated","trait2","pp08_discoveries",0.8,37
20260826,14,500,15,3000,3000,3000,3000,"fast","control_informative",0.05,5,0.01,"","mtada_aggregated","pleiotropy","pp08_power",0.8,0
20260826,14,500,15,3000,3000,3000,3000,"fast","control_informative",0.05,5,0.01,"","mtada_aggregated","pleiotropy","pp08_fdp",0.8,0
20260826,14,500,15,3000,3000,3000,3000,"fast","control_informative",0.05,5,0.01,"","mtada_aggregated","pleiotropy","pp08_discoveries",0.8,0
20260826,14,500,15,3000,3000,3000,3000,"fast","control_informative",0.05,5,0.01,"","mtada_aggregated","trait1","bfdr_observed_fdp",0.01,0.842105263157895
20260826,14,500,15,3000,3000,3000,3000,"fast","control_informative",0.05,5,0.01,"","mtada_aggregated","trait1","bfdr_estimate",0.01,0.00968980088180281
20260826,14,500,15,3000,3000,3000,3000,"fast","control_informative",0.05,5,0.01,"","mtada_aggregated","trait1","bfdr_power",0.01,0.24
20260826,14,500,15,3000,3000,3000,3000,"fast","control_informative",0.05,5,0.01,"","mtada_aggregated","trait1","bfdr_discoveries",0.01,38
20260826,14,500,15,3000,3000,3000,3000,"fast","control_informative",0.05,5,0.01,"","mtada_aggregated","trait1","bfdr_observed_fdp",0.05,0.877551020408163
20260826,14,500,15,3000,3000,3000,3000,"fast","control_informative",0.05,5,0.01,"","mtada_aggregated","trait1","bfdr_estimate",0.05,0.0479041694312544
20260826,14,500,15,3000,3000,3000,3000,"fast","control_informative",0.05,5,0.01,"","mtada_aggregated","trait1","bfdr_power",0.05,0.24
20260826,14,500,15,3000,3000,3000,3000,"fast","control_informative",0.05,5,0.01,"","mtada_aggregated","trait1","bfdr_discoveries",0.05,49
20260826,14,500,15,3000,3000,3000,3000,"fast","control_informative",0.05,5,0.01,"","mtada_aggregated","trait1","bfdr_observed_fdp",0.1,0.857142857142857
20260826,14,500,15,3000,3000,3000,3000,"fast","control_informative",0.05,5,0.01,"","mtada_aggregated","trait1","bfdr_estimate",0.1,0.0965972219609463
20260826,14,500,15,3000,3000,3000,3000,"fast","control_informative",0.05,5,0.01,"","mtada_aggregated","trait1","bfdr_power",0.1,0.32
20260826,14,500,15,3000,3000,3000,3000,"fast","control_informative",0.05,5,0.01,"","mtada_aggregated","trait1","bfdr_discoveries",0.1,56
20260826,14,500,15,3000,3000,3000,3000,"fast","control_informative",0.05,5,0.01,"","mtada_aggregated","trait1","bfdr_observed_fdp",0.2,0.86764705882353
20260826,14,500,15,3000,3000,3000,3000,"fast","control_informative",0.05,5,0.01,"","mtada_aggregated","trait1","bfdr_estimate",0.2,0.192862653110741
20260826,14,500,15,3000,3000,3000,3000,"fast","control_informative",0.05,5,0.01,"","mtada_aggregated","trait1","bfdr_power",0.2,0.36
20260826,14,500,15,3000,3000,3000,3000,"fast","control_informative",0.05,5,0.01,"","mtada_aggregated","trait1","bfdr_discoveries",0.2,68
20260826,14,500,15,3000,3000,3000,3000,"fast","control_informative",0.05,5,0.01,"","mtada_aggregated","trait2","bfdr_observed_fdp",0.01,0.914285714285714
20260826,14,500,15,3000,3000,3000,3000,"fast","control_informative",0.05,5,0.01,"","mtada_aggregated","trait2","bfdr_estimate",0.01,0.00870250247637996
20260826,14,500,15,3000,3000,3000,3000,"fast","control_informative",0.05,5,0.01,"","mtada_aggregated","trait2","bfdr_power",0.01,0.3
20260826,14,500,15,3000,3000,3000,3000,"fast","control_informative",0.05,5,0.01,"","mtada_aggregated","trait2","bfdr_discoveries",0.01,35
20260826,14,500,15,3000,3000,3000,3000,"fast","control_informative",0.05,5,0.01,"","mtada_aggregated","trait2","bfdr_observed_fdp",0.05,0.926829268292683
20260826,14,500,15,3000,3000,3000,3000,"fast","control_informative",0.05,5,0.01,"","mtada_aggregated","trait2","bfdr_estimate",0.05,0.0462109220541406
20260826,14,500,15,3000,3000,3000,3000,"fast","control_informative",0.05,5,0.01,"","mtada_aggregated","trait2","bfdr_power",0.05,0.3
20260826,14,500,15,3000,3000,3000,3000,"fast","control_informative",0.05,5,0.01,"","mtada_aggregated","trait2","bfdr_discoveries",0.05,41
20260826,14,500,15,3000,3000,3000,3000,"fast","control_informative",0.05,5,0.01,"","mtada_aggregated","trait2","bfdr_observed_fdp",0.1,0.936170212765957
20260826,14,500,15,3000,3000,3000,3000,"fast","control_informative",0.05,5,0.01,"","mtada_aggregated","trait2","bfdr_estimate",0.1,0.0947955652327571
20260826,14,500,15,3000,3000,3000,3000,"fast","control_informative",0.05,5,0.01,"","mtada_aggregated","trait2","bfdr_power",0.1,0.3
20260826,14,500,15,3000,3000,3000,3000,"fast","control_informative",0.05,5,0.01,"","mtada_aggregated","trait2","bfdr_discoveries",0.1,47
20260826,14,500,15,3000,3000,3000,3000,"fast","control_informative",0.05,5,0.01,"","mtada_aggregated","trait2","bfdr_observed_fdp",0.2,0.947368421052632
20260826,14,500,15,3000,3000,3000,3000,"fast","control_informative",0.05,5,0.01,"","mtada_aggregated","trait2","bfdr_estimate",0.2,0.194330290488364
20260826,14,500,15,3000,3000,3000,3000,"fast","control_informative",0.05,5,0.01,"","mtada_aggregated","trait2","bfdr_power",0.2,0.3
20260826,14,500,15,3000,3000,3000,3000,"fast","control_informative",0.05,5,0.01,"","mtada_aggregated","trait2","bfdr_discoveries",0.2,57
20260826,14,500,15,3000,3000,3000,3000,"fast","control_informative",0.05,5,0.01,"","mtada_aggregated","pleiotropy","bfdr_observed_fdp",0.01,0
20260826,14,500,15,3000,3000,3000,3000,"fast","control_informative",0.05,5,0.01,"","mtada_aggregated","pleiotropy","bfdr_estimate",0.01,0
20260826,14,500,15,3000,3000,3000,3000,"fast","control_informative",0.05,5,0.01,"","mtada_aggregated","pleiotropy","bfdr_power",0.01,0
20260826,14,500,15,3000,3000,3000,3000,"fast","control_informative",0.05,5,0.01,"","mtada_aggregated","pleiotropy","bfdr_discoveries",0.01,0
20260826,14,500,15,3000,3000,3000,3000,"fast","control_informative",0.05,5,0.01,"","mtada_aggregated","pleiotropy","bfdr_observed_fdp",0.05,0
20260826,14,500,15,3000,3000,3000,3000,"fast","control_informative",0.05,5,0.01,"","mtada_aggregated","pleiotropy","bfdr_estimate",0.05,0
20260826,14,500,15,3000,3000,3000,3000,"fast","control_informative",0.05,5,0.01,"","mtada_aggregated","pleiotropy","bfdr_power",0.05,0
20260826,14,500,15,3000,3000,3000,3000,"fast","control_informative",0.05,5,0.01,"","mtada_aggregated","pleiotropy","bfdr_discoveries",0.05,0
20260826,14,500,15,3000,3000,3000,3000,"fast","control_informative",0.05,5,0.01,"","mtada_aggregated","pleiotropy","bfdr_observed_fdp",0.1,0
20260826,14,500,15,3000,3000,3000,3000,"fast","control_informative",0.05,5,0.01,"","mtada_aggregated","pleiotropy","bfdr_estimate",0.1,0
20260826,14,500,15,3000,3000,3000,3000,"fast","control_informative",0.05,5,0.01,"","mtada_aggregated","pleiotropy","bfdr_power",0.1,0
20260826,14,500,15,3000,3000,3000,3000,"fast","control_informative",0.05,5,0.01,"","mtada_aggregated","pleiotropy","bfdr_discoveries",0.1,0
20260826,14,500,15,3000,3000,3000,3000,"fast","control_informative",0.05,5,0.01,"","mtada_aggregated","pleiotropy","bfdr_observed_fdp",0.2,0
20260826,14,500,15,3000,3000,3000,3000,"fast","control_informative",0.05,5,0.01,"","mtada_aggregated","pleiotropy","bfdr_estimate",0.2,0
20260826,14,500,15,3000,3000,3000,3000,"fast","control_informative",0.05,5,0.01,"","mtada_aggregated","pleiotropy","bfdr_power",0.2,0
20260826,14,500,15,3000,3000,3000,3000,"fast","control_informative",0.05,5,0.01,"","mtada_aggregated","pleiotropy","bfdr_discoveries",0.2,0
20260826,14,500,15,3000,3000,3000,3000,"fast","control_informative",0.05,5,0.01,"","mtada_aggregated","global","runtime_seconds",NA,0.913000000000011
20260826,14,500,15,3000,3000,3000,3000,"fast","control_informative",0.05,5,0.01,"","mtada_aggregated","pleiotropy","pi11_estimate",NA,0.000163841
20260827,15,500,15,3000,3000,3000,3000,"fast","control_informative",0.05,5,0.01,"","mirage_joint","trait1","auc",NA,0.704252631578947
20260827,15,500,15,3000,3000,3000,3000,"fast","control_informative",0.05,5,0.01,"","mirage_joint","trait2","auc",NA,0.702857142857143
20260827,15,500,15,3000,3000,3000,3000,"fast","control_informative",0.05,5,0.01,"","mirage_joint","pleiotropy","auc",NA,0.872727272727273
20260827,15,500,15,3000,3000,3000,3000,"fast","control_informative",0.05,5,0.01,"","mirage_joint","trait1","pp08_power",0.8,0.24
20260827,15,500,15,3000,3000,3000,3000,"fast","control_informative",0.05,5,0.01,"","mirage_joint","trait1","pp08_fdp",0.8,0
20260827,15,500,15,3000,3000,3000,3000,"fast","control_informative",0.05,5,0.01,"","mirage_joint","trait1","pp08_discoveries",0.8,6
20260827,15,500,15,3000,3000,3000,3000,"fast","control_informative",0.05,5,0.01,"","mirage_joint","trait2","pp08_power",0.8,0.1
20260827,15,500,15,3000,3000,3000,3000,"fast","control_informative",0.05,5,0.01,"","mirage_joint","trait2","pp08_fdp",0.8,0
20260827,15,500,15,3000,3000,3000,3000,"fast","control_informative",0.05,5,0.01,"","mirage_joint","trait2","pp08_discoveries",0.8,1
20260827,15,500,15,3000,3000,3000,3000,"fast","control_informative",0.05,5,0.01,"","mirage_joint","pleiotropy","pp08_power",0.8,0.2
20260827,15,500,15,3000,3000,3000,3000,"fast","control_informative",0.05,5,0.01,"","mirage_joint","pleiotropy","pp08_fdp",0.8,0
20260827,15,500,15,3000,3000,3000,3000,"fast","control_informative",0.05,5,0.01,"","mirage_joint","pleiotropy","pp08_discoveries",0.8,1
20260827,15,500,15,3000,3000,3000,3000,"fast","control_informative",0.05,5,0.01,"","mirage_joint","trait1","bfdr_observed_fdp",0.01,0
20260827,15,500,15,3000,3000,3000,3000,"fast","control_informative",0.05,5,0.01,"","mirage_joint","trait1","bfdr_estimate",0.01,0.00658420464519173
20260827,15,500,15,3000,3000,3000,3000,"fast","control_informative",0.05,5,0.01,"","mirage_joint","trait1","bfdr_power",0.01,0.24
20260827,15,500,15,3000,3000,3000,3000,"fast","control_informative",0.05,5,0.01,"","mirage_joint","trait1","bfdr_discoveries",0.01,6
20260827,15,500,15,3000,3000,3000,3000,"fast","control_informative",0.05,5,0.01,"","mirage_joint","trait1","bfdr_observed_fdp",0.05,0.142857142857143
20260827,15,500,15,3000,3000,3000,3000,"fast","control_informative",0.05,5,0.01,"","mirage_joint","trait1","bfdr_estimate",0.05,0.0354787618748036
20260827,15,500,15,3000,3000,3000,3000,"fast","control_informative",0.05,5,0.01,"","mirage_joint","trait1","bfdr_power",0.05,0.24
20260827,15,500,15,3000,3000,3000,3000,"fast","control_informative",0.05,5,0.01,"","mirage_joint","trait1","bfdr_discoveries",0.05,7
20260827,15,500,15,3000,3000,3000,3000,"fast","control_informative",0.05,5,0.01,"","mirage_joint","trait1","bfdr_observed_fdp",0.1,0.125
20260827,15,500,15,3000,3000,3000,3000,"fast","control_informative",0.05,5,0.01,"","mirage_joint","trait1","bfdr_estimate",0.1,0.0739304690416746
20260827,15,500,15,3000,3000,3000,3000,"fast","control_informative",0.05,5,0.01,"","mirage_joint","trait1","bfdr_power",0.1,0.28
20260827,15,500,15,3000,3000,3000,3000,"fast","control_informative",0.05,5,0.01,"","mirage_joint","trait1","bfdr_discoveries",0.1,8
20260827,15,500,15,3000,3000,3000,3000,"fast","control_informative",0.05,5,0.01,"","mirage_joint","trait1","bfdr_observed_fdp",0.2,0.25
20260827,15,500,15,3000,3000,3000,3000,"fast","control_informative",0.05,5,0.01,"","mirage_joint","trait1","bfdr_estimate",0.2,0.193961855911608
20260827,15,500,15,3000,3000,3000,3000,"fast","control_informative",0.05,5,0.01,"","mirage_joint","trait1","bfdr_power",0.2,0.36
20260827,15,500,15,3000,3000,3000,3000,"fast","control_informative",0.05,5,0.01,"","mirage_joint","trait1","bfdr_discoveries",0.2,12
20260827,15,500,15,3000,3000,3000,3000,"fast","control_informative",0.05,5,0.01,"","mirage_joint","trait2","bfdr_observed_fdp",0.01,0
20260827,15,500,15,3000,3000,3000,3000,"fast","control_informative",0.05,5,0.01,"","mirage_joint","trait2","bfdr_estimate",0.01,-1.33226762955019e-15
20260827,15,500,15,3000,3000,3000,3000,"fast","control_informative",0.05,5,0.01,"","mirage_joint","trait2","bfdr_power",0.01,0.1
20260827,15,500,15,3000,3000,3000,3000,"fast","control_informative",0.05,5,0.01,"","mirage_joint","trait2","bfdr_discoveries",0.01,1
20260827,15,500,15,3000,3000,3000,3000,"fast","control_informative",0.05,5,0.01,"","mirage_joint","trait2","bfdr_observed_fdp",0.05,0
20260827,15,500,15,3000,3000,3000,3000,"fast","control_informative",0.05,5,0.01,"","mirage_joint","trait2","bfdr_estimate",0.05,-1.33226762955019e-15
20260827,15,500,15,3000,3000,3000,3000,"fast","control_informative",0.05,5,0.01,"","mirage_joint","trait2","bfdr_power",0.05,0.1
20260827,15,500,15,3000,3000,3000,3000,"fast","control_informative",0.05,5,0.01,"","mirage_joint","trait2","bfdr_discoveries",0.05,1
20260827,15,500,15,3000,3000,3000,3000,"fast","control_informative",0.05,5,0.01,"","mirage_joint","trait2","bfdr_observed_fdp",0.1,0
20260827,15,500,15,3000,3000,3000,3000,"fast","control_informative",0.05,5,0.01,"","mirage_joint","trait2","bfdr_estimate",0.1,-1.33226762955019e-15
20260827,15,500,15,3000,3000,3000,3000,"fast","control_informative",0.05,5,0.01,"","mirage_joint","trait2","bfdr_power",0.1,0.1
20260827,15,500,15,3000,3000,3000,3000,"fast","control_informative",0.05,5,0.01,"","mirage_joint","trait2","bfdr_discoveries",0.1,1
20260827,15,500,15,3000,3000,3000,3000,"fast","control_informative",0.05,5,0.01,"","mirage_joint","trait2","bfdr_observed_fdp",0.2,0
20260827,15,500,15,3000,3000,3000,3000,"fast","control_informative",0.05,5,0.01,"","mirage_joint","trait2","bfdr_estimate",0.2,-1.33226762955019e-15
20260827,15,500,15,3000,3000,3000,3000,"fast","control_informative",0.05,5,0.01,"","mirage_joint","trait2","bfdr_power",0.2,0.1
20260827,15,500,15,3000,3000,3000,3000,"fast","control_informative",0.05,5,0.01,"","mirage_joint","trait2","bfdr_discoveries",0.2,1
20260827,15,500,15,3000,3000,3000,3000,"fast","control_informative",0.05,5,0.01,"","mirage_joint","pleiotropy","bfdr_observed_fdp",0.01,0
20260827,15,500,15,3000,3000,3000,3000,"fast","control_informative",0.05,5,0.01,"","mirage_joint","pleiotropy","bfdr_estimate",0.01,0.00325365042387638
20260827,15,500,15,3000,3000,3000,3000,"fast","control_informative",0.05,5,0.01,"","mirage_joint","pleiotropy","bfdr_power",0.01,0.2
20260827,15,500,15,3000,3000,3000,3000,"fast","control_informative",0.05,5,0.01,"","mirage_joint","pleiotropy","bfdr_discoveries",0.01,1
20260827,15,500,15,3000,3000,3000,3000,"fast","control_informative",0.05,5,0.01,"","mirage_joint","pleiotropy","bfdr_observed_fdp",0.05,0
20260827,15,500,15,3000,3000,3000,3000,"fast","control_informative",0.05,5,0.01,"","mirage_joint","pleiotropy","bfdr_estimate",0.05,0.00325365042387638
20260827,15,500,15,3000,3000,3000,3000,"fast","control_informative",0.05,5,0.01,"","mirage_joint","pleiotropy","bfdr_power",0.05,0.2
20260827,15,500,15,3000,3000,3000,3000,"fast","control_informative",0.05,5,0.01,"","mirage_joint","pleiotropy","bfdr_discoveries",0.05,1
20260827,15,500,15,3000,3000,3000,3000,"fast","control_informative",0.05,5,0.01,"","mirage_joint","pleiotropy","bfdr_observed_fdp",0.1,0
20260827,15,500,15,3000,3000,3000,3000,"fast","control_informative",0.05,5,0.01,"","mirage_joint","pleiotropy","bfdr_estimate",0.1,0.00325365042387638
20260827,15,500,15,3000,3000,3000,3000,"fast","control_informative",0.05,5,0.01,"","mirage_joint","pleiotropy","bfdr_power",0.1,0.2
20260827,15,500,15,3000,3000,3000,3000,"fast","control_informative",0.05,5,0.01,"","mirage_joint","pleiotropy","bfdr_discoveries",0.1,1
20260827,15,500,15,3000,3000,3000,3000,"fast","control_informative",0.05,5,0.01,"","mirage_joint","pleiotropy","bfdr_observed_fdp",0.2,0
20260827,15,500,15,3000,3000,3000,3000,"fast","control_informative",0.05,5,0.01,"","mirage_joint","pleiotropy","bfdr_estimate",0.2,0.00325365042387638
20260827,15,500,15,3000,3000,3000,3000,"fast","control_informative",0.05,5,0.01,"","mirage_joint","pleiotropy","bfdr_power",0.2,0.2
20260827,15,500,15,3000,3000,3000,3000,"fast","control_informative",0.05,5,0.01,"","mirage_joint","pleiotropy","bfdr_discoveries",0.2,1
20260827,15,500,15,3000,3000,3000,3000,"fast","control_informative",0.05,5,0.01,"","mirage_joint","global","runtime_seconds",NA,17.963
20260827,15,500,15,3000,3000,3000,3000,"fast","control_informative",0.05,5,0.01,"","mirage_joint","pleiotropy","pi11_estimate",NA,0.0372705915090023
20260827,15,500,15,3000,3000,3000,3000,"fast","control_informative",0.05,5,0.01,"","separate_mirage","trait1","auc",NA,0.714778947368421
20260827,15,500,15,3000,3000,3000,3000,"fast","control_informative",0.05,5,0.01,"","separate_mirage","trait2","auc",NA,0.652857142857143
20260827,15,500,15,3000,3000,3000,3000,"fast","control_informative",0.05,5,0.01,"","separate_mirage","pleiotropy","auc",NA,0.884444444444444
20260827,15,500,15,3000,3000,3000,3000,"fast","control_informative",0.05,5,0.01,"","separate_mirage","trait1","pp08_power",0.8,0.2
20260827,15,500,15,3000,3000,3000,3000,"fast","control_informative",0.05,5,0.01,"","separate_mirage","trait1","pp08_fdp",0.8,0
20260827,15,500,15,3000,3000,3000,3000,"fast","control_informative",0.05,5,0.01,"","separate_mirage","trait1","pp08_discoveries",0.8,5
20260827,15,500,15,3000,3000,3000,3000,"fast","control_informative",0.05,5,0.01,"","separate_mirage","trait2","pp08_power",0.8,0.1
20260827,15,500,15,3000,3000,3000,3000,"fast","control_informative",0.05,5,0.01,"","separate_mirage","trait2","pp08_fdp",0.8,0
20260827,15,500,15,3000,3000,3000,3000,"fast","control_informative",0.05,5,0.01,"","separate_mirage","trait2","pp08_discoveries",0.8,1
20260827,15,500,15,3000,3000,3000,3000,"fast","control_informative",0.05,5,0.01,"","separate_mirage","pleiotropy","pp08_power",0.8,0
20260827,15,500,15,3000,3000,3000,3000,"fast","control_informative",0.05,5,0.01,"","separate_mirage","pleiotropy","pp08_fdp",0.8,0
20260827,15,500,15,3000,3000,3000,3000,"fast","control_informative",0.05,5,0.01,"","separate_mirage","pleiotropy","pp08_discoveries",0.8,0
20260827,15,500,15,3000,3000,3000,3000,"fast","control_informative",0.05,5,0.01,"","separate_mirage","trait1","bfdr_observed_fdp",0.01,0
20260827,15,500,15,3000,3000,3000,3000,"fast","control_informative",0.05,5,0.01,"","separate_mirage","trait1","bfdr_estimate",0.01,0.0050494881423145
20260827,15,500,15,3000,3000,3000,3000,"fast","control_informative",0.05,5,0.01,"","separate_mirage","trait1","bfdr_power",0.01,0.12
20260827,15,500,15,3000,3000,3000,3000,"fast","control_informative",0.05,5,0.01,"","separate_mirage","trait1","bfdr_discoveries",0.01,3
20260827,15,500,15,3000,3000,3000,3000,"fast","control_informative",0.05,5,0.01,"","separate_mirage","trait1","bfdr_observed_fdp",0.05,0
20260827,15,500,15,3000,3000,3000,3000,"fast","control_informative",0.05,5,0.01,"","separate_mirage","trait1","bfdr_estimate",0.05,0.0194111824412062
20260827,15,500,15,3000,3000,3000,3000,"fast","control_informative",0.05,5,0.01,"","separate_mirage","trait1","bfdr_power",0.05,0.2
20260827,15,500,15,3000,3000,3000,3000,"fast","control_informative",0.05,5,0.01,"","separate_mirage","trait1","bfdr_discoveries",0.05,5
20260827,15,500,15,3000,3000,3000,3000,"fast","control_informative",0.05,5,0.01,"","separate_mirage","trait1","bfdr_observed_fdp",0.1,0.166666666666667
20260827,15,500,15,3000,3000,3000,3000,"fast","control_informative",0.05,5,0.01,"","separate_mirage","trait1","bfdr_estimate",0.1,0.086198998366219
20260827,15,500,15,3000,3000,3000,3000,"fast","control_informative",0.05,5,0.01,"","separate_mirage","trait1","bfdr_power",0.1,0.2
20260827,15,500,15,3000,3000,3000,3000,"fast","control_informative",0.05,5,0.01,"","separate_mirage","trait1","bfdr_discoveries",0.1,6
20260827,15,500,15,3000,3000,3000,3000,"fast","control_informative",0.05,5,0.01,"","separate_mirage","trait1","bfdr_observed_fdp",0.2,0.25
20260827,15,500,15,3000,3000,3000,3000,"fast","control_informative",0.05,5,0.01,"","separate_mirage","trait1","bfdr_estimate",0.2,0.191767823854426
20260827,15,500,15,3000,3000,3000,3000,"fast","control_informative",0.05,5,0.01,"","separate_mirage","trait1","bfdr_power",0.2,0.24
20260827,15,500,15,3000,3000,3000,3000,"fast","control_informative",0.05,5,0.01,"","separate_mirage","trait1","bfdr_discoveries",0.2,8
20260827,15,500,15,3000,3000,3000,3000,"fast","control_informative",0.05,5,0.01,"","separate_mirage","trait2","bfdr_observed_fdp",0.01,0
20260827,15,500,15,3000,3000,3000,3000,"fast","control_informative",0.05,5,0.01,"","separate_mirage","trait2","bfdr_estimate",0.01,-3.10862446895044e-15
20260827,15,500,15,3000,3000,3000,3000,"fast","control_informative",0.05,5,0.01,"","separate_mirage","trait2","bfdr_power",0.01,0.1
20260827,15,500,15,3000,3000,3000,3000,"fast","control_informative",0.05,5,0.01,"","separate_mirage","trait2","bfdr_discoveries",0.01,1
20260827,15,500,15,3000,3000,3000,3000,"fast","control_informative",0.05,5,0.01,"","separate_mirage","trait2","bfdr_observed_fdp",0.05,0
20260827,15,500,15,3000,3000,3000,3000,"fast","control_informative",0.05,5,0.01,"","separate_mirage","trait2","bfdr_estimate",0.05,-3.10862446895044e-15
20260827,15,500,15,3000,3000,3000,3000,"fast","control_informative",0.05,5,0.01,"","separate_mirage","trait2","bfdr_power",0.05,0.1
20260827,15,500,15,3000,3000,3000,3000,"fast","control_informative",0.05,5,0.01,"","separate_mirage","trait2","bfdr_discoveries",0.05,1
20260827,15,500,15,3000,3000,3000,3000,"fast","control_informative",0.05,5,0.01,"","separate_mirage","trait2","bfdr_observed_fdp",0.1,0
20260827,15,500,15,3000,3000,3000,3000,"fast","control_informative",0.05,5,0.01,"","separate_mirage","trait2","bfdr_estimate",0.1,-3.10862446895044e-15
20260827,15,500,15,3000,3000,3000,3000,"fast","control_informative",0.05,5,0.01,"","separate_mirage","trait2","bfdr_power",0.1,0.1
20260827,15,500,15,3000,3000,3000,3000,"fast","control_informative",0.05,5,0.01,"","separate_mirage","trait2","bfdr_discoveries",0.1,1
20260827,15,500,15,3000,3000,3000,3000,"fast","control_informative",0.05,5,0.01,"","separate_mirage","trait2","bfdr_observed_fdp",0.2,0
20260827,15,500,15,3000,3000,3000,3000,"fast","control_informative",0.05,5,0.01,"","separate_mirage","trait2","bfdr_estimate",0.2,-3.10862446895044e-15
20260827,15,500,15,3000,3000,3000,3000,"fast","control_informative",0.05,5,0.01,"","separate_mirage","trait2","bfdr_power",0.2,0.1
20260827,15,500,15,3000,3000,3000,3000,"fast","control_informative",0.05,5,0.01,"","separate_mirage","trait2","bfdr_discoveries",0.2,1
20260827,15,500,15,3000,3000,3000,3000,"fast","control_informative",0.05,5,0.01,"","separate_mirage","pleiotropy","bfdr_observed_fdp",0.01,0
20260827,15,500,15,3000,3000,3000,3000,"fast","control_informative",0.05,5,0.01,"","separate_mirage","pleiotropy","bfdr_estimate",0.01,0
20260827,15,500,15,3000,3000,3000,3000,"fast","control_informative",0.05,5,0.01,"","separate_mirage","pleiotropy","bfdr_power",0.01,0
20260827,15,500,15,3000,3000,3000,3000,"fast","control_informative",0.05,5,0.01,"","separate_mirage","pleiotropy","bfdr_discoveries",0.01,0
20260827,15,500,15,3000,3000,3000,3000,"fast","control_informative",0.05,5,0.01,"","separate_mirage","pleiotropy","bfdr_observed_fdp",0.05,0
20260827,15,500,15,3000,3000,3000,3000,"fast","control_informative",0.05,5,0.01,"","separate_mirage","pleiotropy","bfdr_estimate",0.05,0
20260827,15,500,15,3000,3000,3000,3000,"fast","control_informative",0.05,5,0.01,"","separate_mirage","pleiotropy","bfdr_power",0.05,0
20260827,15,500,15,3000,3000,3000,3000,"fast","control_informative",0.05,5,0.01,"","separate_mirage","pleiotropy","bfdr_discoveries",0.05,0
20260827,15,500,15,3000,3000,3000,3000,"fast","control_informative",0.05,5,0.01,"","separate_mirage","pleiotropy","bfdr_observed_fdp",0.1,0
20260827,15,500,15,3000,3000,3000,3000,"fast","control_informative",0.05,5,0.01,"","separate_mirage","pleiotropy","bfdr_estimate",0.1,0
20260827,15,500,15,3000,3000,3000,3000,"fast","control_informative",0.05,5,0.01,"","separate_mirage","pleiotropy","bfdr_power",0.1,0
20260827,15,500,15,3000,3000,3000,3000,"fast","control_informative",0.05,5,0.01,"","separate_mirage","pleiotropy","bfdr_discoveries",0.1,0
20260827,15,500,15,3000,3000,3000,3000,"fast","control_informative",0.05,5,0.01,"","separate_mirage","pleiotropy","bfdr_observed_fdp",0.2,0
20260827,15,500,15,3000,3000,3000,3000,"fast","control_informative",0.05,5,0.01,"","separate_mirage","pleiotropy","bfdr_estimate",0.2,0
20260827,15,500,15,3000,3000,3000,3000,"fast","control_informative",0.05,5,0.01,"","separate_mirage","pleiotropy","bfdr_power",0.2,0
20260827,15,500,15,3000,3000,3000,3000,"fast","control_informative",0.05,5,0.01,"","separate_mirage","pleiotropy","bfdr_discoveries",0.2,0
20260827,15,500,15,3000,3000,3000,3000,"fast","control_informative",0.05,5,0.01,"","separate_mirage","global","runtime_seconds",NA,18.002
20260827,15,500,15,3000,3000,3000,3000,"fast","control_informative",0.05,5,0.01,"","separate_mirage","pleiotropy","pi11_estimate",NA,0.001
20260827,15,500,15,3000,3000,3000,3000,"fast","control_informative",0.05,5,0.01,"","mtada_aggregated","trait1","auc",NA,0.730021052631579
20260827,15,500,15,3000,3000,3000,3000,"fast","control_informative",0.05,5,0.01,"","mtada_aggregated","trait2","auc",NA,0.623877551020408
20260827,15,500,15,3000,3000,3000,3000,"fast","control_informative",0.05,5,0.01,"","mtada_aggregated","pleiotropy","auc",NA,0.817777777777778
20260827,15,500,15,3000,3000,3000,3000,"fast","control_informative",0.05,5,0.01,"","mtada_aggregated","trait1","pp08_power",0.8,0.44
20260827,15,500,15,3000,3000,3000,3000,"fast","control_informative",0.05,5,0.01,"","mtada_aggregated","trait1","pp08_fdp",0.8,0.8
20260827,15,500,15,3000,3000,3000,3000,"fast","control_informative",0.05,5,0.01,"","mtada_aggregated","trait1","pp08_discoveries",0.8,55
20260827,15,500,15,3000,3000,3000,3000,"fast","control_informative",0.05,5,0.01,"","mtada_aggregated","trait2","pp08_power",0.8,0.2
20260827,15,500,15,3000,3000,3000,3000,"fast","control_informative",0.05,5,0.01,"","mtada_aggregated","trait2","pp08_fdp",0.8,0.945945945945946
20260827,15,500,15,3000,3000,3000,3000,"fast","control_informative",0.05,5,0.01,"","mtada_aggregated","trait2","pp08_discoveries",0.8,37
20260827,15,500,15,3000,3000,3000,3000,"fast","control_informative",0.05,5,0.01,"","mtada_aggregated","pleiotropy","pp08_power",0.8,0.2
20260827,15,500,15,3000,3000,3000,3000,"fast","control_informative",0.05,5,0.01,"","mtada_aggregated","pleiotropy","pp08_fdp",0.8,0.75
20260827,15,500,15,3000,3000,3000,3000,"fast","control_informative",0.05,5,0.01,"","mtada_aggregated","pleiotropy","pp08_discoveries",0.8,4
20260827,15,500,15,3000,3000,3000,3000,"fast","control_informative",0.05,5,0.01,"","mtada_aggregated","trait1","bfdr_observed_fdp",0.01,0.782608695652174
20260827,15,500,15,3000,3000,3000,3000,"fast","control_informative",0.05,5,0.01,"","mtada_aggregated","trait1","bfdr_estimate",0.01,0.00840053298525294
20260827,15,500,15,3000,3000,3000,3000,"fast","control_informative",0.05,5,0.01,"","mtada_aggregated","trait1","bfdr_power",0.01,0.4
20260827,15,500,15,3000,3000,3000,3000,"fast","control_informative",0.05,5,0.01,"","mtada_aggregated","trait1","bfdr_discoveries",0.01,46
20260827,15,500,15,3000,3000,3000,3000,"fast","control_informative",0.05,5,0.01,"","mtada_aggregated","trait1","bfdr_observed_fdp",0.05,0.8
20260827,15,500,15,3000,3000,3000,3000,"fast","control_informative",0.05,5,0.01,"","mtada_aggregated","trait1","bfdr_estimate",0.05,0.0488341634299199
20260827,15,500,15,3000,3000,3000,3000,"fast","control_informative",0.05,5,0.01,"","mtada_aggregated","trait1","bfdr_power",0.05,0.48
20260827,15,500,15,3000,3000,3000,3000,"fast","control_informative",0.05,5,0.01,"","mtada_aggregated","trait1","bfdr_discoveries",0.05,60
20260827,15,500,15,3000,3000,3000,3000,"fast","control_informative",0.05,5,0.01,"","mtada_aggregated","trait1","bfdr_observed_fdp",0.1,0.826086956521739
20260827,15,500,15,3000,3000,3000,3000,"fast","control_informative",0.05,5,0.01,"","mtada_aggregated","trait1","bfdr_estimate",0.1,0.0982078428386665
20260827,15,500,15,3000,3000,3000,3000,"fast","control_informative",0.05,5,0.01,"","mtada_aggregated","trait1","bfdr_power",0.1,0.48
20260827,15,500,15,3000,3000,3000,3000,"fast","control_informative",0.05,5,0.01,"","mtada_aggregated","trait1","bfdr_discoveries",0.1,69
20260827,15,500,15,3000,3000,3000,3000,"fast","control_informative",0.05,5,0.01,"","mtada_aggregated","trait1","bfdr_observed_fdp",0.2,0.825
20260827,15,500,15,3000,3000,3000,3000,"fast","control_informative",0.05,5,0.01,"","mtada_aggregated","trait1","bfdr_estimate",0.2,0.192778114225385
20260827,15,500,15,3000,3000,3000,3000,"fast","control_informative",0.05,5,0.01,"","mtada_aggregated","trait1","bfdr_power",0.2,0.56
20260827,15,500,15,3000,3000,3000,3000,"fast","control_informative",0.05,5,0.01,"","mtada_aggregated","trait1","bfdr_discoveries",0.2,80
20260827,15,500,15,3000,3000,3000,3000,"fast","control_informative",0.05,5,0.01,"","mtada_aggregated","trait2","bfdr_observed_fdp",0.01,0.931034482758621
20260827,15,500,15,3000,3000,3000,3000,"fast","control_informative",0.05,5,0.01,"","mtada_aggregated","trait2","bfdr_estimate",0.01,0.00999460618438441
20260827,15,500,15,3000,3000,3000,3000,"fast","control_informative",0.05,5,0.01,"","mtada_aggregated","trait2","bfdr_power",0.01,0.2
20260827,15,500,15,3000,3000,3000,3000,"fast","control_informative",0.05,5,0.01,"","mtada_aggregated","trait2","bfdr_discoveries",0.01,29
20260827,15,500,15,3000,3000,3000,3000,"fast","control_informative",0.05,5,0.01,"","mtada_aggregated","trait2","bfdr_observed_fdp",0.05,0.95
20260827,15,500,15,3000,3000,3000,3000,"fast","control_informative",0.05,5,0.01,"","mtada_aggregated","trait2","bfdr_estimate",0.05,0.0446174320748795
20260827,15,500,15,3000,3000,3000,3000,"fast","control_informative",0.05,5,0.01,"","mtada_aggregated","trait2","bfdr_power",0.05,0.2
20260827,15,500,15,3000,3000,3000,3000,"fast","control_informative",0.05,5,0.01,"","mtada_aggregated","trait2","bfdr_discoveries",0.05,40
20260827,15,500,15,3000,3000,3000,3000,"fast","control_informative",0.05,5,0.01,"","mtada_aggregated","trait2","bfdr_observed_fdp",0.1,0.955555555555556
20260827,15,500,15,3000,3000,3000,3000,"fast","control_informative",0.05,5,0.01,"","mtada_aggregated","trait2","bfdr_estimate",0.1,0.0969646581401268
20260827,15,500,15,3000,3000,3000,3000,"fast","control_informative",0.05,5,0.01,"","mtada_aggregated","trait2","bfdr_power",0.1,0.2
20260827,15,500,15,3000,3000,3000,3000,"fast","control_informative",0.05,5,0.01,"","mtada_aggregated","trait2","bfdr_discoveries",0.1,45
20260827,15,500,15,3000,3000,3000,3000,"fast","control_informative",0.05,5,0.01,"","mtada_aggregated","trait2","bfdr_observed_fdp",0.2,0.961538461538462
20260827,15,500,15,3000,3000,3000,3000,"fast","control_informative",0.05,5,0.01,"","mtada_aggregated","trait2","bfdr_estimate",0.2,0.194057227865895
20260827,15,500,15,3000,3000,3000,3000,"fast","control_informative",0.05,5,0.01,"","mtada_aggregated","trait2","bfdr_power",0.2,0.2
20260827,15,500,15,3000,3000,3000,3000,"fast","control_informative",0.05,5,0.01,"","mtada_aggregated","trait2","bfdr_discoveries",0.2,52
20260827,15,500,15,3000,3000,3000,3000,"fast","control_informative",0.05,5,0.01,"","mtada_aggregated","pleiotropy","bfdr_observed_fdp",0.01,1
20260827,15,500,15,3000,3000,3000,3000,"fast","control_informative",0.05,5,0.01,"","mtada_aggregated","pleiotropy","bfdr_estimate",0.01,0.000112117185784855
20260827,15,500,15,3000,3000,3000,3000,"fast","control_informative",0.05,5,0.01,"","mtada_aggregated","pleiotropy","bfdr_power",0.01,0
20260827,15,500,15,3000,3000,3000,3000,"fast","control_informative",0.05,5,0.01,"","mtada_aggregated","pleiotropy","bfdr_discoveries",0.01,1
20260827,15,500,15,3000,3000,3000,3000,"fast","control_informative",0.05,5,0.01,"","mtada_aggregated","pleiotropy","bfdr_observed_fdp",0.05,0.666666666666667
20260827,15,500,15,3000,3000,3000,3000,"fast","control_informative",0.05,5,0.01,"","mtada_aggregated","pleiotropy","bfdr_estimate",0.05,0.0309545771881588
20260827,15,500,15,3000,3000,3000,3000,"fast","control_informative",0.05,5,0.01,"","mtada_aggregated","pleiotropy","bfdr_power",0.05,0.2
20260827,15,500,15,3000,3000,3000,3000,"fast","control_informative",0.05,5,0.01,"","mtada_aggregated","pleiotropy","bfdr_discoveries",0.05,3
20260827,15,500,15,3000,3000,3000,3000,"fast","control_informative",0.05,5,0.01,"","mtada_aggregated","pleiotropy","bfdr_observed_fdp",0.1,0.75
20260827,15,500,15,3000,3000,3000,3000,"fast","control_informative",0.05,5,0.01,"","mtada_aggregated","pleiotropy","bfdr_estimate",0.1,0.0548303677659463
20260827,15,500,15,3000,3000,3000,3000,"fast","control_informative",0.05,5,0.01,"","mtada_aggregated","pleiotropy","bfdr_power",0.1,0.2
20260827,15,500,15,3000,3000,3000,3000,"fast","control_informative",0.05,5,0.01,"","mtada_aggregated","pleiotropy","bfdr_discoveries",0.1,4
20260827,15,500,15,3000,3000,3000,3000,"fast","control_informative",0.05,5,0.01,"","mtada_aggregated","pleiotropy","bfdr_observed_fdp",0.2,0.666666666666667
20260827,15,500,15,3000,3000,3000,3000,"fast","control_informative",0.05,5,0.01,"","mtada_aggregated","pleiotropy","bfdr_estimate",0.2,0.157831099525243
20260827,15,500,15,3000,3000,3000,3000,"fast","control_informative",0.05,5,0.01,"","mtada_aggregated","pleiotropy","bfdr_power",0.2,0.4
20260827,15,500,15,3000,3000,3000,3000,"fast","control_informative",0.05,5,0.01,"","mtada_aggregated","pleiotropy","bfdr_discoveries",0.2,6
20260827,15,500,15,3000,3000,3000,3000,"fast","control_informative",0.05,5,0.01,"","mtada_aggregated","global","runtime_seconds",NA,0.704999999999984
20260827,15,500,15,3000,3000,3000,3000,"fast","control_informative",0.05,5,0.01,"","mtada_aggregated","pleiotropy","pi11_estimate",NA,0.00216248
20260828,16,500,15,3000,3000,3000,3000,"fast","control_informative",0.05,5,0.01,"","mirage_joint","trait1","auc",NA,0.717221052631579
20260828,16,500,15,3000,3000,3000,3000,"fast","control_informative",0.05,5,0.01,"","mirage_joint","trait2","auc",NA,0.741836734693878
20260828,16,500,15,3000,3000,3000,3000,"fast","control_informative",0.05,5,0.01,"","mirage_joint","pleiotropy","auc",NA,0.738585858585859
20260828,16,500,15,3000,3000,3000,3000,"fast","control_informative",0.05,5,0.01,"","mirage_joint","trait1","pp08_power",0.8,0.28
20260828,16,500,15,3000,3000,3000,3000,"fast","control_informative",0.05,5,0.01,"","mirage_joint","trait1","pp08_fdp",0.8,0.3
20260828,16,500,15,3000,3000,3000,3000,"fast","control_informative",0.05,5,0.01,"","mirage_joint","trait1","pp08_discoveries",0.8,10
20260828,16,500,15,3000,3000,3000,3000,"fast","control_informative",0.05,5,0.01,"","mirage_joint","trait2","pp08_power",0.8,0.1
20260828,16,500,15,3000,3000,3000,3000,"fast","control_informative",0.05,5,0.01,"","mirage_joint","trait2","pp08_fdp",0.8,0.5
20260828,16,500,15,3000,3000,3000,3000,"fast","control_informative",0.05,5,0.01,"","mirage_joint","trait2","pp08_discoveries",0.8,2
20260828,16,500,15,3000,3000,3000,3000,"fast","control_informative",0.05,5,0.01,"","mirage_joint","pleiotropy","pp08_power",0.8,0.2
20260828,16,500,15,3000,3000,3000,3000,"fast","control_informative",0.05,5,0.01,"","mirage_joint","pleiotropy","pp08_fdp",0.8,0
20260828,16,500,15,3000,3000,3000,3000,"fast","control_informative",0.05,5,0.01,"","mirage_joint","pleiotropy","pp08_discoveries",0.8,1
20260828,16,500,15,3000,3000,3000,3000,"fast","control_informative",0.05,5,0.01,"","mirage_joint","trait1","bfdr_observed_fdp",0.01,0
20260828,16,500,15,3000,3000,3000,3000,"fast","control_informative",0.05,5,0.01,"","mirage_joint","trait1","bfdr_estimate",0.01,0.00311606138026344
20260828,16,500,15,3000,3000,3000,3000,"fast","control_informative",0.05,5,0.01,"","mirage_joint","trait1","bfdr_power",0.01,0.16
20260828,16,500,15,3000,3000,3000,3000,"fast","control_informative",0.05,5,0.01,"","mirage_joint","trait1","bfdr_discoveries",0.01,4
20260828,16,500,15,3000,3000,3000,3000,"fast","control_informative",0.05,5,0.01,"","mirage_joint","trait1","bfdr_observed_fdp",0.05,0.142857142857143
20260828,16,500,15,3000,3000,3000,3000,"fast","control_informative",0.05,5,0.01,"","mirage_joint","trait1","bfdr_estimate",0.05,0.0488995640958014
20260828,16,500,15,3000,3000,3000,3000,"fast","control_informative",0.05,5,0.01,"","mirage_joint","trait1","bfdr_power",0.05,0.24
20260828,16,500,15,3000,3000,3000,3000,"fast","control_informative",0.05,5,0.01,"","mirage_joint","trait1","bfdr_discoveries",0.05,7
20260828,16,500,15,3000,3000,3000,3000,"fast","control_informative",0.05,5,0.01,"","mirage_joint","trait1","bfdr_observed_fdp",0.1,0.272727272727273
20260828,16,500,15,3000,3000,3000,3000,"fast","control_informative",0.05,5,0.01,"","mirage_joint","trait1","bfdr_estimate",0.1,0.0986266033751731
20260828,16,500,15,3000,3000,3000,3000,"fast","control_informative",0.05,5,0.01,"","mirage_joint","trait1","bfdr_power",0.1,0.32
20260828,16,500,15,3000,3000,3000,3000,"fast","control_informative",0.05,5,0.01,"","mirage_joint","trait1","bfdr_discoveries",0.1,11
20260828,16,500,15,3000,3000,3000,3000,"fast","control_informative",0.05,5,0.01,"","mirage_joint","trait1","bfdr_observed_fdp",0.2,0.5
20260828,16,500,15,3000,3000,3000,3000,"fast","control_informative",0.05,5,0.01,"","mirage_joint","trait1","bfdr_estimate",0.2,0.18596714598798
20260828,16,500,15,3000,3000,3000,3000,"fast","control_informative",0.05,5,0.01,"","mirage_joint","trait1","bfdr_power",0.2,0.32
20260828,16,500,15,3000,3000,3000,3000,"fast","control_informative",0.05,5,0.01,"","mirage_joint","trait1","bfdr_discoveries",0.2,16
20260828,16,500,15,3000,3000,3000,3000,"fast","control_informative",0.05,5,0.01,"","mirage_joint","trait2","bfdr_observed_fdp",0.01,0
20260828,16,500,15,3000,3000,3000,3000,"fast","control_informative",0.05,5,0.01,"","mirage_joint","trait2","bfdr_estimate",0.01,0
20260828,16,500,15,3000,3000,3000,3000,"fast","control_informative",0.05,5,0.01,"","mirage_joint","trait2","bfdr_power",0.01,0
20260828,16,500,15,3000,3000,3000,3000,"fast","control_informative",0.05,5,0.01,"","mirage_joint","trait2","bfdr_discoveries",0.01,0
20260828,16,500,15,3000,3000,3000,3000,"fast","control_informative",0.05,5,0.01,"","mirage_joint","trait2","bfdr_observed_fdp",0.05,0
20260828,16,500,15,3000,3000,3000,3000,"fast","control_informative",0.05,5,0.01,"","mirage_joint","trait2","bfdr_estimate",0.05,0
20260828,16,500,15,3000,3000,3000,3000,"fast","control_informative",0.05,5,0.01,"","mirage_joint","trait2","bfdr_power",0.05,0
20260828,16,500,15,3000,3000,3000,3000,"fast","control_informative",0.05,5,0.01,"","mirage_joint","trait2","bfdr_discoveries",0.05,0
20260828,16,500,15,3000,3000,3000,3000,"fast","control_informative",0.05,5,0.01,"","mirage_joint","trait2","bfdr_observed_fdp",0.1,0
20260828,16,500,15,3000,3000,3000,3000,"fast","control_informative",0.05,5,0.01,"","mirage_joint","trait2","bfdr_estimate",0.1,0
20260828,16,500,15,3000,3000,3000,3000,"fast","control_informative",0.05,5,0.01,"","mirage_joint","trait2","bfdr_power",0.1,0
20260828,16,500,15,3000,3000,3000,3000,"fast","control_informative",0.05,5,0.01,"","mirage_joint","trait2","bfdr_discoveries",0.1,0
20260828,16,500,15,3000,3000,3000,3000,"fast","control_informative",0.05,5,0.01,"","mirage_joint","trait2","bfdr_observed_fdp",0.2,0.5
20260828,16,500,15,3000,3000,3000,3000,"fast","control_informative",0.05,5,0.01,"","mirage_joint","trait2","bfdr_estimate",0.2,0.187268700705284
20260828,16,500,15,3000,3000,3000,3000,"fast","control_informative",0.05,5,0.01,"","mirage_joint","trait2","bfdr_power",0.2,0.1
20260828,16,500,15,3000,3000,3000,3000,"fast","control_informative",0.05,5,0.01,"","mirage_joint","trait2","bfdr_discoveries",0.2,2
20260828,16,500,15,3000,3000,3000,3000,"fast","control_informative",0.05,5,0.01,"","mirage_joint","pleiotropy","bfdr_observed_fdp",0.01,0
20260828,16,500,15,3000,3000,3000,3000,"fast","control_informative",0.05,5,0.01,"","mirage_joint","pleiotropy","bfdr_estimate",0.01,0
20260828,16,500,15,3000,3000,3000,3000,"fast","control_informative",0.05,5,0.01,"","mirage_joint","pleiotropy","bfdr_power",0.01,0
20260828,16,500,15,3000,3000,3000,3000,"fast","control_informative",0.05,5,0.01,"","mirage_joint","pleiotropy","bfdr_discoveries",0.01,0
20260828,16,500,15,3000,3000,3000,3000,"fast","control_informative",0.05,5,0.01,"","mirage_joint","pleiotropy","bfdr_observed_fdp",0.05,0
20260828,16,500,15,3000,3000,3000,3000,"fast","control_informative",0.05,5,0.01,"","mirage_joint","pleiotropy","bfdr_estimate",0.05,0
20260828,16,500,15,3000,3000,3000,3000,"fast","control_informative",0.05,5,0.01,"","mirage_joint","pleiotropy","bfdr_power",0.05,0
20260828,16,500,15,3000,3000,3000,3000,"fast","control_informative",0.05,5,0.01,"","mirage_joint","pleiotropy","bfdr_discoveries",0.05,0
20260828,16,500,15,3000,3000,3000,3000,"fast","control_informative",0.05,5,0.01,"","mirage_joint","pleiotropy","bfdr_observed_fdp",0.1,0
20260828,16,500,15,3000,3000,3000,3000,"fast","control_informative",0.05,5,0.01,"","mirage_joint","pleiotropy","bfdr_estimate",0.1,0
20260828,16,500,15,3000,3000,3000,3000,"fast","control_informative",0.05,5,0.01,"","mirage_joint","pleiotropy","bfdr_power",0.1,0
20260828,16,500,15,3000,3000,3000,3000,"fast","control_informative",0.05,5,0.01,"","mirage_joint","pleiotropy","bfdr_discoveries",0.1,0
20260828,16,500,15,3000,3000,3000,3000,"fast","control_informative",0.05,5,0.01,"","mirage_joint","pleiotropy","bfdr_observed_fdp",0.2,0
20260828,16,500,15,3000,3000,3000,3000,"fast","control_informative",0.05,5,0.01,"","mirage_joint","pleiotropy","bfdr_estimate",0.2,0.197974429903554
20260828,16,500,15,3000,3000,3000,3000,"fast","control_informative",0.05,5,0.01,"","mirage_joint","pleiotropy","bfdr_power",0.2,0.2
20260828,16,500,15,3000,3000,3000,3000,"fast","control_informative",0.05,5,0.01,"","mirage_joint","pleiotropy","bfdr_discoveries",0.2,1
20260828,16,500,15,3000,3000,3000,3000,"fast","control_informative",0.05,5,0.01,"","mirage_joint","global","runtime_seconds",NA,18.054
20260828,16,500,15,3000,3000,3000,3000,"fast","control_informative",0.05,5,0.01,"","mirage_joint","pleiotropy","pi11_estimate",NA,0.058326473235813
20260828,16,500,15,3000,3000,3000,3000,"fast","control_informative",0.05,5,0.01,"","separate_mirage","trait1","auc",NA,0.740126315789474
20260828,16,500,15,3000,3000,3000,3000,"fast","control_informative",0.05,5,0.01,"","separate_mirage","trait2","auc",NA,0.586938775510204
20260828,16,500,15,3000,3000,3000,3000,"fast","control_informative",0.05,5,0.01,"","separate_mirage","pleiotropy","auc",NA,0.700606060606061
20260828,16,500,15,3000,3000,3000,3000,"fast","control_informative",0.05,5,0.01,"","separate_mirage","trait1","pp08_power",0.8,0.2
20260828,16,500,15,3000,3000,3000,3000,"fast","control_informative",0.05,5,0.01,"","separate_mirage","trait1","pp08_fdp",0.8,0.166666666666667
20260828,16,500,15,3000,3000,3000,3000,"fast","control_informative",0.05,5,0.01,"","separate_mirage","trait1","pp08_discoveries",0.8,6
20260828,16,500,15,3000,3000,3000,3000,"fast","control_informative",0.05,5,0.01,"","separate_mirage","trait2","pp08_power",0.8,0
20260828,16,500,15,3000,3000,3000,3000,"fast","control_informative",0.05,5,0.01,"","separate_mirage","trait2","pp08_fdp",0.8,1
20260828,16,500,15,3000,3000,3000,3000,"fast","control_informative",0.05,5,0.01,"","separate_mirage","trait2","pp08_discoveries",0.8,1
20260828,16,500,15,3000,3000,3000,3000,"fast","control_informative",0.05,5,0.01,"","separate_mirage","pleiotropy","pp08_power",0.8,0
20260828,16,500,15,3000,3000,3000,3000,"fast","control_informative",0.05,5,0.01,"","separate_mirage","pleiotropy","pp08_fdp",0.8,0
20260828,16,500,15,3000,3000,3000,3000,"fast","control_informative",0.05,5,0.01,"","separate_mirage","pleiotropy","pp08_discoveries",0.8,0
20260828,16,500,15,3000,3000,3000,3000,"fast","control_informative",0.05,5,0.01,"","separate_mirage","trait1","bfdr_observed_fdp",0.01,0
20260828,16,500,15,3000,3000,3000,3000,"fast","control_informative",0.05,5,0.01,"","separate_mirage","trait1","bfdr_estimate",0.01,0.0096579803872672
20260828,16,500,15,3000,3000,3000,3000,"fast","control_informative",0.05,5,0.01,"","separate_mirage","trait1","bfdr_power",0.01,0.16
20260828,16,500,15,3000,3000,3000,3000,"fast","control_informative",0.05,5,0.01,"","separate_mirage","trait1","bfdr_discoveries",0.01,4
20260828,16,500,15,3000,3000,3000,3000,"fast","control_informative",0.05,5,0.01,"","separate_mirage","trait1","bfdr_observed_fdp",0.05,0.2
20260828,16,500,15,3000,3000,3000,3000,"fast","control_informative",0.05,5,0.01,"","separate_mirage","trait1","bfdr_estimate",0.05,0.0282732974379306
20260828,16,500,15,3000,3000,3000,3000,"fast","control_informative",0.05,5,0.01,"","separate_mirage","trait1","bfdr_power",0.05,0.16
20260828,16,500,15,3000,3000,3000,3000,"fast","control_informative",0.05,5,0.01,"","separate_mirage","trait1","bfdr_discoveries",0.05,5
20260828,16,500,15,3000,3000,3000,3000,"fast","control_informative",0.05,5,0.01,"","separate_mirage","trait1","bfdr_observed_fdp",0.1,0.142857142857143
20260828,16,500,15,3000,3000,3000,3000,"fast","control_informative",0.05,5,0.01,"","separate_mirage","trait1","bfdr_estimate",0.1,0.0817431093019215
20260828,16,500,15,3000,3000,3000,3000,"fast","control_informative",0.05,5,0.01,"","separate_mirage","trait1","bfdr_power",0.1,0.24
20260828,16,500,15,3000,3000,3000,3000,"fast","control_informative",0.05,5,0.01,"","separate_mirage","trait1","bfdr_discoveries",0.1,7
20260828,16,500,15,3000,3000,3000,3000,"fast","control_informative",0.05,5,0.01,"","separate_mirage","trait1","bfdr_observed_fdp",0.2,0.3
20260828,16,500,15,3000,3000,3000,3000,"fast","control_informative",0.05,5,0.01,"","separate_mirage","trait1","bfdr_estimate",0.2,0.171198969159814
20260828,16,500,15,3000,3000,3000,3000,"fast","control_informative",0.05,5,0.01,"","separate_mirage","trait1","bfdr_power",0.2,0.28
20260828,16,500,15,3000,3000,3000,3000,"fast","control_informative",0.05,5,0.01,"","separate_mirage","trait1","bfdr_discoveries",0.2,10
20260828,16,500,15,3000,3000,3000,3000,"fast","control_informative",0.05,5,0.01,"","separate_mirage","trait2","bfdr_observed_fdp",0.01,0
20260828,16,500,15,3000,3000,3000,3000,"fast","control_informative",0.05,5,0.01,"","separate_mirage","trait2","bfdr_estimate",0.01,0
20260828,16,500,15,3000,3000,3000,3000,"fast","control_informative",0.05,5,0.01,"","separate_mirage","trait2","bfdr_power",0.01,0
20260828,16,500,15,3000,3000,3000,3000,"fast","control_informative",0.05,5,0.01,"","separate_mirage","trait2","bfdr_discoveries",0.01,0
20260828,16,500,15,3000,3000,3000,3000,"fast","control_informative",0.05,5,0.01,"","separate_mirage","trait2","bfdr_observed_fdp",0.05,0
20260828,16,500,15,3000,3000,3000,3000,"fast","control_informative",0.05,5,0.01,"","separate_mirage","trait2","bfdr_estimate",0.05,0
20260828,16,500,15,3000,3000,3000,3000,"fast","control_informative",0.05,5,0.01,"","separate_mirage","trait2","bfdr_power",0.05,0
20260828,16,500,15,3000,3000,3000,3000,"fast","control_informative",0.05,5,0.01,"","separate_mirage","trait2","bfdr_discoveries",0.05,0
20260828,16,500,15,3000,3000,3000,3000,"fast","control_informative",0.05,5,0.01,"","separate_mirage","trait2","bfdr_observed_fdp",0.1,0
20260828,16,500,15,3000,3000,3000,3000,"fast","control_informative",0.05,5,0.01,"","separate_mirage","trait2","bfdr_estimate",0.1,0
20260828,16,500,15,3000,3000,3000,3000,"fast","control_informative",0.05,5,0.01,"","separate_mirage","trait2","bfdr_power",0.1,0
20260828,16,500,15,3000,3000,3000,3000,"fast","control_informative",0.05,5,0.01,"","separate_mirage","trait2","bfdr_discoveries",0.1,0
20260828,16,500,15,3000,3000,3000,3000,"fast","control_informative",0.05,5,0.01,"","separate_mirage","trait2","bfdr_observed_fdp",0.2,1
20260828,16,500,15,3000,3000,3000,3000,"fast","control_informative",0.05,5,0.01,"","separate_mirage","trait2","bfdr_estimate",0.2,0.173836234819579
20260828,16,500,15,3000,3000,3000,3000,"fast","control_informative",0.05,5,0.01,"","separate_mirage","trait2","bfdr_power",0.2,0
20260828,16,500,15,3000,3000,3000,3000,"fast","control_informative",0.05,5,0.01,"","separate_mirage","trait2","bfdr_discoveries",0.2,1
20260828,16,500,15,3000,3000,3000,3000,"fast","control_informative",0.05,5,0.01,"","separate_mirage","pleiotropy","bfdr_observed_fdp",0.01,0
20260828,16,500,15,3000,3000,3000,3000,"fast","control_informative",0.05,5,0.01,"","separate_mirage","pleiotropy","bfdr_estimate",0.01,0
20260828,16,500,15,3000,3000,3000,3000,"fast","control_informative",0.05,5,0.01,"","separate_mirage","pleiotropy","bfdr_power",0.01,0
20260828,16,500,15,3000,3000,3000,3000,"fast","control_informative",0.05,5,0.01,"","separate_mirage","pleiotropy","bfdr_discoveries",0.01,0
20260828,16,500,15,3000,3000,3000,3000,"fast","control_informative",0.05,5,0.01,"","separate_mirage","pleiotropy","bfdr_observed_fdp",0.05,0
20260828,16,500,15,3000,3000,3000,3000,"fast","control_informative",0.05,5,0.01,"","separate_mirage","pleiotropy","bfdr_estimate",0.05,0
20260828,16,500,15,3000,3000,3000,3000,"fast","control_informative",0.05,5,0.01,"","separate_mirage","pleiotropy","bfdr_power",0.05,0
20260828,16,500,15,3000,3000,3000,3000,"fast","control_informative",0.05,5,0.01,"","separate_mirage","pleiotropy","bfdr_discoveries",0.05,0
20260828,16,500,15,3000,3000,3000,3000,"fast","control_informative",0.05,5,0.01,"","separate_mirage","pleiotropy","bfdr_observed_fdp",0.1,0
20260828,16,500,15,3000,3000,3000,3000,"fast","control_informative",0.05,5,0.01,"","separate_mirage","pleiotropy","bfdr_estimate",0.1,0
20260828,16,500,15,3000,3000,3000,3000,"fast","control_informative",0.05,5,0.01,"","separate_mirage","pleiotropy","bfdr_power",0.1,0
20260828,16,500,15,3000,3000,3000,3000,"fast","control_informative",0.05,5,0.01,"","separate_mirage","pleiotropy","bfdr_discoveries",0.1,0
20260828,16,500,15,3000,3000,3000,3000,"fast","control_informative",0.05,5,0.01,"","separate_mirage","pleiotropy","bfdr_observed_fdp",0.2,0
20260828,16,500,15,3000,3000,3000,3000,"fast","control_informative",0.05,5,0.01,"","separate_mirage","pleiotropy","bfdr_estimate",0.2,0
20260828,16,500,15,3000,3000,3000,3000,"fast","control_informative",0.05,5,0.01,"","separate_mirage","pleiotropy","bfdr_power",0.2,0
20260828,16,500,15,3000,3000,3000,3000,"fast","control_informative",0.05,5,0.01,"","separate_mirage","pleiotropy","bfdr_discoveries",0.2,0
20260828,16,500,15,3000,3000,3000,3000,"fast","control_informative",0.05,5,0.01,"","separate_mirage","global","runtime_seconds",NA,18.01
20260828,16,500,15,3000,3000,3000,3000,"fast","control_informative",0.05,5,0.01,"","separate_mirage","pleiotropy","pi11_estimate",NA,0.001
20260828,16,500,15,3000,3000,3000,3000,"fast","control_informative",0.05,5,0.01,"","mtada_aggregated","trait1","auc",NA,0.754105263157895
20260828,16,500,15,3000,3000,3000,3000,"fast","control_informative",0.05,5,0.01,"","mtada_aggregated","trait2","auc",NA,0.706326530612245
20260828,16,500,15,3000,3000,3000,3000,"fast","control_informative",0.05,5,0.01,"","mtada_aggregated","pleiotropy","auc",NA,0.786666666666667
20260828,16,500,15,3000,3000,3000,3000,"fast","control_informative",0.05,5,0.01,"","mtada_aggregated","trait1","pp08_power",0.8,0.28
20260828,16,500,15,3000,3000,3000,3000,"fast","control_informative",0.05,5,0.01,"","mtada_aggregated","trait1","pp08_fdp",0.8,0.833333333333333
20260828,16,500,15,3000,3000,3000,3000,"fast","control_informative",0.05,5,0.01,"","mtada_aggregated","trait1","pp08_discoveries",0.8,42
20260828,16,500,15,3000,3000,3000,3000,"fast","control_informative",0.05,5,0.01,"","mtada_aggregated","trait2","pp08_power",0.8,0.3
20260828,16,500,15,3000,3000,3000,3000,"fast","control_informative",0.05,5,0.01,"","mtada_aggregated","trait2","pp08_fdp",0.8,0.903225806451613
20260828,16,500,15,3000,3000,3000,3000,"fast","control_informative",0.05,5,0.01,"","mtada_aggregated","trait2","pp08_discoveries",0.8,31
20260828,16,500,15,3000,3000,3000,3000,"fast","control_informative",0.05,5,0.01,"","mtada_aggregated","pleiotropy","pp08_power",0.8,0.2
20260828,16,500,15,3000,3000,3000,3000,"fast","control_informative",0.05,5,0.01,"","mtada_aggregated","pleiotropy","pp08_fdp",0.8,0.75
20260828,16,500,15,3000,3000,3000,3000,"fast","control_informative",0.05,5,0.01,"","mtada_aggregated","pleiotropy","pp08_discoveries",0.8,4
20260828,16,500,15,3000,3000,3000,3000,"fast","control_informative",0.05,5,0.01,"","mtada_aggregated","trait1","bfdr_observed_fdp",0.01,0.82051282051282
20260828,16,500,15,3000,3000,3000,3000,"fast","control_informative",0.05,5,0.01,"","mtada_aggregated","trait1","bfdr_estimate",0.01,0.00732938147587747
20260828,16,500,15,3000,3000,3000,3000,"fast","control_informative",0.05,5,0.01,"","mtada_aggregated","trait1","bfdr_power",0.01,0.28
20260828,16,500,15,3000,3000,3000,3000,"fast","control_informative",0.05,5,0.01,"","mtada_aggregated","trait1","bfdr_discoveries",0.01,39
20260828,16,500,15,3000,3000,3000,3000,"fast","control_informative",0.05,5,0.01,"","mtada_aggregated","trait1","bfdr_observed_fdp",0.05,0.851063829787234
20260828,16,500,15,3000,3000,3000,3000,"fast","control_informative",0.05,5,0.01,"","mtada_aggregated","trait1","bfdr_estimate",0.05,0.0444049513435302
20260828,16,500,15,3000,3000,3000,3000,"fast","control_informative",0.05,5,0.01,"","mtada_aggregated","trait1","bfdr_power",0.05,0.28
20260828,16,500,15,3000,3000,3000,3000,"fast","control_informative",0.05,5,0.01,"","mtada_aggregated","trait1","bfdr_discoveries",0.05,47
20260828,16,500,15,3000,3000,3000,3000,"fast","control_informative",0.05,5,0.01,"","mtada_aggregated","trait1","bfdr_observed_fdp",0.1,0.851851851851852
20260828,16,500,15,3000,3000,3000,3000,"fast","control_informative",0.05,5,0.01,"","mtada_aggregated","trait1","bfdr_estimate",0.1,0.0940940931615063
20260828,16,500,15,3000,3000,3000,3000,"fast","control_informative",0.05,5,0.01,"","mtada_aggregated","trait1","bfdr_power",0.1,0.32
20260828,16,500,15,3000,3000,3000,3000,"fast","control_informative",0.05,5,0.01,"","mtada_aggregated","trait1","bfdr_discoveries",0.1,54
20260828,16,500,15,3000,3000,3000,3000,"fast","control_informative",0.05,5,0.01,"","mtada_aggregated","trait1","bfdr_observed_fdp",0.2,0.855072463768116
20260828,16,500,15,3000,3000,3000,3000,"fast","control_informative",0.05,5,0.01,"","mtada_aggregated","trait1","bfdr_estimate",0.2,0.193403275365429
20260828,16,500,15,3000,3000,3000,3000,"fast","control_informative",0.05,5,0.01,"","mtada_aggregated","trait1","bfdr_power",0.2,0.4
20260828,16,500,15,3000,3000,3000,3000,"fast","control_informative",0.05,5,0.01,"","mtada_aggregated","trait1","bfdr_discoveries",0.2,69
20260828,16,500,15,3000,3000,3000,3000,"fast","control_informative",0.05,5,0.01,"","mtada_aggregated","trait2","bfdr_observed_fdp",0.01,0.896551724137931
20260828,16,500,15,3000,3000,3000,3000,"fast","control_informative",0.05,5,0.01,"","mtada_aggregated","trait2","bfdr_estimate",0.01,0.00762368143740472
20260828,16,500,15,3000,3000,3000,3000,"fast","control_informative",0.05,5,0.01,"","mtada_aggregated","trait2","bfdr_power",0.01,0.3
20260828,16,500,15,3000,3000,3000,3000,"fast","control_informative",0.05,5,0.01,"","mtada_aggregated","trait2","bfdr_discoveries",0.01,29
20260828,16,500,15,3000,3000,3000,3000,"fast","control_informative",0.05,5,0.01,"","mtada_aggregated","trait2","bfdr_observed_fdp",0.05,0.914285714285714
20260828,16,500,15,3000,3000,3000,3000,"fast","control_informative",0.05,5,0.01,"","mtada_aggregated","trait2","bfdr_estimate",0.05,0.0477979626020527
20260828,16,500,15,3000,3000,3000,3000,"fast","control_informative",0.05,5,0.01,"","mtada_aggregated","trait2","bfdr_power",0.05,0.3
20260828,16,500,15,3000,3000,3000,3000,"fast","control_informative",0.05,5,0.01,"","mtada_aggregated","trait2","bfdr_discoveries",0.05,35
20260828,16,500,15,3000,3000,3000,3000,"fast","control_informative",0.05,5,0.01,"","mtada_aggregated","trait2","bfdr_observed_fdp",0.1,0.925
20260828,16,500,15,3000,3000,3000,3000,"fast","control_informative",0.05,5,0.01,"","mtada_aggregated","trait2","bfdr_estimate",0.1,0.0907415937831548
20260828,16,500,15,3000,3000,3000,3000,"fast","control_informative",0.05,5,0.01,"","mtada_aggregated","trait2","bfdr_power",0.1,0.3
20260828,16,500,15,3000,3000,3000,3000,"fast","control_informative",0.05,5,0.01,"","mtada_aggregated","trait2","bfdr_discoveries",0.1,40
20260828,16,500,15,3000,3000,3000,3000,"fast","control_informative",0.05,5,0.01,"","mtada_aggregated","trait2","bfdr_observed_fdp",0.2,0.9375
20260828,16,500,15,3000,3000,3000,3000,"fast","control_informative",0.05,5,0.01,"","mtada_aggregated","trait2","bfdr_estimate",0.2,0.188558105712594
20260828,16,500,15,3000,3000,3000,3000,"fast","control_informative",0.05,5,0.01,"","mtada_aggregated","trait2","bfdr_power",0.2,0.3
20260828,16,500,15,3000,3000,3000,3000,"fast","control_informative",0.05,5,0.01,"","mtada_aggregated","trait2","bfdr_discoveries",0.2,48
20260828,16,500,15,3000,3000,3000,3000,"fast","control_informative",0.05,5,0.01,"","mtada_aggregated","pleiotropy","bfdr_observed_fdp",0.01,0.75
20260828,16,500,15,3000,3000,3000,3000,"fast","control_informative",0.05,5,0.01,"","mtada_aggregated","pleiotropy","bfdr_estimate",0.01,0.00607177290742039
20260828,16,500,15,3000,3000,3000,3000,"fast","control_informative",0.05,5,0.01,"","mtada_aggregated","pleiotropy","bfdr_power",0.01,0.2
20260828,16,500,15,3000,3000,3000,3000,"fast","control_informative",0.05,5,0.01,"","mtada_aggregated","pleiotropy","bfdr_discoveries",0.01,4
20260828,16,500,15,3000,3000,3000,3000,"fast","control_informative",0.05,5,0.01,"","mtada_aggregated","pleiotropy","bfdr_observed_fdp",0.05,0.75
20260828,16,500,15,3000,3000,3000,3000,"fast","control_informative",0.05,5,0.01,"","mtada_aggregated","pleiotropy","bfdr_estimate",0.05,0.00607177290742039
20260828,16,500,15,3000,3000,3000,3000,"fast","control_informative",0.05,5,0.01,"","mtada_aggregated","pleiotropy","bfdr_power",0.05,0.2
20260828,16,500,15,3000,3000,3000,3000,"fast","control_informative",0.05,5,0.01,"","mtada_aggregated","pleiotropy","bfdr_discoveries",0.05,4
20260828,16,500,15,3000,3000,3000,3000,"fast","control_informative",0.05,5,0.01,"","mtada_aggregated","pleiotropy","bfdr_observed_fdp",0.1,0.8
20260828,16,500,15,3000,3000,3000,3000,"fast","control_informative",0.05,5,0.01,"","mtada_aggregated","pleiotropy","bfdr_estimate",0.1,0.0719056448391915
20260828,16,500,15,3000,3000,3000,3000,"fast","control_informative",0.05,5,0.01,"","mtada_aggregated","pleiotropy","bfdr_power",0.1,0.2
20260828,16,500,15,3000,3000,3000,3000,"fast","control_informative",0.05,5,0.01,"","mtada_aggregated","pleiotropy","bfdr_discoveries",0.1,5
20260828,16,500,15,3000,3000,3000,3000,"fast","control_informative",0.05,5,0.01,"","mtada_aggregated","pleiotropy","bfdr_observed_fdp",0.2,0.857142857142857
20260828,16,500,15,3000,3000,3000,3000,"fast","control_informative",0.05,5,0.01,"","mtada_aggregated","pleiotropy","bfdr_estimate",0.2,0.1855717480591
20260828,16,500,15,3000,3000,3000,3000,"fast","control_informative",0.05,5,0.01,"","mtada_aggregated","pleiotropy","bfdr_power",0.2,0.2
20260828,16,500,15,3000,3000,3000,3000,"fast","control_informative",0.05,5,0.01,"","mtada_aggregated","pleiotropy","bfdr_discoveries",0.2,7
20260828,16,500,15,3000,3000,3000,3000,"fast","control_informative",0.05,5,0.01,"","mtada_aggregated","global","runtime_seconds",NA,0.711999999999989
20260828,16,500,15,3000,3000,3000,3000,"fast","control_informative",0.05,5,0.01,"","mtada_aggregated","pleiotropy","pi11_estimate",NA,0.00246574
20260829,17,500,15,3000,3000,3000,3000,"fast","control_informative",0.05,5,0.01,"","mirage_joint","trait1","auc",NA,0.635621052631579
20260829,17,500,15,3000,3000,3000,3000,"fast","control_informative",0.05,5,0.01,"","mirage_joint","trait2","auc",NA,0.710408163265306
20260829,17,500,15,3000,3000,3000,3000,"fast","control_informative",0.05,5,0.01,"","mirage_joint","pleiotropy","auc",NA,0.728888888888889
20260829,17,500,15,3000,3000,3000,3000,"fast","control_informative",0.05,5,0.01,"","mirage_joint","trait1","pp08_power",0.8,0.16
20260829,17,500,15,3000,3000,3000,3000,"fast","control_informative",0.05,5,0.01,"","mirage_joint","trait1","pp08_fdp",0.8,0.2
20260829,17,500,15,3000,3000,3000,3000,"fast","control_informative",0.05,5,0.01,"","mirage_joint","trait1","pp08_discoveries",0.8,5
20260829,17,500,15,3000,3000,3000,3000,"fast","control_informative",0.05,5,0.01,"","mirage_joint","trait2","pp08_power",0.8,0.2
20260829,17,500,15,3000,3000,3000,3000,"fast","control_informative",0.05,5,0.01,"","mirage_joint","trait2","pp08_fdp",0.8,0
20260829,17,500,15,3000,3000,3000,3000,"fast","control_informative",0.05,5,0.01,"","mirage_joint","trait2","pp08_discoveries",0.8,2
20260829,17,500,15,3000,3000,3000,3000,"fast","control_informative",0.05,5,0.01,"","mirage_joint","pleiotropy","pp08_power",0.8,0
20260829,17,500,15,3000,3000,3000,3000,"fast","control_informative",0.05,5,0.01,"","mirage_joint","pleiotropy","pp08_fdp",0.8,0
20260829,17,500,15,3000,3000,3000,3000,"fast","control_informative",0.05,5,0.01,"","mirage_joint","pleiotropy","pp08_discoveries",0.8,0
20260829,17,500,15,3000,3000,3000,3000,"fast","control_informative",0.05,5,0.01,"","mirage_joint","trait1","bfdr_observed_fdp",0.01,0
20260829,17,500,15,3000,3000,3000,3000,"fast","control_informative",0.05,5,0.01,"","mirage_joint","trait1","bfdr_estimate",0.01,0.00331747472802291
20260829,17,500,15,3000,3000,3000,3000,"fast","control_informative",0.05,5,0.01,"","mirage_joint","trait1","bfdr_power",0.01,0.04
20260829,17,500,15,3000,3000,3000,3000,"fast","control_informative",0.05,5,0.01,"","mirage_joint","trait1","bfdr_discoveries",0.01,1
20260829,17,500,15,3000,3000,3000,3000,"fast","control_informative",0.05,5,0.01,"","mirage_joint","trait1","bfdr_observed_fdp",0.05,0
20260829,17,500,15,3000,3000,3000,3000,"fast","control_informative",0.05,5,0.01,"","mirage_joint","trait1","bfdr_estimate",0.05,0.0363686839300097
20260829,17,500,15,3000,3000,3000,3000,"fast","control_informative",0.05,5,0.01,"","mirage_joint","trait1","bfdr_power",0.05,0.16
20260829,17,500,15,3000,3000,3000,3000,"fast","control_informative",0.05,5,0.01,"","mirage_joint","trait1","bfdr_discoveries",0.05,4
20260829,17,500,15,3000,3000,3000,3000,"fast","control_informative",0.05,5,0.01,"","mirage_joint","trait1","bfdr_observed_fdp",0.1,0.333333333333333
20260829,17,500,15,3000,3000,3000,3000,"fast","control_informative",0.05,5,0.01,"","mirage_joint","trait1","bfdr_estimate",0.1,0.0887733627245422
20260829,17,500,15,3000,3000,3000,3000,"fast","control_informative",0.05,5,0.01,"","mirage_joint","trait1","bfdr_power",0.1,0.16
20260829,17,500,15,3000,3000,3000,3000,"fast","control_informative",0.05,5,0.01,"","mirage_joint","trait1","bfdr_discoveries",0.1,6
20260829,17,500,15,3000,3000,3000,3000,"fast","control_informative",0.05,5,0.01,"","mirage_joint","trait1","bfdr_observed_fdp",0.2,0.444444444444444
20260829,17,500,15,3000,3000,3000,3000,"fast","control_informative",0.05,5,0.01,"","mirage_joint","trait1","bfdr_estimate",0.2,0.19258734680029
20260829,17,500,15,3000,3000,3000,3000,"fast","control_informative",0.05,5,0.01,"","mirage_joint","trait1","bfdr_power",0.2,0.2
20260829,17,500,15,3000,3000,3000,3000,"fast","control_informative",0.05,5,0.01,"","mirage_joint","trait1","bfdr_discoveries",0.2,9
20260829,17,500,15,3000,3000,3000,3000,"fast","control_informative",0.05,5,0.01,"","mirage_joint","trait2","bfdr_observed_fdp",0.01,0
20260829,17,500,15,3000,3000,3000,3000,"fast","control_informative",0.05,5,0.01,"","mirage_joint","trait2","bfdr_estimate",0.01,1.30733118774984e-08
20260829,17,500,15,3000,3000,3000,3000,"fast","control_informative",0.05,5,0.01,"","mirage_joint","trait2","bfdr_power",0.01,0.1
20260829,17,500,15,3000,3000,3000,3000,"fast","control_informative",0.05,5,0.01,"","mirage_joint","trait2","bfdr_discoveries",0.01,1
20260829,17,500,15,3000,3000,3000,3000,"fast","control_informative",0.05,5,0.01,"","mirage_joint","trait2","bfdr_observed_fdp",0.05,0
20260829,17,500,15,3000,3000,3000,3000,"fast","control_informative",0.05,5,0.01,"","mirage_joint","trait2","bfdr_estimate",0.05,0.046250971415955
20260829,17,500,15,3000,3000,3000,3000,"fast","control_informative",0.05,5,0.01,"","mirage_joint","trait2","bfdr_power",0.05,0.2
20260829,17,500,15,3000,3000,3000,3000,"fast","control_informative",0.05,5,0.01,"","mirage_joint","trait2","bfdr_discoveries",0.05,2
20260829,17,500,15,3000,3000,3000,3000,"fast","control_informative",0.05,5,0.01,"","mirage_joint","trait2","bfdr_observed_fdp",0.1,0
20260829,17,500,15,3000,3000,3000,3000,"fast","control_informative",0.05,5,0.01,"","mirage_joint","trait2","bfdr_estimate",0.1,0.046250971415955
20260829,17,500,15,3000,3000,3000,3000,"fast","control_informative",0.05,5,0.01,"","mirage_joint","trait2","bfdr_power",0.1,0.2
20260829,17,500,15,3000,3000,3000,3000,"fast","control_informative",0.05,5,0.01,"","mirage_joint","trait2","bfdr_discoveries",0.1,2
20260829,17,500,15,3000,3000,3000,3000,"fast","control_informative",0.05,5,0.01,"","mirage_joint","trait2","bfdr_observed_fdp",0.2,0
20260829,17,500,15,3000,3000,3000,3000,"fast","control_informative",0.05,5,0.01,"","mirage_joint","trait2","bfdr_estimate",0.2,0.046250971415955
20260829,17,500,15,3000,3000,3000,3000,"fast","control_informative",0.05,5,0.01,"","mirage_joint","trait2","bfdr_power",0.2,0.2
20260829,17,500,15,3000,3000,3000,3000,"fast","control_informative",0.05,5,0.01,"","mirage_joint","trait2","bfdr_discoveries",0.2,2
20260829,17,500,15,3000,3000,3000,3000,"fast","control_informative",0.05,5,0.01,"","mirage_joint","pleiotropy","bfdr_observed_fdp",0.01,0
20260829,17,500,15,3000,3000,3000,3000,"fast","control_informative",0.05,5,0.01,"","mirage_joint","pleiotropy","bfdr_estimate",0.01,0
20260829,17,500,15,3000,3000,3000,3000,"fast","control_informative",0.05,5,0.01,"","mirage_joint","pleiotropy","bfdr_power",0.01,0
20260829,17,500,15,3000,3000,3000,3000,"fast","control_informative",0.05,5,0.01,"","mirage_joint","pleiotropy","bfdr_discoveries",0.01,0
20260829,17,500,15,3000,3000,3000,3000,"fast","control_informative",0.05,5,0.01,"","mirage_joint","pleiotropy","bfdr_observed_fdp",0.05,0
20260829,17,500,15,3000,3000,3000,3000,"fast","control_informative",0.05,5,0.01,"","mirage_joint","pleiotropy","bfdr_estimate",0.05,0
20260829,17,500,15,3000,3000,3000,3000,"fast","control_informative",0.05,5,0.01,"","mirage_joint","pleiotropy","bfdr_power",0.05,0
20260829,17,500,15,3000,3000,3000,3000,"fast","control_informative",0.05,5,0.01,"","mirage_joint","pleiotropy","bfdr_discoveries",0.05,0
20260829,17,500,15,3000,3000,3000,3000,"fast","control_informative",0.05,5,0.01,"","mirage_joint","pleiotropy","bfdr_observed_fdp",0.1,0
20260829,17,500,15,3000,3000,3000,3000,"fast","control_informative",0.05,5,0.01,"","mirage_joint","pleiotropy","bfdr_estimate",0.1,0
20260829,17,500,15,3000,3000,3000,3000,"fast","control_informative",0.05,5,0.01,"","mirage_joint","pleiotropy","bfdr_power",0.1,0
20260829,17,500,15,3000,3000,3000,3000,"fast","control_informative",0.05,5,0.01,"","mirage_joint","pleiotropy","bfdr_discoveries",0.1,0
20260829,17,500,15,3000,3000,3000,3000,"fast","control_informative",0.05,5,0.01,"","mirage_joint","pleiotropy","bfdr_observed_fdp",0.2,0
20260829,17,500,15,3000,3000,3000,3000,"fast","control_informative",0.05,5,0.01,"","mirage_joint","pleiotropy","bfdr_estimate",0.2,0
20260829,17,500,15,3000,3000,3000,3000,"fast","control_informative",0.05,5,0.01,"","mirage_joint","pleiotropy","bfdr_power",0.2,0
20260829,17,500,15,3000,3000,3000,3000,"fast","control_informative",0.05,5,0.01,"","mirage_joint","pleiotropy","bfdr_discoveries",0.2,0
20260829,17,500,15,3000,3000,3000,3000,"fast","control_informative",0.05,5,0.01,"","mirage_joint","global","runtime_seconds",NA,18.032
20260829,17,500,15,3000,3000,3000,3000,"fast","control_informative",0.05,5,0.01,"","mirage_joint","pleiotropy","pi11_estimate",NA,0.00783871576822474
20260829,17,500,15,3000,3000,3000,3000,"fast","control_informative",0.05,5,0.01,"","separate_mirage","trait1","auc",NA,0.632168421052632
20260829,17,500,15,3000,3000,3000,3000,"fast","control_informative",0.05,5,0.01,"","separate_mirage","trait2","auc",NA,0.699183673469388
20260829,17,500,15,3000,3000,3000,3000,"fast","control_informative",0.05,5,0.01,"","separate_mirage","pleiotropy","auc",NA,0.714747474747475
20260829,17,500,15,3000,3000,3000,3000,"fast","control_informative",0.05,5,0.01,"","separate_mirage","trait1","pp08_power",0.8,0.12
20260829,17,500,15,3000,3000,3000,3000,"fast","control_informative",0.05,5,0.01,"","separate_mirage","trait1","pp08_fdp",0.8,0
20260829,17,500,15,3000,3000,3000,3000,"fast","control_informative",0.05,5,0.01,"","separate_mirage","trait1","pp08_discoveries",0.8,3
20260829,17,500,15,3000,3000,3000,3000,"fast","control_informative",0.05,5,0.01,"","separate_mirage","trait2","pp08_power",0.8,0.2
20260829,17,500,15,3000,3000,3000,3000,"fast","control_informative",0.05,5,0.01,"","separate_mirage","trait2","pp08_fdp",0.8,0
20260829,17,500,15,3000,3000,3000,3000,"fast","control_informative",0.05,5,0.01,"","separate_mirage","trait2","pp08_discoveries",0.8,2
20260829,17,500,15,3000,3000,3000,3000,"fast","control_informative",0.05,5,0.01,"","separate_mirage","pleiotropy","pp08_power",0.8,0
20260829,17,500,15,3000,3000,3000,3000,"fast","control_informative",0.05,5,0.01,"","separate_mirage","pleiotropy","pp08_fdp",0.8,0
20260829,17,500,15,3000,3000,3000,3000,"fast","control_informative",0.05,5,0.01,"","separate_mirage","pleiotropy","pp08_discoveries",0.8,0
20260829,17,500,15,3000,3000,3000,3000,"fast","control_informative",0.05,5,0.01,"","separate_mirage","trait1","bfdr_observed_fdp",0.01,0
20260829,17,500,15,3000,3000,3000,3000,"fast","control_informative",0.05,5,0.01,"","separate_mirage","trait1","bfdr_estimate",0.01,0.00399167896040764
20260829,17,500,15,3000,3000,3000,3000,"fast","control_informative",0.05,5,0.01,"","separate_mirage","trait1","bfdr_power",0.01,0.04
20260829,17,500,15,3000,3000,3000,3000,"fast","control_informative",0.05,5,0.01,"","separate_mirage","trait1","bfdr_discoveries",0.01,1
20260829,17,500,15,3000,3000,3000,3000,"fast","control_informative",0.05,5,0.01,"","separate_mirage","trait1","bfdr_observed_fdp",0.05,0
20260829,17,500,15,3000,3000,3000,3000,"fast","control_informative",0.05,5,0.01,"","separate_mirage","trait1","bfdr_estimate",0.05,0.0353375861781808
20260829,17,500,15,3000,3000,3000,3000,"fast","control_informative",0.05,5,0.01,"","separate_mirage","trait1","bfdr_power",0.05,0.12
20260829,17,500,15,3000,3000,3000,3000,"fast","control_informative",0.05,5,0.01,"","separate_mirage","trait1","bfdr_discoveries",0.05,3
20260829,17,500,15,3000,3000,3000,3000,"fast","control_informative",0.05,5,0.01,"","separate_mirage","trait1","bfdr_observed_fdp",0.1,0
20260829,17,500,15,3000,3000,3000,3000,"fast","control_informative",0.05,5,0.01,"","separate_mirage","trait1","bfdr_estimate",0.1,0.0353375861781808
20260829,17,500,15,3000,3000,3000,3000,"fast","control_informative",0.05,5,0.01,"","separate_mirage","trait1","bfdr_power",0.1,0.12
20260829,17,500,15,3000,3000,3000,3000,"fast","control_informative",0.05,5,0.01,"","separate_mirage","trait1","bfdr_discoveries",0.1,3
20260829,17,500,15,3000,3000,3000,3000,"fast","control_informative",0.05,5,0.01,"","separate_mirage","trait1","bfdr_observed_fdp",0.2,0.2
20260829,17,500,15,3000,3000,3000,3000,"fast","control_informative",0.05,5,0.01,"","separate_mirage","trait1","bfdr_estimate",0.2,0.168114230292695
20260829,17,500,15,3000,3000,3000,3000,"fast","control_informative",0.05,5,0.01,"","separate_mirage","trait1","bfdr_power",0.2,0.16
20260829,17,500,15,3000,3000,3000,3000,"fast","control_informative",0.05,5,0.01,"","separate_mirage","trait1","bfdr_discoveries",0.2,5
20260829,17,500,15,3000,3000,3000,3000,"fast","control_informative",0.05,5,0.01,"","separate_mirage","trait2","bfdr_observed_fdp",0.01,0
20260829,17,500,15,3000,3000,3000,3000,"fast","control_informative",0.05,5,0.01,"","separate_mirage","trait2","bfdr_estimate",0.01,2.25301638456799e-08
20260829,17,500,15,3000,3000,3000,3000,"fast","control_informative",0.05,5,0.01,"","separate_mirage","trait2","bfdr_power",0.01,0.1
20260829,17,500,15,3000,3000,3000,3000,"fast","control_informative",0.05,5,0.01,"","separate_mirage","trait2","bfdr_discoveries",0.01,1
20260829,17,500,15,3000,3000,3000,3000,"fast","control_informative",0.05,5,0.01,"","separate_mirage","trait2","bfdr_observed_fdp",0.05,0
20260829,17,500,15,3000,3000,3000,3000,"fast","control_informative",0.05,5,0.01,"","separate_mirage","trait2","bfdr_estimate",0.05,2.25301638456799e-08
20260829,17,500,15,3000,3000,3000,3000,"fast","control_informative",0.05,5,0.01,"","separate_mirage","trait2","bfdr_power",0.05,0.1
20260829,17,500,15,3000,3000,3000,3000,"fast","control_informative",0.05,5,0.01,"","separate_mirage","trait2","bfdr_discoveries",0.05,1
20260829,17,500,15,3000,3000,3000,3000,"fast","control_informative",0.05,5,0.01,"","separate_mirage","trait2","bfdr_observed_fdp",0.1,0
20260829,17,500,15,3000,3000,3000,3000,"fast","control_informative",0.05,5,0.01,"","separate_mirage","trait2","bfdr_estimate",0.1,0.0644094744936161
20260829,17,500,15,3000,3000,3000,3000,"fast","control_informative",0.05,5,0.01,"","separate_mirage","trait2","bfdr_power",0.1,0.2
20260829,17,500,15,3000,3000,3000,3000,"fast","control_informative",0.05,5,0.01,"","separate_mirage","trait2","bfdr_discoveries",0.1,2
20260829,17,500,15,3000,3000,3000,3000,"fast","control_informative",0.05,5,0.01,"","separate_mirage","trait2","bfdr_observed_fdp",0.2,0
20260829,17,500,15,3000,3000,3000,3000,"fast","control_informative",0.05,5,0.01,"","separate_mirage","trait2","bfdr_estimate",0.2,0.0644094744936161
20260829,17,500,15,3000,3000,3000,3000,"fast","control_informative",0.05,5,0.01,"","separate_mirage","trait2","bfdr_power",0.2,0.2
20260829,17,500,15,3000,3000,3000,3000,"fast","control_informative",0.05,5,0.01,"","separate_mirage","trait2","bfdr_discoveries",0.2,2
20260829,17,500,15,3000,3000,3000,3000,"fast","control_informative",0.05,5,0.01,"","separate_mirage","pleiotropy","bfdr_observed_fdp",0.01,0
20260829,17,500,15,3000,3000,3000,3000,"fast","control_informative",0.05,5,0.01,"","separate_mirage","pleiotropy","bfdr_estimate",0.01,0
20260829,17,500,15,3000,3000,3000,3000,"fast","control_informative",0.05,5,0.01,"","separate_mirage","pleiotropy","bfdr_power",0.01,0
20260829,17,500,15,3000,3000,3000,3000,"fast","control_informative",0.05,5,0.01,"","separate_mirage","pleiotropy","bfdr_discoveries",0.01,0
20260829,17,500,15,3000,3000,3000,3000,"fast","control_informative",0.05,5,0.01,"","separate_mirage","pleiotropy","bfdr_observed_fdp",0.05,0
20260829,17,500,15,3000,3000,3000,3000,"fast","control_informative",0.05,5,0.01,"","separate_mirage","pleiotropy","bfdr_estimate",0.05,0
20260829,17,500,15,3000,3000,3000,3000,"fast","control_informative",0.05,5,0.01,"","separate_mirage","pleiotropy","bfdr_power",0.05,0
20260829,17,500,15,3000,3000,3000,3000,"fast","control_informative",0.05,5,0.01,"","separate_mirage","pleiotropy","bfdr_discoveries",0.05,0
20260829,17,500,15,3000,3000,3000,3000,"fast","control_informative",0.05,5,0.01,"","separate_mirage","pleiotropy","bfdr_observed_fdp",0.1,0
20260829,17,500,15,3000,3000,3000,3000,"fast","control_informative",0.05,5,0.01,"","separate_mirage","pleiotropy","bfdr_estimate",0.1,0
20260829,17,500,15,3000,3000,3000,3000,"fast","control_informative",0.05,5,0.01,"","separate_mirage","pleiotropy","bfdr_power",0.1,0
20260829,17,500,15,3000,3000,3000,3000,"fast","control_informative",0.05,5,0.01,"","separate_mirage","pleiotropy","bfdr_discoveries",0.1,0
20260829,17,500,15,3000,3000,3000,3000,"fast","control_informative",0.05,5,0.01,"","separate_mirage","pleiotropy","bfdr_observed_fdp",0.2,0
20260829,17,500,15,3000,3000,3000,3000,"fast","control_informative",0.05,5,0.01,"","separate_mirage","pleiotropy","bfdr_estimate",0.2,0
20260829,17,500,15,3000,3000,3000,3000,"fast","control_informative",0.05,5,0.01,"","separate_mirage","pleiotropy","bfdr_power",0.2,0
20260829,17,500,15,3000,3000,3000,3000,"fast","control_informative",0.05,5,0.01,"","separate_mirage","pleiotropy","bfdr_discoveries",0.2,0
20260829,17,500,15,3000,3000,3000,3000,"fast","control_informative",0.05,5,0.01,"","separate_mirage","global","runtime_seconds",NA,18.022
20260829,17,500,15,3000,3000,3000,3000,"fast","control_informative",0.05,5,0.01,"","separate_mirage","pleiotropy","pi11_estimate",NA,0.001
20260829,17,500,15,3000,3000,3000,3000,"fast","control_informative",0.05,5,0.01,"","mtada_aggregated","trait1","auc",NA,0.73178947368421
20260829,17,500,15,3000,3000,3000,3000,"fast","control_informative",0.05,5,0.01,"","mtada_aggregated","trait2","auc",NA,0.724081632653061
20260829,17,500,15,3000,3000,3000,3000,"fast","control_informative",0.05,5,0.01,"","mtada_aggregated","pleiotropy","auc",NA,0.515959595959596
20260829,17,500,15,3000,3000,3000,3000,"fast","control_informative",0.05,5,0.01,"","mtada_aggregated","trait1","pp08_power",0.8,0.24
20260829,17,500,15,3000,3000,3000,3000,"fast","control_informative",0.05,5,0.01,"","mtada_aggregated","trait1","pp08_fdp",0.8,0.888888888888889
20260829,17,500,15,3000,3000,3000,3000,"fast","control_informative",0.05,5,0.01,"","mtada_aggregated","trait1","pp08_discoveries",0.8,54
20260829,17,500,15,3000,3000,3000,3000,"fast","control_informative",0.05,5,0.01,"","mtada_aggregated","trait2","pp08_power",0.8,0.3
20260829,17,500,15,3000,3000,3000,3000,"fast","control_informative",0.05,5,0.01,"","mtada_aggregated","trait2","pp08_fdp",0.8,0.90625
20260829,17,500,15,3000,3000,3000,3000,"fast","control_informative",0.05,5,0.01,"","mtada_aggregated","trait2","pp08_discoveries",0.8,32
20260829,17,500,15,3000,3000,3000,3000,"fast","control_informative",0.05,5,0.01,"","mtada_aggregated","pleiotropy","pp08_power",0.8,0
20260829,17,500,15,3000,3000,3000,3000,"fast","control_informative",0.05,5,0.01,"","mtada_aggregated","pleiotropy","pp08_fdp",0.8,1
20260829,17,500,15,3000,3000,3000,3000,"fast","control_informative",0.05,5,0.01,"","mtada_aggregated","pleiotropy","pp08_discoveries",0.8,3
20260829,17,500,15,3000,3000,3000,3000,"fast","control_informative",0.05,5,0.01,"","mtada_aggregated","trait1","bfdr_observed_fdp",0.01,0.872340425531915
20260829,17,500,15,3000,3000,3000,3000,"fast","control_informative",0.05,5,0.01,"","mtada_aggregated","trait1","bfdr_estimate",0.01,0.00997693595865788
20260829,17,500,15,3000,3000,3000,3000,"fast","control_informative",0.05,5,0.01,"","mtada_aggregated","trait1","bfdr_power",0.01,0.24
20260829,17,500,15,3000,3000,3000,3000,"fast","control_informative",0.05,5,0.01,"","mtada_aggregated","trait1","bfdr_discoveries",0.01,47
20260829,17,500,15,3000,3000,3000,3000,"fast","control_informative",0.05,5,0.01,"","mtada_aggregated","trait1","bfdr_observed_fdp",0.05,0.85
20260829,17,500,15,3000,3000,3000,3000,"fast","control_informative",0.05,5,0.01,"","mtada_aggregated","trait1","bfdr_estimate",0.05,0.0475307809550995
20260829,17,500,15,3000,3000,3000,3000,"fast","control_informative",0.05,5,0.01,"","mtada_aggregated","trait1","bfdr_power",0.05,0.36
20260829,17,500,15,3000,3000,3000,3000,"fast","control_informative",0.05,5,0.01,"","mtada_aggregated","trait1","bfdr_discoveries",0.05,60
20260829,17,500,15,3000,3000,3000,3000,"fast","control_informative",0.05,5,0.01,"","mtada_aggregated","trait1","bfdr_observed_fdp",0.1,0.852941176470588
20260829,17,500,15,3000,3000,3000,3000,"fast","control_informative",0.05,5,0.01,"","mtada_aggregated","trait1","bfdr_estimate",0.1,0.0975831994888037
20260829,17,500,15,3000,3000,3000,3000,"fast","control_informative",0.05,5,0.01,"","mtada_aggregated","trait1","bfdr_power",0.1,0.4
20260829,17,500,15,3000,3000,3000,3000,"fast","control_informative",0.05,5,0.01,"","mtada_aggregated","trait1","bfdr_discoveries",0.1,68
20260829,17,500,15,3000,3000,3000,3000,"fast","control_informative",0.05,5,0.01,"","mtada_aggregated","trait1","bfdr_observed_fdp",0.2,0.848101265822785
20260829,17,500,15,3000,3000,3000,3000,"fast","control_informative",0.05,5,0.01,"","mtada_aggregated","trait1","bfdr_estimate",0.2,0.197867397686261
20260829,17,500,15,3000,3000,3000,3000,"fast","control_informative",0.05,5,0.01,"","mtada_aggregated","trait1","bfdr_power",0.2,0.48
20260829,17,500,15,3000,3000,3000,3000,"fast","control_informative",0.05,5,0.01,"","mtada_aggregated","trait1","bfdr_discoveries",0.2,79
20260829,17,500,15,3000,3000,3000,3000,"fast","control_informative",0.05,5,0.01,"","mtada_aggregated","trait2","bfdr_observed_fdp",0.01,0.888888888888889
20260829,17,500,15,3000,3000,3000,3000,"fast","control_informative",0.05,5,0.01,"","mtada_aggregated","trait2","bfdr_estimate",0.01,0.00929236791371008
20260829,17,500,15,3000,3000,3000,3000,"fast","control_informative",0.05,5,0.01,"","mtada_aggregated","trait2","bfdr_power",0.01,0.3
20260829,17,500,15,3000,3000,3000,3000,"fast","control_informative",0.05,5,0.01,"","mtada_aggregated","trait2","bfdr_discoveries",0.01,27
20260829,17,500,15,3000,3000,3000,3000,"fast","control_informative",0.05,5,0.01,"","mtada_aggregated","trait2","bfdr_observed_fdp",0.05,0.914285714285714
20260829,17,500,15,3000,3000,3000,3000,"fast","control_informative",0.05,5,0.01,"","mtada_aggregated","trait2","bfdr_estimate",0.05,0.043463947971335
20260829,17,500,15,3000,3000,3000,3000,"fast","control_informative",0.05,5,0.01,"","mtada_aggregated","trait2","bfdr_power",0.05,0.3
20260829,17,500,15,3000,3000,3000,3000,"fast","control_informative",0.05,5,0.01,"","mtada_aggregated","trait2","bfdr_discoveries",0.05,35
20260829,17,500,15,3000,3000,3000,3000,"fast","control_informative",0.05,5,0.01,"","mtada_aggregated","trait2","bfdr_observed_fdp",0.1,0.925
20260829,17,500,15,3000,3000,3000,3000,"fast","control_informative",0.05,5,0.01,"","mtada_aggregated","trait2","bfdr_estimate",0.1,0.0987695597175862
20260829,17,500,15,3000,3000,3000,3000,"fast","control_informative",0.05,5,0.01,"","mtada_aggregated","trait2","bfdr_power",0.1,0.3
20260829,17,500,15,3000,3000,3000,3000,"fast","control_informative",0.05,5,0.01,"","mtada_aggregated","trait2","bfdr_discoveries",0.1,40
20260829,17,500,15,3000,3000,3000,3000,"fast","control_informative",0.05,5,0.01,"","mtada_aggregated","trait2","bfdr_observed_fdp",0.2,0.9375
20260829,17,500,15,3000,3000,3000,3000,"fast","control_informative",0.05,5,0.01,"","mtada_aggregated","trait2","bfdr_estimate",0.2,0.193057324810469
20260829,17,500,15,3000,3000,3000,3000,"fast","control_informative",0.05,5,0.01,"","mtada_aggregated","trait2","bfdr_power",0.2,0.3
20260829,17,500,15,3000,3000,3000,3000,"fast","control_informative",0.05,5,0.01,"","mtada_aggregated","trait2","bfdr_discoveries",0.2,48
20260829,17,500,15,3000,3000,3000,3000,"fast","control_informative",0.05,5,0.01,"","mtada_aggregated","pleiotropy","bfdr_observed_fdp",0.01,1
20260829,17,500,15,3000,3000,3000,3000,"fast","control_informative",0.05,5,0.01,"","mtada_aggregated","pleiotropy","bfdr_estimate",0.01,0.00146856086632141
20260829,17,500,15,3000,3000,3000,3000,"fast","control_informative",0.05,5,0.01,"","mtada_aggregated","pleiotropy","bfdr_power",0.01,0
20260829,17,500,15,3000,3000,3000,3000,"fast","control_informative",0.05,5,0.01,"","mtada_aggregated","pleiotropy","bfdr_discoveries",0.01,1
20260829,17,500,15,3000,3000,3000,3000,"fast","control_informative",0.05,5,0.01,"","mtada_aggregated","pleiotropy","bfdr_observed_fdp",0.05,1
20260829,17,500,15,3000,3000,3000,3000,"fast","control_informative",0.05,5,0.01,"","mtada_aggregated","pleiotropy","bfdr_estimate",0.05,0.0422862258531054
20260829,17,500,15,3000,3000,3000,3000,"fast","control_informative",0.05,5,0.01,"","mtada_aggregated","pleiotropy","bfdr_power",0.05,0
20260829,17,500,15,3000,3000,3000,3000,"fast","control_informative",0.05,5,0.01,"","mtada_aggregated","pleiotropy","bfdr_discoveries",0.05,3
20260829,17,500,15,3000,3000,3000,3000,"fast","control_informative",0.05,5,0.01,"","mtada_aggregated","pleiotropy","bfdr_observed_fdp",0.1,1
20260829,17,500,15,3000,3000,3000,3000,"fast","control_informative",0.05,5,0.01,"","mtada_aggregated","pleiotropy","bfdr_estimate",0.1,0.0913968082646396
20260829,17,500,15,3000,3000,3000,3000,"fast","control_informative",0.05,5,0.01,"","mtada_aggregated","pleiotropy","bfdr_power",0.1,0
20260829,17,500,15,3000,3000,3000,3000,"fast","control_informative",0.05,5,0.01,"","mtada_aggregated","pleiotropy","bfdr_discoveries",0.1,4
20260829,17,500,15,3000,3000,3000,3000,"fast","control_informative",0.05,5,0.01,"","mtada_aggregated","pleiotropy","bfdr_observed_fdp",0.2,1
20260829,17,500,15,3000,3000,3000,3000,"fast","control_informative",0.05,5,0.01,"","mtada_aggregated","pleiotropy","bfdr_estimate",0.2,0.181619594117084
20260829,17,500,15,3000,3000,3000,3000,"fast","control_informative",0.05,5,0.01,"","mtada_aggregated","pleiotropy","bfdr_power",0.2,0
20260829,17,500,15,3000,3000,3000,3000,"fast","control_informative",0.05,5,0.01,"","mtada_aggregated","pleiotropy","bfdr_discoveries",0.2,6
20260829,17,500,15,3000,3000,3000,3000,"fast","control_informative",0.05,5,0.01,"","mtada_aggregated","global","runtime_seconds",NA,0.802000000000021
20260829,17,500,15,3000,3000,3000,3000,"fast","control_informative",0.05,5,0.01,"","mtada_aggregated","pleiotropy","pi11_estimate",NA,0.00171485
20260830,18,500,15,3000,3000,3000,3000,"fast","control_informative",0.05,5,0.01,"","mirage_joint","trait1","auc",NA,0.766315789473684
20260830,18,500,15,3000,3000,3000,3000,"fast","control_informative",0.05,5,0.01,"","mirage_joint","trait2","auc",NA,0.629795918367347
20260830,18,500,15,3000,3000,3000,3000,"fast","control_informative",0.05,5,0.01,"","mirage_joint","pleiotropy","auc",NA,0.778585858585859
20260830,18,500,15,3000,3000,3000,3000,"fast","control_informative",0.05,5,0.01,"","mirage_joint","trait1","pp08_power",0.8,0.08
20260830,18,500,15,3000,3000,3000,3000,"fast","control_informative",0.05,5,0.01,"","mirage_joint","trait1","pp08_fdp",0.8,0
20260830,18,500,15,3000,3000,3000,3000,"fast","control_informative",0.05,5,0.01,"","mirage_joint","trait1","pp08_discoveries",0.8,2
20260830,18,500,15,3000,3000,3000,3000,"fast","control_informative",0.05,5,0.01,"","mirage_joint","trait2","pp08_power",0.8,0.1
20260830,18,500,15,3000,3000,3000,3000,"fast","control_informative",0.05,5,0.01,"","mirage_joint","trait2","pp08_fdp",0.8,0
20260830,18,500,15,3000,3000,3000,3000,"fast","control_informative",0.05,5,0.01,"","mirage_joint","trait2","pp08_discoveries",0.8,1
20260830,18,500,15,3000,3000,3000,3000,"fast","control_informative",0.05,5,0.01,"","mirage_joint","pleiotropy","pp08_power",0.8,0
20260830,18,500,15,3000,3000,3000,3000,"fast","control_informative",0.05,5,0.01,"","mirage_joint","pleiotropy","pp08_fdp",0.8,0
20260830,18,500,15,3000,3000,3000,3000,"fast","control_informative",0.05,5,0.01,"","mirage_joint","pleiotropy","pp08_discoveries",0.8,0
20260830,18,500,15,3000,3000,3000,3000,"fast","control_informative",0.05,5,0.01,"","mirage_joint","trait1","bfdr_observed_fdp",0.01,0
20260830,18,500,15,3000,3000,3000,3000,"fast","control_informative",0.05,5,0.01,"","mirage_joint","trait1","bfdr_estimate",0.01,0.000648915887301094
20260830,18,500,15,3000,3000,3000,3000,"fast","control_informative",0.05,5,0.01,"","mirage_joint","trait1","bfdr_power",0.01,0.08
20260830,18,500,15,3000,3000,3000,3000,"fast","control_informative",0.05,5,0.01,"","mirage_joint","trait1","bfdr_discoveries",0.01,2
20260830,18,500,15,3000,3000,3000,3000,"fast","control_informative",0.05,5,0.01,"","mirage_joint","trait1","bfdr_observed_fdp",0.05,0
20260830,18,500,15,3000,3000,3000,3000,"fast","control_informative",0.05,5,0.01,"","mirage_joint","trait1","bfdr_estimate",0.05,0.000648915887301094
20260830,18,500,15,3000,3000,3000,3000,"fast","control_informative",0.05,5,0.01,"","mirage_joint","trait1","bfdr_power",0.05,0.08
20260830,18,500,15,3000,3000,3000,3000,"fast","control_informative",0.05,5,0.01,"","mirage_joint","trait1","bfdr_discoveries",0.05,2
20260830,18,500,15,3000,3000,3000,3000,"fast","control_informative",0.05,5,0.01,"","mirage_joint","trait1","bfdr_observed_fdp",0.1,0
20260830,18,500,15,3000,3000,3000,3000,"fast","control_informative",0.05,5,0.01,"","mirage_joint","trait1","bfdr_estimate",0.1,0.0704068946126408
20260830,18,500,15,3000,3000,3000,3000,"fast","control_informative",0.05,5,0.01,"","mirage_joint","trait1","bfdr_power",0.1,0.12
20260830,18,500,15,3000,3000,3000,3000,"fast","control_informative",0.05,5,0.01,"","mirage_joint","trait1","bfdr_discoveries",0.1,3
20260830,18,500,15,3000,3000,3000,3000,"fast","control_informative",0.05,5,0.01,"","mirage_joint","trait1","bfdr_observed_fdp",0.2,0
20260830,18,500,15,3000,3000,3000,3000,"fast","control_informative",0.05,5,0.01,"","mirage_joint","trait1","bfdr_estimate",0.2,0.14711387531684
20260830,18,500,15,3000,3000,3000,3000,"fast","control_informative",0.05,5,0.01,"","mirage_joint","trait1","bfdr_power",0.2,0.16
20260830,18,500,15,3000,3000,3000,3000,"fast","control_informative",0.05,5,0.01,"","mirage_joint","trait1","bfdr_discoveries",0.2,4
20260830,18,500,15,3000,3000,3000,3000,"fast","control_informative",0.05,5,0.01,"","mirage_joint","trait2","bfdr_observed_fdp",0.01,0
20260830,18,500,15,3000,3000,3000,3000,"fast","control_informative",0.05,5,0.01,"","mirage_joint","trait2","bfdr_estimate",0.01,0
20260830,18,500,15,3000,3000,3000,3000,"fast","control_informative",0.05,5,0.01,"","mirage_joint","trait2","bfdr_power",0.01,0
20260830,18,500,15,3000,3000,3000,3000,"fast","control_informative",0.05,5,0.01,"","mirage_joint","trait2","bfdr_discoveries",0.01,0
20260830,18,500,15,3000,3000,3000,3000,"fast","control_informative",0.05,5,0.01,"","mirage_joint","trait2","bfdr_observed_fdp",0.05,0
20260830,18,500,15,3000,3000,3000,3000,"fast","control_informative",0.05,5,0.01,"","mirage_joint","trait2","bfdr_estimate",0.05,0.0196587082523679
20260830,18,500,15,3000,3000,3000,3000,"fast","control_informative",0.05,5,0.01,"","mirage_joint","trait2","bfdr_power",0.05,0.1
20260830,18,500,15,3000,3000,3000,3000,"fast","control_informative",0.05,5,0.01,"","mirage_joint","trait2","bfdr_discoveries",0.05,1
20260830,18,500,15,3000,3000,3000,3000,"fast","control_informative",0.05,5,0.01,"","mirage_joint","trait2","bfdr_observed_fdp",0.1,0
20260830,18,500,15,3000,3000,3000,3000,"fast","control_informative",0.05,5,0.01,"","mirage_joint","trait2","bfdr_estimate",0.1,0.0196587082523679
20260830,18,500,15,3000,3000,3000,3000,"fast","control_informative",0.05,5,0.01,"","mirage_joint","trait2","bfdr_power",0.1,0.1
20260830,18,500,15,3000,3000,3000,3000,"fast","control_informative",0.05,5,0.01,"","mirage_joint","trait2","bfdr_discoveries",0.1,1
20260830,18,500,15,3000,3000,3000,3000,"fast","control_informative",0.05,5,0.01,"","mirage_joint","trait2","bfdr_observed_fdp",0.2,0
20260830,18,500,15,3000,3000,3000,3000,"fast","control_informative",0.05,5,0.01,"","mirage_joint","trait2","bfdr_estimate",0.2,0.0196587082523679
20260830,18,500,15,3000,3000,3000,3000,"fast","control_informative",0.05,5,0.01,"","mirage_joint","trait2","bfdr_power",0.2,0.1
20260830,18,500,15,3000,3000,3000,3000,"fast","control_informative",0.05,5,0.01,"","mirage_joint","trait2","bfdr_discoveries",0.2,1
20260830,18,500,15,3000,3000,3000,3000,"fast","control_informative",0.05,5,0.01,"","mirage_joint","pleiotropy","bfdr_observed_fdp",0.01,0
20260830,18,500,15,3000,3000,3000,3000,"fast","control_informative",0.05,5,0.01,"","mirage_joint","pleiotropy","bfdr_estimate",0.01,0
20260830,18,500,15,3000,3000,3000,3000,"fast","control_informative",0.05,5,0.01,"","mirage_joint","pleiotropy","bfdr_power",0.01,0
20260830,18,500,15,3000,3000,3000,3000,"fast","control_informative",0.05,5,0.01,"","mirage_joint","pleiotropy","bfdr_discoveries",0.01,0
20260830,18,500,15,3000,3000,3000,3000,"fast","control_informative",0.05,5,0.01,"","mirage_joint","pleiotropy","bfdr_observed_fdp",0.05,0
20260830,18,500,15,3000,3000,3000,3000,"fast","control_informative",0.05,5,0.01,"","mirage_joint","pleiotropy","bfdr_estimate",0.05,0
20260830,18,500,15,3000,3000,3000,3000,"fast","control_informative",0.05,5,0.01,"","mirage_joint","pleiotropy","bfdr_power",0.05,0
20260830,18,500,15,3000,3000,3000,3000,"fast","control_informative",0.05,5,0.01,"","mirage_joint","pleiotropy","bfdr_discoveries",0.05,0
20260830,18,500,15,3000,3000,3000,3000,"fast","control_informative",0.05,5,0.01,"","mirage_joint","pleiotropy","bfdr_observed_fdp",0.1,0
20260830,18,500,15,3000,3000,3000,3000,"fast","control_informative",0.05,5,0.01,"","mirage_joint","pleiotropy","bfdr_estimate",0.1,0
20260830,18,500,15,3000,3000,3000,3000,"fast","control_informative",0.05,5,0.01,"","mirage_joint","pleiotropy","bfdr_power",0.1,0
20260830,18,500,15,3000,3000,3000,3000,"fast","control_informative",0.05,5,0.01,"","mirage_joint","pleiotropy","bfdr_discoveries",0.1,0
20260830,18,500,15,3000,3000,3000,3000,"fast","control_informative",0.05,5,0.01,"","mirage_joint","pleiotropy","bfdr_observed_fdp",0.2,0
20260830,18,500,15,3000,3000,3000,3000,"fast","control_informative",0.05,5,0.01,"","mirage_joint","pleiotropy","bfdr_estimate",0.2,0
20260830,18,500,15,3000,3000,3000,3000,"fast","control_informative",0.05,5,0.01,"","mirage_joint","pleiotropy","bfdr_power",0.2,0
20260830,18,500,15,3000,3000,3000,3000,"fast","control_informative",0.05,5,0.01,"","mirage_joint","pleiotropy","bfdr_discoveries",0.2,0
20260830,18,500,15,3000,3000,3000,3000,"fast","control_informative",0.05,5,0.01,"","mirage_joint","global","runtime_seconds",NA,18.027
20260830,18,500,15,3000,3000,3000,3000,"fast","control_informative",0.05,5,0.01,"","mirage_joint","pleiotropy","pi11_estimate",NA,0.0136909894431604
20260830,18,500,15,3000,3000,3000,3000,"fast","control_informative",0.05,5,0.01,"","separate_mirage","trait1","auc",NA,0.719157894736842
20260830,18,500,15,3000,3000,3000,3000,"fast","control_informative",0.05,5,0.01,"","separate_mirage","trait2","auc",NA,0.626938775510204
20260830,18,500,15,3000,3000,3000,3000,"fast","control_informative",0.05,5,0.01,"","separate_mirage","pleiotropy","auc",NA,0.779393939393939
20260830,18,500,15,3000,3000,3000,3000,"fast","control_informative",0.05,5,0.01,"","separate_mirage","trait1","pp08_power",0.8,0.08
20260830,18,500,15,3000,3000,3000,3000,"fast","control_informative",0.05,5,0.01,"","separate_mirage","trait1","pp08_fdp",0.8,0
20260830,18,500,15,3000,3000,3000,3000,"fast","control_informative",0.05,5,0.01,"","separate_mirage","trait1","pp08_discoveries",0.8,2
20260830,18,500,15,3000,3000,3000,3000,"fast","control_informative",0.05,5,0.01,"","separate_mirage","trait2","pp08_power",0.8,0.1
20260830,18,500,15,3000,3000,3000,3000,"fast","control_informative",0.05,5,0.01,"","separate_mirage","trait2","pp08_fdp",0.8,0
20260830,18,500,15,3000,3000,3000,3000,"fast","control_informative",0.05,5,0.01,"","separate_mirage","trait2","pp08_discoveries",0.8,1
20260830,18,500,15,3000,3000,3000,3000,"fast","control_informative",0.05,5,0.01,"","separate_mirage","pleiotropy","pp08_power",0.8,0
20260830,18,500,15,3000,3000,3000,3000,"fast","control_informative",0.05,5,0.01,"","separate_mirage","pleiotropy","pp08_fdp",0.8,0
20260830,18,500,15,3000,3000,3000,3000,"fast","control_informative",0.05,5,0.01,"","separate_mirage","pleiotropy","pp08_discoveries",0.8,0
20260830,18,500,15,3000,3000,3000,3000,"fast","control_informative",0.05,5,0.01,"","separate_mirage","trait1","bfdr_observed_fdp",0.01,0
20260830,18,500,15,3000,3000,3000,3000,"fast","control_informative",0.05,5,0.01,"","separate_mirage","trait1","bfdr_estimate",0.01,0.000390801733754442
20260830,18,500,15,3000,3000,3000,3000,"fast","control_informative",0.05,5,0.01,"","separate_mirage","trait1","bfdr_power",0.01,0.08
20260830,18,500,15,3000,3000,3000,3000,"fast","control_informative",0.05,5,0.01,"","separate_mirage","trait1","bfdr_discoveries",0.01,2
20260830,18,500,15,3000,3000,3000,3000,"fast","control_informative",0.05,5,0.01,"","separate_mirage","trait1","bfdr_observed_fdp",0.05,0
20260830,18,500,15,3000,3000,3000,3000,"fast","control_informative",0.05,5,0.01,"","separate_mirage","trait1","bfdr_estimate",0.05,0.000390801733754442
20260830,18,500,15,3000,3000,3000,3000,"fast","control_informative",0.05,5,0.01,"","separate_mirage","trait1","bfdr_power",0.05,0.08
20260830,18,500,15,3000,3000,3000,3000,"fast","control_informative",0.05,5,0.01,"","separate_mirage","trait1","bfdr_discoveries",0.05,2
20260830,18,500,15,3000,3000,3000,3000,"fast","control_informative",0.05,5,0.01,"","separate_mirage","trait1","bfdr_observed_fdp",0.1,0
20260830,18,500,15,3000,3000,3000,3000,"fast","control_informative",0.05,5,0.01,"","separate_mirage","trait1","bfdr_estimate",0.1,0.000390801733754442
20260830,18,500,15,3000,3000,3000,3000,"fast","control_informative",0.05,5,0.01,"","separate_mirage","trait1","bfdr_power",0.1,0.08
20260830,18,500,15,3000,3000,3000,3000,"fast","control_informative",0.05,5,0.01,"","separate_mirage","trait1","bfdr_discoveries",0.1,2
20260830,18,500,15,3000,3000,3000,3000,"fast","control_informative",0.05,5,0.01,"","separate_mirage","trait1","bfdr_observed_fdp",0.2,0
20260830,18,500,15,3000,3000,3000,3000,"fast","control_informative",0.05,5,0.01,"","separate_mirage","trait1","bfdr_estimate",0.2,0.130619228462136
20260830,18,500,15,3000,3000,3000,3000,"fast","control_informative",0.05,5,0.01,"","separate_mirage","trait1","bfdr_power",0.2,0.12
20260830,18,500,15,3000,3000,3000,3000,"fast","control_informative",0.05,5,0.01,"","separate_mirage","trait1","bfdr_discoveries",0.2,3
20260830,18,500,15,3000,3000,3000,3000,"fast","control_informative",0.05,5,0.01,"","separate_mirage","trait2","bfdr_observed_fdp",0.01,0
20260830,18,500,15,3000,3000,3000,3000,"fast","control_informative",0.05,5,0.01,"","separate_mirage","trait2","bfdr_estimate",0.01,0
20260830,18,500,15,3000,3000,3000,3000,"fast","control_informative",0.05,5,0.01,"","separate_mirage","trait2","bfdr_power",0.01,0
20260830,18,500,15,3000,3000,3000,3000,"fast","control_informative",0.05,5,0.01,"","separate_mirage","trait2","bfdr_discoveries",0.01,0
20260830,18,500,15,3000,3000,3000,3000,"fast","control_informative",0.05,5,0.01,"","separate_mirage","trait2","bfdr_observed_fdp",0.05,0
20260830,18,500,15,3000,3000,3000,3000,"fast","control_informative",0.05,5,0.01,"","separate_mirage","trait2","bfdr_estimate",0.05,0.0363484439092003
20260830,18,500,15,3000,3000,3000,3000,"fast","control_informative",0.05,5,0.01,"","separate_mirage","trait2","bfdr_power",0.05,0.1
20260830,18,500,15,3000,3000,3000,3000,"fast","control_informative",0.05,5,0.01,"","separate_mirage","trait2","bfdr_discoveries",0.05,1
20260830,18,500,15,3000,3000,3000,3000,"fast","control_informative",0.05,5,0.01,"","separate_mirage","trait2","bfdr_observed_fdp",0.1,0
20260830,18,500,15,3000,3000,3000,3000,"fast","control_informative",0.05,5,0.01,"","separate_mirage","trait2","bfdr_estimate",0.1,0.0363484439092003
20260830,18,500,15,3000,3000,3000,3000,"fast","control_informative",0.05,5,0.01,"","separate_mirage","trait2","bfdr_power",0.1,0.1
20260830,18,500,15,3000,3000,3000,3000,"fast","control_informative",0.05,5,0.01,"","separate_mirage","trait2","bfdr_discoveries",0.1,1
20260830,18,500,15,3000,3000,3000,3000,"fast","control_informative",0.05,5,0.01,"","separate_mirage","trait2","bfdr_observed_fdp",0.2,0
20260830,18,500,15,3000,3000,3000,3000,"fast","control_informative",0.05,5,0.01,"","separate_mirage","trait2","bfdr_estimate",0.2,0.0363484439092003
20260830,18,500,15,3000,3000,3000,3000,"fast","control_informative",0.05,5,0.01,"","separate_mirage","trait2","bfdr_power",0.2,0.1
20260830,18,500,15,3000,3000,3000,3000,"fast","control_informative",0.05,5,0.01,"","separate_mirage","trait2","bfdr_discoveries",0.2,1
20260830,18,500,15,3000,3000,3000,3000,"fast","control_informative",0.05,5,0.01,"","separate_mirage","pleiotropy","bfdr_observed_fdp",0.01,0
20260830,18,500,15,3000,3000,3000,3000,"fast","control_informative",0.05,5,0.01,"","separate_mirage","pleiotropy","bfdr_estimate",0.01,0
20260830,18,500,15,3000,3000,3000,3000,"fast","control_informative",0.05,5,0.01,"","separate_mirage","pleiotropy","bfdr_power",0.01,0
20260830,18,500,15,3000,3000,3000,3000,"fast","control_informative",0.05,5,0.01,"","separate_mirage","pleiotropy","bfdr_discoveries",0.01,0
20260830,18,500,15,3000,3000,3000,3000,"fast","control_informative",0.05,5,0.01,"","separate_mirage","pleiotropy","bfdr_observed_fdp",0.05,0
20260830,18,500,15,3000,3000,3000,3000,"fast","control_informative",0.05,5,0.01,"","separate_mirage","pleiotropy","bfdr_estimate",0.05,0
20260830,18,500,15,3000,3000,3000,3000,"fast","control_informative",0.05,5,0.01,"","separate_mirage","pleiotropy","bfdr_power",0.05,0
20260830,18,500,15,3000,3000,3000,3000,"fast","control_informative",0.05,5,0.01,"","separate_mirage","pleiotropy","bfdr_discoveries",0.05,0
20260830,18,500,15,3000,3000,3000,3000,"fast","control_informative",0.05,5,0.01,"","separate_mirage","pleiotropy","bfdr_observed_fdp",0.1,0
20260830,18,500,15,3000,3000,3000,3000,"fast","control_informative",0.05,5,0.01,"","separate_mirage","pleiotropy","bfdr_estimate",0.1,0
20260830,18,500,15,3000,3000,3000,3000,"fast","control_informative",0.05,5,0.01,"","separate_mirage","pleiotropy","bfdr_power",0.1,0
20260830,18,500,15,3000,3000,3000,3000,"fast","control_informative",0.05,5,0.01,"","separate_mirage","pleiotropy","bfdr_discoveries",0.1,0
20260830,18,500,15,3000,3000,3000,3000,"fast","control_informative",0.05,5,0.01,"","separate_mirage","pleiotropy","bfdr_observed_fdp",0.2,0
20260830,18,500,15,3000,3000,3000,3000,"fast","control_informative",0.05,5,0.01,"","separate_mirage","pleiotropy","bfdr_estimate",0.2,0
20260830,18,500,15,3000,3000,3000,3000,"fast","control_informative",0.05,5,0.01,"","separate_mirage","pleiotropy","bfdr_power",0.2,0
20260830,18,500,15,3000,3000,3000,3000,"fast","control_informative",0.05,5,0.01,"","separate_mirage","pleiotropy","bfdr_discoveries",0.2,0
20260830,18,500,15,3000,3000,3000,3000,"fast","control_informative",0.05,5,0.01,"","separate_mirage","global","runtime_seconds",NA,18.058
20260830,18,500,15,3000,3000,3000,3000,"fast","control_informative",0.05,5,0.01,"","separate_mirage","pleiotropy","pi11_estimate",NA,0.001
20260830,18,500,15,3000,3000,3000,3000,"fast","control_informative",0.05,5,0.01,"","mtada_aggregated","trait1","auc",NA,0.774736842105263
20260830,18,500,15,3000,3000,3000,3000,"fast","control_informative",0.05,5,0.01,"","mtada_aggregated","trait2","auc",NA,0.574081632653061
20260830,18,500,15,3000,3000,3000,3000,"fast","control_informative",0.05,5,0.01,"","mtada_aggregated","pleiotropy","auc",NA,0.602424242424242
20260830,18,500,15,3000,3000,3000,3000,"fast","control_informative",0.05,5,0.01,"","mtada_aggregated","trait1","pp08_power",0.8,0.24
20260830,18,500,15,3000,3000,3000,3000,"fast","control_informative",0.05,5,0.01,"","mtada_aggregated","trait1","pp08_fdp",0.8,0.853658536585366
20260830,18,500,15,3000,3000,3000,3000,"fast","control_informative",0.05,5,0.01,"","mtada_aggregated","trait1","pp08_discoveries",0.8,41
20260830,18,500,15,3000,3000,3000,3000,"fast","control_informative",0.05,5,0.01,"","mtada_aggregated","trait2","pp08_power",0.8,0.1
20260830,18,500,15,3000,3000,3000,3000,"fast","control_informative",0.05,5,0.01,"","mtada_aggregated","trait2","pp08_fdp",0.8,0.977777777777778
20260830,18,500,15,3000,3000,3000,3000,"fast","control_informative",0.05,5,0.01,"","mtada_aggregated","trait2","pp08_discoveries",0.8,45
20260830,18,500,15,3000,3000,3000,3000,"fast","control_informative",0.05,5,0.01,"","mtada_aggregated","pleiotropy","pp08_power",0.8,0
20260830,18,500,15,3000,3000,3000,3000,"fast","control_informative",0.05,5,0.01,"","mtada_aggregated","pleiotropy","pp08_fdp",0.8,1
20260830,18,500,15,3000,3000,3000,3000,"fast","control_informative",0.05,5,0.01,"","mtada_aggregated","pleiotropy","pp08_discoveries",0.8,7
20260830,18,500,15,3000,3000,3000,3000,"fast","control_informative",0.05,5,0.01,"","mtada_aggregated","trait1","bfdr_observed_fdp",0.01,0.833333333333333
20260830,18,500,15,3000,3000,3000,3000,"fast","control_informative",0.05,5,0.01,"","mtada_aggregated","trait1","bfdr_estimate",0.01,0.00901713423923404
20260830,18,500,15,3000,3000,3000,3000,"fast","control_informative",0.05,5,0.01,"","mtada_aggregated","trait1","bfdr_power",0.01,0.24
20260830,18,500,15,3000,3000,3000,3000,"fast","control_informative",0.05,5,0.01,"","mtada_aggregated","trait1","bfdr_discoveries",0.01,36
20260830,18,500,15,3000,3000,3000,3000,"fast","control_informative",0.05,5,0.01,"","mtada_aggregated","trait1","bfdr_observed_fdp",0.05,0.872340425531915
20260830,18,500,15,3000,3000,3000,3000,"fast","control_informative",0.05,5,0.01,"","mtada_aggregated","trait1","bfdr_estimate",0.05,0.0494415335008775
20260830,18,500,15,3000,3000,3000,3000,"fast","control_informative",0.05,5,0.01,"","mtada_aggregated","trait1","bfdr_power",0.05,0.24
20260830,18,500,15,3000,3000,3000,3000,"fast","control_informative",0.05,5,0.01,"","mtada_aggregated","trait1","bfdr_discoveries",0.05,47
20260830,18,500,15,3000,3000,3000,3000,"fast","control_informative",0.05,5,0.01,"","mtada_aggregated","trait1","bfdr_observed_fdp",0.1,0.888888888888889
20260830,18,500,15,3000,3000,3000,3000,"fast","control_informative",0.05,5,0.01,"","mtada_aggregated","trait1","bfdr_estimate",0.1,0.099602487869831
20260830,18,500,15,3000,3000,3000,3000,"fast","control_informative",0.05,5,0.01,"","mtada_aggregated","trait1","bfdr_power",0.1,0.24
20260830,18,500,15,3000,3000,3000,3000,"fast","control_informative",0.05,5,0.01,"","mtada_aggregated","trait1","bfdr_discoveries",0.1,54
20260830,18,500,15,3000,3000,3000,3000,"fast","control_informative",0.05,5,0.01,"","mtada_aggregated","trait1","bfdr_observed_fdp",0.2,0.875
20260830,18,500,15,3000,3000,3000,3000,"fast","control_informative",0.05,5,0.01,"","mtada_aggregated","trait1","bfdr_estimate",0.2,0.191853050360516
20260830,18,500,15,3000,3000,3000,3000,"fast","control_informative",0.05,5,0.01,"","mtada_aggregated","trait1","bfdr_power",0.2,0.32
20260830,18,500,15,3000,3000,3000,3000,"fast","control_informative",0.05,5,0.01,"","mtada_aggregated","trait1","bfdr_discoveries",0.2,64
20260830,18,500,15,3000,3000,3000,3000,"fast","control_informative",0.05,5,0.01,"","mtada_aggregated","trait2","bfdr_observed_fdp",0.01,0.976744186046512
20260830,18,500,15,3000,3000,3000,3000,"fast","control_informative",0.05,5,0.01,"","mtada_aggregated","trait2","bfdr_estimate",0.01,0.00901960459743834
20260830,18,500,15,3000,3000,3000,3000,"fast","control_informative",0.05,5,0.01,"","mtada_aggregated","trait2","bfdr_power",0.01,0.1
20260830,18,500,15,3000,3000,3000,3000,"fast","control_informative",0.05,5,0.01,"","mtada_aggregated","trait2","bfdr_discoveries",0.01,43
20260830,18,500,15,3000,3000,3000,3000,"fast","control_informative",0.05,5,0.01,"","mtada_aggregated","trait2","bfdr_observed_fdp",0.05,0.98
20260830,18,500,15,3000,3000,3000,3000,"fast","control_informative",0.05,5,0.01,"","mtada_aggregated","trait2","bfdr_estimate",0.05,0.0472723527238277
20260830,18,500,15,3000,3000,3000,3000,"fast","control_informative",0.05,5,0.01,"","mtada_aggregated","trait2","bfdr_power",0.05,0.1
20260830,18,500,15,3000,3000,3000,3000,"fast","control_informative",0.05,5,0.01,"","mtada_aggregated","trait2","bfdr_discoveries",0.05,50
20260830,18,500,15,3000,3000,3000,3000,"fast","control_informative",0.05,5,0.01,"","mtada_aggregated","trait2","bfdr_observed_fdp",0.1,0.982142857142857
20260830,18,500,15,3000,3000,3000,3000,"fast","control_informative",0.05,5,0.01,"","mtada_aggregated","trait2","bfdr_estimate",0.1,0.0983675556396307
20260830,18,500,15,3000,3000,3000,3000,"fast","control_informative",0.05,5,0.01,"","mtada_aggregated","trait2","bfdr_power",0.1,0.1
20260830,18,500,15,3000,3000,3000,3000,"fast","control_informative",0.05,5,0.01,"","mtada_aggregated","trait2","bfdr_discoveries",0.1,56
20260830,18,500,15,3000,3000,3000,3000,"fast","control_informative",0.05,5,0.01,"","mtada_aggregated","trait2","bfdr_observed_fdp",0.2,0.970149253731343
20260830,18,500,15,3000,3000,3000,3000,"fast","control_informative",0.05,5,0.01,"","mtada_aggregated","trait2","bfdr_estimate",0.2,0.194360646926139
20260830,18,500,15,3000,3000,3000,3000,"fast","control_informative",0.05,5,0.01,"","mtada_aggregated","trait2","bfdr_power",0.2,0.2
20260830,18,500,15,3000,3000,3000,3000,"fast","control_informative",0.05,5,0.01,"","mtada_aggregated","trait2","bfdr_discoveries",0.2,67
20260830,18,500,15,3000,3000,3000,3000,"fast","control_informative",0.05,5,0.01,"","mtada_aggregated","pleiotropy","bfdr_observed_fdp",0.01,1
20260830,18,500,15,3000,3000,3000,3000,"fast","control_informative",0.05,5,0.01,"","mtada_aggregated","pleiotropy","bfdr_estimate",0.01,0.000670613851489643
20260830,18,500,15,3000,3000,3000,3000,"fast","control_informative",0.05,5,0.01,"","mtada_aggregated","pleiotropy","bfdr_power",0.01,0
20260830,18,500,15,3000,3000,3000,3000,"fast","control_informative",0.05,5,0.01,"","mtada_aggregated","pleiotropy","bfdr_discoveries",0.01,4
20260830,18,500,15,3000,3000,3000,3000,"fast","control_informative",0.05,5,0.01,"","mtada_aggregated","pleiotropy","bfdr_observed_fdp",0.05,1
20260830,18,500,15,3000,3000,3000,3000,"fast","control_informative",0.05,5,0.01,"","mtada_aggregated","pleiotropy","bfdr_estimate",0.05,0.0342259737775489
20260830,18,500,15,3000,3000,3000,3000,"fast","control_informative",0.05,5,0.01,"","mtada_aggregated","pleiotropy","bfdr_power",0.05,0
20260830,18,500,15,3000,3000,3000,3000,"fast","control_informative",0.05,5,0.01,"","mtada_aggregated","pleiotropy","bfdr_discoveries",0.05,6
20260830,18,500,15,3000,3000,3000,3000,"fast","control_informative",0.05,5,0.01,"","mtada_aggregated","pleiotropy","bfdr_observed_fdp",0.1,1
20260830,18,500,15,3000,3000,3000,3000,"fast","control_informative",0.05,5,0.01,"","mtada_aggregated","pleiotropy","bfdr_estimate",0.1,0.0992057070327958
20260830,18,500,15,3000,3000,3000,3000,"fast","control_informative",0.05,5,0.01,"","mtada_aggregated","pleiotropy","bfdr_power",0.1,0
20260830,18,500,15,3000,3000,3000,3000,"fast","control_informative",0.05,5,0.01,"","mtada_aggregated","pleiotropy","bfdr_discoveries",0.1,9
20260830,18,500,15,3000,3000,3000,3000,"fast","control_informative",0.05,5,0.01,"","mtada_aggregated","pleiotropy","bfdr_observed_fdp",0.2,1
20260830,18,500,15,3000,3000,3000,3000,"fast","control_informative",0.05,5,0.01,"","mtada_aggregated","pleiotropy","bfdr_estimate",0.2,0.177167678819768
20260830,18,500,15,3000,3000,3000,3000,"fast","control_informative",0.05,5,0.01,"","mtada_aggregated","pleiotropy","bfdr_power",0.2,0
20260830,18,500,15,3000,3000,3000,3000,"fast","control_informative",0.05,5,0.01,"","mtada_aggregated","pleiotropy","bfdr_discoveries",0.2,12
20260830,18,500,15,3000,3000,3000,3000,"fast","control_informative",0.05,5,0.01,"","mtada_aggregated","global","runtime_seconds",NA,0.740000000000009
20260830,18,500,15,3000,3000,3000,3000,"fast","control_informative",0.05,5,0.01,"","mtada_aggregated","pleiotropy","pi11_estimate",NA,0.00347466
20260831,19,500,15,3000,3000,3000,3000,"fast","control_informative",0.05,5,0.01,"","mirage_joint","trait1","auc",NA,0.71461052631579
20260831,19,500,15,3000,3000,3000,3000,"fast","control_informative",0.05,5,0.01,"","mirage_joint","trait2","auc",NA,0.65734693877551
20260831,19,500,15,3000,3000,3000,3000,"fast","control_informative",0.05,5,0.01,"","mirage_joint","pleiotropy","auc",NA,0.49050505050505
20260831,19,500,15,3000,3000,3000,3000,"fast","control_informative",0.05,5,0.01,"","mirage_joint","trait1","pp08_power",0.8,0.12
20260831,19,500,15,3000,3000,3000,3000,"fast","control_informative",0.05,5,0.01,"","mirage_joint","trait1","pp08_fdp",0.8,0
20260831,19,500,15,3000,3000,3000,3000,"fast","control_informative",0.05,5,0.01,"","mirage_joint","trait1","pp08_discoveries",0.8,3
20260831,19,500,15,3000,3000,3000,3000,"fast","control_informative",0.05,5,0.01,"","mirage_joint","trait2","pp08_power",0.8,0.2
20260831,19,500,15,3000,3000,3000,3000,"fast","control_informative",0.05,5,0.01,"","mirage_joint","trait2","pp08_fdp",0.8,0
20260831,19,500,15,3000,3000,3000,3000,"fast","control_informative",0.05,5,0.01,"","mirage_joint","trait2","pp08_discoveries",0.8,2
20260831,19,500,15,3000,3000,3000,3000,"fast","control_informative",0.05,5,0.01,"","mirage_joint","pleiotropy","pp08_power",0.8,0
20260831,19,500,15,3000,3000,3000,3000,"fast","control_informative",0.05,5,0.01,"","mirage_joint","pleiotropy","pp08_fdp",0.8,0
20260831,19,500,15,3000,3000,3000,3000,"fast","control_informative",0.05,5,0.01,"","mirage_joint","pleiotropy","pp08_discoveries",0.8,0
20260831,19,500,15,3000,3000,3000,3000,"fast","control_informative",0.05,5,0.01,"","mirage_joint","trait1","bfdr_observed_fdp",0.01,0
20260831,19,500,15,3000,3000,3000,3000,"fast","control_informative",0.05,5,0.01,"","mirage_joint","trait1","bfdr_estimate",0.01,0.00629172623586938
20260831,19,500,15,3000,3000,3000,3000,"fast","control_informative",0.05,5,0.01,"","mirage_joint","trait1","bfdr_power",0.01,0.12
20260831,19,500,15,3000,3000,3000,3000,"fast","control_informative",0.05,5,0.01,"","mirage_joint","trait1","bfdr_discoveries",0.01,3
20260831,19,500,15,3000,3000,3000,3000,"fast","control_informative",0.05,5,0.01,"","mirage_joint","trait1","bfdr_observed_fdp",0.05,0
20260831,19,500,15,3000,3000,3000,3000,"fast","control_informative",0.05,5,0.01,"","mirage_joint","trait1","bfdr_estimate",0.05,0.00629172623586938
20260831,19,500,15,3000,3000,3000,3000,"fast","control_informative",0.05,5,0.01,"","mirage_joint","trait1","bfdr_power",0.05,0.12
20260831,19,500,15,3000,3000,3000,3000,"fast","control_informative",0.05,5,0.01,"","mirage_joint","trait1","bfdr_discoveries",0.05,3
20260831,19,500,15,3000,3000,3000,3000,"fast","control_informative",0.05,5,0.01,"","mirage_joint","trait1","bfdr_observed_fdp",0.1,0
20260831,19,500,15,3000,3000,3000,3000,"fast","control_informative",0.05,5,0.01,"","mirage_joint","trait1","bfdr_estimate",0.1,0.0549467993665172
20260831,19,500,15,3000,3000,3000,3000,"fast","control_informative",0.05,5,0.01,"","mirage_joint","trait1","bfdr_power",0.1,0.16
20260831,19,500,15,3000,3000,3000,3000,"fast","control_informative",0.05,5,0.01,"","mirage_joint","trait1","bfdr_discoveries",0.1,4
20260831,19,500,15,3000,3000,3000,3000,"fast","control_informative",0.05,5,0.01,"","mirage_joint","trait1","bfdr_observed_fdp",0.2,0.333333333333333
20260831,19,500,15,3000,3000,3000,3000,"fast","control_informative",0.05,5,0.01,"","mirage_joint","trait1","bfdr_estimate",0.2,0.188570192861054
20260831,19,500,15,3000,3000,3000,3000,"fast","control_informative",0.05,5,0.01,"","mirage_joint","trait1","bfdr_power",0.2,0.16
20260831,19,500,15,3000,3000,3000,3000,"fast","control_informative",0.05,5,0.01,"","mirage_joint","trait1","bfdr_discoveries",0.2,6
20260831,19,500,15,3000,3000,3000,3000,"fast","control_informative",0.05,5,0.01,"","mirage_joint","trait2","bfdr_observed_fdp",0.01,0
20260831,19,500,15,3000,3000,3000,3000,"fast","control_informative",0.05,5,0.01,"","mirage_joint","trait2","bfdr_estimate",0.01,0.000127935179532246
20260831,19,500,15,3000,3000,3000,3000,"fast","control_informative",0.05,5,0.01,"","mirage_joint","trait2","bfdr_power",0.01,0.1
20260831,19,500,15,3000,3000,3000,3000,"fast","control_informative",0.05,5,0.01,"","mirage_joint","trait2","bfdr_discoveries",0.01,1
20260831,19,500,15,3000,3000,3000,3000,"fast","control_informative",0.05,5,0.01,"","mirage_joint","trait2","bfdr_observed_fdp",0.05,0
20260831,19,500,15,3000,3000,3000,3000,"fast","control_informative",0.05,5,0.01,"","mirage_joint","trait2","bfdr_estimate",0.05,0.000127935179532246
20260831,19,500,15,3000,3000,3000,3000,"fast","control_informative",0.05,5,0.01,"","mirage_joint","trait2","bfdr_power",0.05,0.1
20260831,19,500,15,3000,3000,3000,3000,"fast","control_informative",0.05,5,0.01,"","mirage_joint","trait2","bfdr_discoveries",0.05,1
20260831,19,500,15,3000,3000,3000,3000,"fast","control_informative",0.05,5,0.01,"","mirage_joint","trait2","bfdr_observed_fdp",0.1,0
20260831,19,500,15,3000,3000,3000,3000,"fast","control_informative",0.05,5,0.01,"","mirage_joint","trait2","bfdr_estimate",0.1,0.0830948986647542
20260831,19,500,15,3000,3000,3000,3000,"fast","control_informative",0.05,5,0.01,"","mirage_joint","trait2","bfdr_power",0.1,0.2
20260831,19,500,15,3000,3000,3000,3000,"fast","control_informative",0.05,5,0.01,"","mirage_joint","trait2","bfdr_discoveries",0.1,2
20260831,19,500,15,3000,3000,3000,3000,"fast","control_informative",0.05,5,0.01,"","mirage_joint","trait2","bfdr_observed_fdp",0.2,0.333333333333333
20260831,19,500,15,3000,3000,3000,3000,"fast","control_informative",0.05,5,0.01,"","mirage_joint","trait2","bfdr_estimate",0.2,0.181647148688417
20260831,19,500,15,3000,3000,3000,3000,"fast","control_informative",0.05,5,0.01,"","mirage_joint","trait2","bfdr_power",0.2,0.2
20260831,19,500,15,3000,3000,3000,3000,"fast","control_informative",0.05,5,0.01,"","mirage_joint","trait2","bfdr_discoveries",0.2,3
20260831,19,500,15,3000,3000,3000,3000,"fast","control_informative",0.05,5,0.01,"","mirage_joint","pleiotropy","bfdr_observed_fdp",0.01,0
20260831,19,500,15,3000,3000,3000,3000,"fast","control_informative",0.05,5,0.01,"","mirage_joint","pleiotropy","bfdr_estimate",0.01,0
20260831,19,500,15,3000,3000,3000,3000,"fast","control_informative",0.05,5,0.01,"","mirage_joint","pleiotropy","bfdr_power",0.01,0
20260831,19,500,15,3000,3000,3000,3000,"fast","control_informative",0.05,5,0.01,"","mirage_joint","pleiotropy","bfdr_discoveries",0.01,0
20260831,19,500,15,3000,3000,3000,3000,"fast","control_informative",0.05,5,0.01,"","mirage_joint","pleiotropy","bfdr_observed_fdp",0.05,0
20260831,19,500,15,3000,3000,3000,3000,"fast","control_informative",0.05,5,0.01,"","mirage_joint","pleiotropy","bfdr_estimate",0.05,0
20260831,19,500,15,3000,3000,3000,3000,"fast","control_informative",0.05,5,0.01,"","mirage_joint","pleiotropy","bfdr_power",0.05,0
20260831,19,500,15,3000,3000,3000,3000,"fast","control_informative",0.05,5,0.01,"","mirage_joint","pleiotropy","bfdr_discoveries",0.05,0
20260831,19,500,15,3000,3000,3000,3000,"fast","control_informative",0.05,5,0.01,"","mirage_joint","pleiotropy","bfdr_observed_fdp",0.1,0
20260831,19,500,15,3000,3000,3000,3000,"fast","control_informative",0.05,5,0.01,"","mirage_joint","pleiotropy","bfdr_estimate",0.1,0
20260831,19,500,15,3000,3000,3000,3000,"fast","control_informative",0.05,5,0.01,"","mirage_joint","pleiotropy","bfdr_power",0.1,0
20260831,19,500,15,3000,3000,3000,3000,"fast","control_informative",0.05,5,0.01,"","mirage_joint","pleiotropy","bfdr_discoveries",0.1,0
20260831,19,500,15,3000,3000,3000,3000,"fast","control_informative",0.05,5,0.01,"","mirage_joint","pleiotropy","bfdr_observed_fdp",0.2,0
20260831,19,500,15,3000,3000,3000,3000,"fast","control_informative",0.05,5,0.01,"","mirage_joint","pleiotropy","bfdr_estimate",0.2,0
20260831,19,500,15,3000,3000,3000,3000,"fast","control_informative",0.05,5,0.01,"","mirage_joint","pleiotropy","bfdr_power",0.2,0
20260831,19,500,15,3000,3000,3000,3000,"fast","control_informative",0.05,5,0.01,"","mirage_joint","pleiotropy","bfdr_discoveries",0.2,0
20260831,19,500,15,3000,3000,3000,3000,"fast","control_informative",0.05,5,0.01,"","mirage_joint","global","runtime_seconds",NA,17.999
20260831,19,500,15,3000,3000,3000,3000,"fast","control_informative",0.05,5,0.01,"","mirage_joint","pleiotropy","pi11_estimate",NA,0.056314385247409
20260831,19,500,15,3000,3000,3000,3000,"fast","control_informative",0.05,5,0.01,"","separate_mirage","trait1","auc",NA,0.705852631578947
20260831,19,500,15,3000,3000,3000,3000,"fast","control_informative",0.05,5,0.01,"","separate_mirage","trait2","auc",NA,0.63530612244898
20260831,19,500,15,3000,3000,3000,3000,"fast","control_informative",0.05,5,0.01,"","separate_mirage","pleiotropy","auc",NA,0.445252525252525
20260831,19,500,15,3000,3000,3000,3000,"fast","control_informative",0.05,5,0.01,"","separate_mirage","trait1","pp08_power",0.8,0.12
20260831,19,500,15,3000,3000,3000,3000,"fast","control_informative",0.05,5,0.01,"","separate_mirage","trait1","pp08_fdp",0.8,0
20260831,19,500,15,3000,3000,3000,3000,"fast","control_informative",0.05,5,0.01,"","separate_mirage","trait1","pp08_discoveries",0.8,3
20260831,19,500,15,3000,3000,3000,3000,"fast","control_informative",0.05,5,0.01,"","separate_mirage","trait2","pp08_power",0.8,0.1
20260831,19,500,15,3000,3000,3000,3000,"fast","control_informative",0.05,5,0.01,"","separate_mirage","trait2","pp08_fdp",0.8,0
20260831,19,500,15,3000,3000,3000,3000,"fast","control_informative",0.05,5,0.01,"","separate_mirage","trait2","pp08_discoveries",0.8,1
20260831,19,500,15,3000,3000,3000,3000,"fast","control_informative",0.05,5,0.01,"","separate_mirage","pleiotropy","pp08_power",0.8,0
20260831,19,500,15,3000,3000,3000,3000,"fast","control_informative",0.05,5,0.01,"","separate_mirage","pleiotropy","pp08_fdp",0.8,0
20260831,19,500,15,3000,3000,3000,3000,"fast","control_informative",0.05,5,0.01,"","separate_mirage","pleiotropy","pp08_discoveries",0.8,0
20260831,19,500,15,3000,3000,3000,3000,"fast","control_informative",0.05,5,0.01,"","separate_mirage","trait1","bfdr_observed_fdp",0.01,0
20260831,19,500,15,3000,3000,3000,3000,"fast","control_informative",0.05,5,0.01,"","separate_mirage","trait1","bfdr_estimate",0.01,0.000362418596698888
20260831,19,500,15,3000,3000,3000,3000,"fast","control_informative",0.05,5,0.01,"","separate_mirage","trait1","bfdr_power",0.01,0.08
20260831,19,500,15,3000,3000,3000,3000,"fast","control_informative",0.05,5,0.01,"","separate_mirage","trait1","bfdr_discoveries",0.01,2
20260831,19,500,15,3000,3000,3000,3000,"fast","control_informative",0.05,5,0.01,"","separate_mirage","trait1","bfdr_observed_fdp",0.05,0
20260831,19,500,15,3000,3000,3000,3000,"fast","control_informative",0.05,5,0.01,"","separate_mirage","trait1","bfdr_estimate",0.05,0.0144015903267254
20260831,19,500,15,3000,3000,3000,3000,"fast","control_informative",0.05,5,0.01,"","separate_mirage","trait1","bfdr_power",0.05,0.12
20260831,19,500,15,3000,3000,3000,3000,"fast","control_informative",0.05,5,0.01,"","separate_mirage","trait1","bfdr_discoveries",0.05,3
20260831,19,500,15,3000,3000,3000,3000,"fast","control_informative",0.05,5,0.01,"","separate_mirage","trait1","bfdr_observed_fdp",0.1,0
20260831,19,500,15,3000,3000,3000,3000,"fast","control_informative",0.05,5,0.01,"","separate_mirage","trait1","bfdr_estimate",0.1,0.0144015903267254
20260831,19,500,15,3000,3000,3000,3000,"fast","control_informative",0.05,5,0.01,"","separate_mirage","trait1","bfdr_power",0.1,0.12
20260831,19,500,15,3000,3000,3000,3000,"fast","control_informative",0.05,5,0.01,"","separate_mirage","trait1","bfdr_discoveries",0.1,3
20260831,19,500,15,3000,3000,3000,3000,"fast","control_informative",0.05,5,0.01,"","separate_mirage","trait1","bfdr_observed_fdp",0.2,0
20260831,19,500,15,3000,3000,3000,3000,"fast","control_informative",0.05,5,0.01,"","separate_mirage","trait1","bfdr_estimate",0.2,0.155054833833419
20260831,19,500,15,3000,3000,3000,3000,"fast","control_informative",0.05,5,0.01,"","separate_mirage","trait1","bfdr_power",0.2,0.16
20260831,19,500,15,3000,3000,3000,3000,"fast","control_informative",0.05,5,0.01,"","separate_mirage","trait1","bfdr_discoveries",0.2,4
20260831,19,500,15,3000,3000,3000,3000,"fast","control_informative",0.05,5,0.01,"","separate_mirage","trait2","bfdr_observed_fdp",0.01,0
20260831,19,500,15,3000,3000,3000,3000,"fast","control_informative",0.05,5,0.01,"","separate_mirage","trait2","bfdr_estimate",0.01,0.000232009307596148
20260831,19,500,15,3000,3000,3000,3000,"fast","control_informative",0.05,5,0.01,"","separate_mirage","trait2","bfdr_power",0.01,0.1
20260831,19,500,15,3000,3000,3000,3000,"fast","control_informative",0.05,5,0.01,"","separate_mirage","trait2","bfdr_discoveries",0.01,1
20260831,19,500,15,3000,3000,3000,3000,"fast","control_informative",0.05,5,0.01,"","separate_mirage","trait2","bfdr_observed_fdp",0.05,0
20260831,19,500,15,3000,3000,3000,3000,"fast","control_informative",0.05,5,0.01,"","separate_mirage","trait2","bfdr_estimate",0.05,0.000232009307596148
20260831,19,500,15,3000,3000,3000,3000,"fast","control_informative",0.05,5,0.01,"","separate_mirage","trait2","bfdr_power",0.05,0.1
20260831,19,500,15,3000,3000,3000,3000,"fast","control_informative",0.05,5,0.01,"","separate_mirage","trait2","bfdr_discoveries",0.05,1
20260831,19,500,15,3000,3000,3000,3000,"fast","control_informative",0.05,5,0.01,"","separate_mirage","trait2","bfdr_observed_fdp",0.1,0
20260831,19,500,15,3000,3000,3000,3000,"fast","control_informative",0.05,5,0.01,"","separate_mirage","trait2","bfdr_estimate",0.1,0.000232009307596148
20260831,19,500,15,3000,3000,3000,3000,"fast","control_informative",0.05,5,0.01,"","separate_mirage","trait2","bfdr_power",0.1,0.1
20260831,19,500,15,3000,3000,3000,3000,"fast","control_informative",0.05,5,0.01,"","separate_mirage","trait2","bfdr_discoveries",0.1,1
20260831,19,500,15,3000,3000,3000,3000,"fast","control_informative",0.05,5,0.01,"","separate_mirage","trait2","bfdr_observed_fdp",0.2,0
20260831,19,500,15,3000,3000,3000,3000,"fast","control_informative",0.05,5,0.01,"","separate_mirage","trait2","bfdr_estimate",0.2,0.129298767823434
20260831,19,500,15,3000,3000,3000,3000,"fast","control_informative",0.05,5,0.01,"","separate_mirage","trait2","bfdr_power",0.2,0.2
20260831,19,500,15,3000,3000,3000,3000,"fast","control_informative",0.05,5,0.01,"","separate_mirage","trait2","bfdr_discoveries",0.2,2
20260831,19,500,15,3000,3000,3000,3000,"fast","control_informative",0.05,5,0.01,"","separate_mirage","pleiotropy","bfdr_observed_fdp",0.01,0
20260831,19,500,15,3000,3000,3000,3000,"fast","control_informative",0.05,5,0.01,"","separate_mirage","pleiotropy","bfdr_estimate",0.01,0
20260831,19,500,15,3000,3000,3000,3000,"fast","control_informative",0.05,5,0.01,"","separate_mirage","pleiotropy","bfdr_power",0.01,0
20260831,19,500,15,3000,3000,3000,3000,"fast","control_informative",0.05,5,0.01,"","separate_mirage","pleiotropy","bfdr_discoveries",0.01,0
20260831,19,500,15,3000,3000,3000,3000,"fast","control_informative",0.05,5,0.01,"","separate_mirage","pleiotropy","bfdr_observed_fdp",0.05,0
20260831,19,500,15,3000,3000,3000,3000,"fast","control_informative",0.05,5,0.01,"","separate_mirage","pleiotropy","bfdr_estimate",0.05,0
20260831,19,500,15,3000,3000,3000,3000,"fast","control_informative",0.05,5,0.01,"","separate_mirage","pleiotropy","bfdr_power",0.05,0
20260831,19,500,15,3000,3000,3000,3000,"fast","control_informative",0.05,5,0.01,"","separate_mirage","pleiotropy","bfdr_discoveries",0.05,0
20260831,19,500,15,3000,3000,3000,3000,"fast","control_informative",0.05,5,0.01,"","separate_mirage","pleiotropy","bfdr_observed_fdp",0.1,0
20260831,19,500,15,3000,3000,3000,3000,"fast","control_informative",0.05,5,0.01,"","separate_mirage","pleiotropy","bfdr_estimate",0.1,0
20260831,19,500,15,3000,3000,3000,3000,"fast","control_informative",0.05,5,0.01,"","separate_mirage","pleiotropy","bfdr_power",0.1,0
20260831,19,500,15,3000,3000,3000,3000,"fast","control_informative",0.05,5,0.01,"","separate_mirage","pleiotropy","bfdr_discoveries",0.1,0
20260831,19,500,15,3000,3000,3000,3000,"fast","control_informative",0.05,5,0.01,"","separate_mirage","pleiotropy","bfdr_observed_fdp",0.2,0
20260831,19,500,15,3000,3000,3000,3000,"fast","control_informative",0.05,5,0.01,"","separate_mirage","pleiotropy","bfdr_estimate",0.2,0
20260831,19,500,15,3000,3000,3000,3000,"fast","control_informative",0.05,5,0.01,"","separate_mirage","pleiotropy","bfdr_power",0.2,0
20260831,19,500,15,3000,3000,3000,3000,"fast","control_informative",0.05,5,0.01,"","separate_mirage","pleiotropy","bfdr_discoveries",0.2,0
20260831,19,500,15,3000,3000,3000,3000,"fast","control_informative",0.05,5,0.01,"","separate_mirage","global","runtime_seconds",NA,18.014
20260831,19,500,15,3000,3000,3000,3000,"fast","control_informative",0.05,5,0.01,"","separate_mirage","pleiotropy","pi11_estimate",NA,0.001
20260831,19,500,15,3000,3000,3000,3000,"fast","control_informative",0.05,5,0.01,"","mtada_aggregated","trait1","auc",NA,0.64661052631579
20260831,19,500,15,3000,3000,3000,3000,"fast","control_informative",0.05,5,0.01,"","mtada_aggregated","trait2","auc",NA,0.605510204081633
20260831,19,500,15,3000,3000,3000,3000,"fast","control_informative",0.05,5,0.01,"","mtada_aggregated","pleiotropy","auc",NA,0.592727272727273
20260831,19,500,15,3000,3000,3000,3000,"fast","control_informative",0.05,5,0.01,"","mtada_aggregated","trait1","pp08_power",0.8,0.36
20260831,19,500,15,3000,3000,3000,3000,"fast","control_informative",0.05,5,0.01,"","mtada_aggregated","trait1","pp08_fdp",0.8,0.823529411764706
20260831,19,500,15,3000,3000,3000,3000,"fast","control_informative",0.05,5,0.01,"","mtada_aggregated","trait1","pp08_discoveries",0.8,51
20260831,19,500,15,3000,3000,3000,3000,"fast","control_informative",0.05,5,0.01,"","mtada_aggregated","trait2","pp08_power",0.8,0.2
20260831,19,500,15,3000,3000,3000,3000,"fast","control_informative",0.05,5,0.01,"","mtada_aggregated","trait2","pp08_fdp",0.8,0.931034482758621
20260831,19,500,15,3000,3000,3000,3000,"fast","control_informative",0.05,5,0.01,"","mtada_aggregated","trait2","pp08_discoveries",0.8,29
20260831,19,500,15,3000,3000,3000,3000,"fast","control_informative",0.05,5,0.01,"","mtada_aggregated","pleiotropy","pp08_power",0.8,0
20260831,19,500,15,3000,3000,3000,3000,"fast","control_informative",0.05,5,0.01,"","mtada_aggregated","pleiotropy","pp08_fdp",0.8,1
20260831,19,500,15,3000,3000,3000,3000,"fast","control_informative",0.05,5,0.01,"","mtada_aggregated","pleiotropy","pp08_discoveries",0.8,1
20260831,19,500,15,3000,3000,3000,3000,"fast","control_informative",0.05,5,0.01,"","mtada_aggregated","trait1","bfdr_observed_fdp",0.01,0.840909090909091
20260831,19,500,15,3000,3000,3000,3000,"fast","control_informative",0.05,5,0.01,"","mtada_aggregated","trait1","bfdr_estimate",0.01,0.00942605464528749
20260831,19,500,15,3000,3000,3000,3000,"fast","control_informative",0.05,5,0.01,"","mtada_aggregated","trait1","bfdr_power",0.01,0.28
20260831,19,500,15,3000,3000,3000,3000,"fast","control_informative",0.05,5,0.01,"","mtada_aggregated","trait1","bfdr_discoveries",0.01,44
20260831,19,500,15,3000,3000,3000,3000,"fast","control_informative",0.05,5,0.01,"","mtada_aggregated","trait1","bfdr_observed_fdp",0.05,0.839285714285714
20260831,19,500,15,3000,3000,3000,3000,"fast","control_informative",0.05,5,0.01,"","mtada_aggregated","trait1","bfdr_estimate",0.05,0.0494144509051295
20260831,19,500,15,3000,3000,3000,3000,"fast","control_informative",0.05,5,0.01,"","mtada_aggregated","trait1","bfdr_power",0.05,0.36
20260831,19,500,15,3000,3000,3000,3000,"fast","control_informative",0.05,5,0.01,"","mtada_aggregated","trait1","bfdr_discoveries",0.05,56
20260831,19,500,15,3000,3000,3000,3000,"fast","control_informative",0.05,5,0.01,"","mtada_aggregated","trait1","bfdr_observed_fdp",0.1,0.838709677419355
20260831,19,500,15,3000,3000,3000,3000,"fast","control_informative",0.05,5,0.01,"","mtada_aggregated","trait1","bfdr_estimate",0.1,0.0970737582024677
20260831,19,500,15,3000,3000,3000,3000,"fast","control_informative",0.05,5,0.01,"","mtada_aggregated","trait1","bfdr_power",0.1,0.4
20260831,19,500,15,3000,3000,3000,3000,"fast","control_informative",0.05,5,0.01,"","mtada_aggregated","trait1","bfdr_discoveries",0.1,62
20260831,19,500,15,3000,3000,3000,3000,"fast","control_informative",0.05,5,0.01,"","mtada_aggregated","trait1","bfdr_observed_fdp",0.2,0.863013698630137
20260831,19,500,15,3000,3000,3000,3000,"fast","control_informative",0.05,5,0.01,"","mtada_aggregated","trait1","bfdr_estimate",0.2,0.194479581072958
20260831,19,500,15,3000,3000,3000,3000,"fast","control_informative",0.05,5,0.01,"","mtada_aggregated","trait1","bfdr_power",0.2,0.4
20260831,19,500,15,3000,3000,3000,3000,"fast","control_informative",0.05,5,0.01,"","mtada_aggregated","trait1","bfdr_discoveries",0.2,73
20260831,19,500,15,3000,3000,3000,3000,"fast","control_informative",0.05,5,0.01,"","mtada_aggregated","trait2","bfdr_observed_fdp",0.01,0.909090909090909
20260831,19,500,15,3000,3000,3000,3000,"fast","control_informative",0.05,5,0.01,"","mtada_aggregated","trait2","bfdr_estimate",0.01,0.00754731808584544
20260831,19,500,15,3000,3000,3000,3000,"fast","control_informative",0.05,5,0.01,"","mtada_aggregated","trait2","bfdr_power",0.01,0.2
20260831,19,500,15,3000,3000,3000,3000,"fast","control_informative",0.05,5,0.01,"","mtada_aggregated","trait2","bfdr_discoveries",0.01,22
20260831,19,500,15,3000,3000,3000,3000,"fast","control_informative",0.05,5,0.01,"","mtada_aggregated","trait2","bfdr_observed_fdp",0.05,0.933333333333333
20260831,19,500,15,3000,3000,3000,3000,"fast","control_informative",0.05,5,0.01,"","mtada_aggregated","trait2","bfdr_estimate",0.05,0.0499007226190196
20260831,19,500,15,3000,3000,3000,3000,"fast","control_informative",0.05,5,0.01,"","mtada_aggregated","trait2","bfdr_power",0.05,0.2
20260831,19,500,15,3000,3000,3000,3000,"fast","control_informative",0.05,5,0.01,"","mtada_aggregated","trait2","bfdr_discoveries",0.05,30
20260831,19,500,15,3000,3000,3000,3000,"fast","control_informative",0.05,5,0.01,"","mtada_aggregated","trait2","bfdr_observed_fdp",0.1,0.891891891891892
20260831,19,500,15,3000,3000,3000,3000,"fast","control_informative",0.05,5,0.01,"","mtada_aggregated","trait2","bfdr_estimate",0.1,0.0963642754232855
20260831,19,500,15,3000,3000,3000,3000,"fast","control_informative",0.05,5,0.01,"","mtada_aggregated","trait2","bfdr_power",0.1,0.4
20260831,19,500,15,3000,3000,3000,3000,"fast","control_informative",0.05,5,0.01,"","mtada_aggregated","trait2","bfdr_discoveries",0.1,37
20260831,19,500,15,3000,3000,3000,3000,"fast","control_informative",0.05,5,0.01,"","mtada_aggregated","trait2","bfdr_observed_fdp",0.2,0.916666666666667
20260831,19,500,15,3000,3000,3000,3000,"fast","control_informative",0.05,5,0.01,"","mtada_aggregated","trait2","bfdr_estimate",0.2,0.197452568810222
20260831,19,500,15,3000,3000,3000,3000,"fast","control_informative",0.05,5,0.01,"","mtada_aggregated","trait2","bfdr_power",0.2,0.4
20260831,19,500,15,3000,3000,3000,3000,"fast","control_informative",0.05,5,0.01,"","mtada_aggregated","trait2","bfdr_discoveries",0.2,48
20260831,19,500,15,3000,3000,3000,3000,"fast","control_informative",0.05,5,0.01,"","mtada_aggregated","pleiotropy","bfdr_observed_fdp",0.01,0
20260831,19,500,15,3000,3000,3000,3000,"fast","control_informative",0.05,5,0.01,"","mtada_aggregated","pleiotropy","bfdr_estimate",0.01,0
20260831,19,500,15,3000,3000,3000,3000,"fast","control_informative",0.05,5,0.01,"","mtada_aggregated","pleiotropy","bfdr_power",0.01,0
20260831,19,500,15,3000,3000,3000,3000,"fast","control_informative",0.05,5,0.01,"","mtada_aggregated","pleiotropy","bfdr_discoveries",0.01,0
20260831,19,500,15,3000,3000,3000,3000,"fast","control_informative",0.05,5,0.01,"","mtada_aggregated","pleiotropy","bfdr_observed_fdp",0.05,0
20260831,19,500,15,3000,3000,3000,3000,"fast","control_informative",0.05,5,0.01,"","mtada_aggregated","pleiotropy","bfdr_estimate",0.05,0
20260831,19,500,15,3000,3000,3000,3000,"fast","control_informative",0.05,5,0.01,"","mtada_aggregated","pleiotropy","bfdr_power",0.05,0
20260831,19,500,15,3000,3000,3000,3000,"fast","control_informative",0.05,5,0.01,"","mtada_aggregated","pleiotropy","bfdr_discoveries",0.05,0
20260831,19,500,15,3000,3000,3000,3000,"fast","control_informative",0.05,5,0.01,"","mtada_aggregated","pleiotropy","bfdr_observed_fdp",0.1,0
20260831,19,500,15,3000,3000,3000,3000,"fast","control_informative",0.05,5,0.01,"","mtada_aggregated","pleiotropy","bfdr_estimate",0.1,0
20260831,19,500,15,3000,3000,3000,3000,"fast","control_informative",0.05,5,0.01,"","mtada_aggregated","pleiotropy","bfdr_power",0.1,0
20260831,19,500,15,3000,3000,3000,3000,"fast","control_informative",0.05,5,0.01,"","mtada_aggregated","pleiotropy","bfdr_discoveries",0.1,0
20260831,19,500,15,3000,3000,3000,3000,"fast","control_informative",0.05,5,0.01,"","mtada_aggregated","pleiotropy","bfdr_observed_fdp",0.2,1
20260831,19,500,15,3000,3000,3000,3000,"fast","control_informative",0.05,5,0.01,"","mtada_aggregated","pleiotropy","bfdr_estimate",0.2,0.147165157738324
20260831,19,500,15,3000,3000,3000,3000,"fast","control_informative",0.05,5,0.01,"","mtada_aggregated","pleiotropy","bfdr_power",0.2,0
20260831,19,500,15,3000,3000,3000,3000,"fast","control_informative",0.05,5,0.01,"","mtada_aggregated","pleiotropy","bfdr_discoveries",0.2,1
20260831,19,500,15,3000,3000,3000,3000,"fast","control_informative",0.05,5,0.01,"","mtada_aggregated","global","runtime_seconds",NA,0.740999999999985
20260831,19,500,15,3000,3000,3000,3000,"fast","control_informative",0.05,5,0.01,"","mtada_aggregated","pleiotropy","pi11_estimate",NA,0.00154648
20260832,20,500,15,3000,3000,3000,3000,"fast","control_informative",0.05,5,0.01,"","mirage_joint","trait1","auc",NA,0.692631578947368
20260832,20,500,15,3000,3000,3000,3000,"fast","control_informative",0.05,5,0.01,"","mirage_joint","trait2","auc",NA,0.669387755102041
20260832,20,500,15,3000,3000,3000,3000,"fast","control_informative",0.05,5,0.01,"","mirage_joint","pleiotropy","auc",NA,0.795151515151515
20260832,20,500,15,3000,3000,3000,3000,"fast","control_informative",0.05,5,0.01,"","mirage_joint","trait1","pp08_power",0.8,0.24
20260832,20,500,15,3000,3000,3000,3000,"fast","control_informative",0.05,5,0.01,"","mirage_joint","trait1","pp08_fdp",0.8,0.142857142857143
20260832,20,500,15,3000,3000,3000,3000,"fast","control_informative",0.05,5,0.01,"","mirage_joint","trait1","pp08_discoveries",0.8,7
20260832,20,500,15,3000,3000,3000,3000,"fast","control_informative",0.05,5,0.01,"","mirage_joint","trait2","pp08_power",0.8,0
20260832,20,500,15,3000,3000,3000,3000,"fast","control_informative",0.05,5,0.01,"","mirage_joint","trait2","pp08_fdp",0.8,0
20260832,20,500,15,3000,3000,3000,3000,"fast","control_informative",0.05,5,0.01,"","mirage_joint","trait2","pp08_discoveries",0.8,0
20260832,20,500,15,3000,3000,3000,3000,"fast","control_informative",0.05,5,0.01,"","mirage_joint","pleiotropy","pp08_power",0.8,0
20260832,20,500,15,3000,3000,3000,3000,"fast","control_informative",0.05,5,0.01,"","mirage_joint","pleiotropy","pp08_fdp",0.8,0
20260832,20,500,15,3000,3000,3000,3000,"fast","control_informative",0.05,5,0.01,"","mirage_joint","pleiotropy","pp08_discoveries",0.8,0
20260832,20,500,15,3000,3000,3000,3000,"fast","control_informative",0.05,5,0.01,"","mirage_joint","trait1","bfdr_observed_fdp",0.01,0
20260832,20,500,15,3000,3000,3000,3000,"fast","control_informative",0.05,5,0.01,"","mirage_joint","trait1","bfdr_estimate",0.01,0.000737890101627614
20260832,20,500,15,3000,3000,3000,3000,"fast","control_informative",0.05,5,0.01,"","mirage_joint","trait1","bfdr_power",0.01,0.12
20260832,20,500,15,3000,3000,3000,3000,"fast","control_informative",0.05,5,0.01,"","mirage_joint","trait1","bfdr_discoveries",0.01,3
20260832,20,500,15,3000,3000,3000,3000,"fast","control_informative",0.05,5,0.01,"","mirage_joint","trait1","bfdr_observed_fdp",0.05,0
20260832,20,500,15,3000,3000,3000,3000,"fast","control_informative",0.05,5,0.01,"","mirage_joint","trait1","bfdr_estimate",0.05,0.0453149968126445
20260832,20,500,15,3000,3000,3000,3000,"fast","control_informative",0.05,5,0.01,"","mirage_joint","trait1","bfdr_power",0.05,0.2
20260832,20,500,15,3000,3000,3000,3000,"fast","control_informative",0.05,5,0.01,"","mirage_joint","trait1","bfdr_discoveries",0.05,5
20260832,20,500,15,3000,3000,3000,3000,"fast","control_informative",0.05,5,0.01,"","mirage_joint","trait1","bfdr_observed_fdp",0.1,0.25
20260832,20,500,15,3000,3000,3000,3000,"fast","control_informative",0.05,5,0.01,"","mirage_joint","trait1","bfdr_estimate",0.1,0.0961840118758379
20260832,20,500,15,3000,3000,3000,3000,"fast","control_informative",0.05,5,0.01,"","mirage_joint","trait1","bfdr_power",0.1,0.24
20260832,20,500,15,3000,3000,3000,3000,"fast","control_informative",0.05,5,0.01,"","mirage_joint","trait1","bfdr_discoveries",0.1,8
20260832,20,500,15,3000,3000,3000,3000,"fast","control_informative",0.05,5,0.01,"","mirage_joint","trait1","bfdr_observed_fdp",0.2,0.454545454545455
20260832,20,500,15,3000,3000,3000,3000,"fast","control_informative",0.05,5,0.01,"","mirage_joint","trait1","bfdr_estimate",0.2,0.183140321618011
20260832,20,500,15,3000,3000,3000,3000,"fast","control_informative",0.05,5,0.01,"","mirage_joint","trait1","bfdr_power",0.2,0.24
20260832,20,500,15,3000,3000,3000,3000,"fast","control_informative",0.05,5,0.01,"","mirage_joint","trait1","bfdr_discoveries",0.2,11
20260832,20,500,15,3000,3000,3000,3000,"fast","control_informative",0.05,5,0.01,"","mirage_joint","trait2","bfdr_observed_fdp",0.01,0
20260832,20,500,15,3000,3000,3000,3000,"fast","control_informative",0.05,5,0.01,"","mirage_joint","trait2","bfdr_estimate",0.01,0
20260832,20,500,15,3000,3000,3000,3000,"fast","control_informative",0.05,5,0.01,"","mirage_joint","trait2","bfdr_power",0.01,0
20260832,20,500,15,3000,3000,3000,3000,"fast","control_informative",0.05,5,0.01,"","mirage_joint","trait2","bfdr_discoveries",0.01,0
20260832,20,500,15,3000,3000,3000,3000,"fast","control_informative",0.05,5,0.01,"","mirage_joint","trait2","bfdr_observed_fdp",0.05,0
20260832,20,500,15,3000,3000,3000,3000,"fast","control_informative",0.05,5,0.01,"","mirage_joint","trait2","bfdr_estimate",0.05,0
20260832,20,500,15,3000,3000,3000,3000,"fast","control_informative",0.05,5,0.01,"","mirage_joint","trait2","bfdr_power",0.05,0
20260832,20,500,15,3000,3000,3000,3000,"fast","control_informative",0.05,5,0.01,"","mirage_joint","trait2","bfdr_discoveries",0.05,0
20260832,20,500,15,3000,3000,3000,3000,"fast","control_informative",0.05,5,0.01,"","mirage_joint","trait2","bfdr_observed_fdp",0.1,0
20260832,20,500,15,3000,3000,3000,3000,"fast","control_informative",0.05,5,0.01,"","mirage_joint","trait2","bfdr_estimate",0.1,0
20260832,20,500,15,3000,3000,3000,3000,"fast","control_informative",0.05,5,0.01,"","mirage_joint","trait2","bfdr_power",0.1,0
20260832,20,500,15,3000,3000,3000,3000,"fast","control_informative",0.05,5,0.01,"","mirage_joint","trait2","bfdr_discoveries",0.1,0
20260832,20,500,15,3000,3000,3000,3000,"fast","control_informative",0.05,5,0.01,"","mirage_joint","trait2","bfdr_observed_fdp",0.2,0
20260832,20,500,15,3000,3000,3000,3000,"fast","control_informative",0.05,5,0.01,"","mirage_joint","trait2","bfdr_estimate",0.2,0
20260832,20,500,15,3000,3000,3000,3000,"fast","control_informative",0.05,5,0.01,"","mirage_joint","trait2","bfdr_power",0.2,0
20260832,20,500,15,3000,3000,3000,3000,"fast","control_informative",0.05,5,0.01,"","mirage_joint","trait2","bfdr_discoveries",0.2,0
20260832,20,500,15,3000,3000,3000,3000,"fast","control_informative",0.05,5,0.01,"","mirage_joint","pleiotropy","bfdr_observed_fdp",0.01,0
20260832,20,500,15,3000,3000,3000,3000,"fast","control_informative",0.05,5,0.01,"","mirage_joint","pleiotropy","bfdr_estimate",0.01,0
20260832,20,500,15,3000,3000,3000,3000,"fast","control_informative",0.05,5,0.01,"","mirage_joint","pleiotropy","bfdr_power",0.01,0
20260832,20,500,15,3000,3000,3000,3000,"fast","control_informative",0.05,5,0.01,"","mirage_joint","pleiotropy","bfdr_discoveries",0.01,0
20260832,20,500,15,3000,3000,3000,3000,"fast","control_informative",0.05,5,0.01,"","mirage_joint","pleiotropy","bfdr_observed_fdp",0.05,0
20260832,20,500,15,3000,3000,3000,3000,"fast","control_informative",0.05,5,0.01,"","mirage_joint","pleiotropy","bfdr_estimate",0.05,0
20260832,20,500,15,3000,3000,3000,3000,"fast","control_informative",0.05,5,0.01,"","mirage_joint","pleiotropy","bfdr_power",0.05,0
20260832,20,500,15,3000,3000,3000,3000,"fast","control_informative",0.05,5,0.01,"","mirage_joint","pleiotropy","bfdr_discoveries",0.05,0
20260832,20,500,15,3000,3000,3000,3000,"fast","control_informative",0.05,5,0.01,"","mirage_joint","pleiotropy","bfdr_observed_fdp",0.1,0
20260832,20,500,15,3000,3000,3000,3000,"fast","control_informative",0.05,5,0.01,"","mirage_joint","pleiotropy","bfdr_estimate",0.1,0
20260832,20,500,15,3000,3000,3000,3000,"fast","control_informative",0.05,5,0.01,"","mirage_joint","pleiotropy","bfdr_power",0.1,0
20260832,20,500,15,3000,3000,3000,3000,"fast","control_informative",0.05,5,0.01,"","mirage_joint","pleiotropy","bfdr_discoveries",0.1,0
20260832,20,500,15,3000,3000,3000,3000,"fast","control_informative",0.05,5,0.01,"","mirage_joint","pleiotropy","bfdr_observed_fdp",0.2,0
20260832,20,500,15,3000,3000,3000,3000,"fast","control_informative",0.05,5,0.01,"","mirage_joint","pleiotropy","bfdr_estimate",0.2,0
20260832,20,500,15,3000,3000,3000,3000,"fast","control_informative",0.05,5,0.01,"","mirage_joint","pleiotropy","bfdr_power",0.2,0
20260832,20,500,15,3000,3000,3000,3000,"fast","control_informative",0.05,5,0.01,"","mirage_joint","pleiotropy","bfdr_discoveries",0.2,0
20260832,20,500,15,3000,3000,3000,3000,"fast","control_informative",0.05,5,0.01,"","mirage_joint","global","runtime_seconds",NA,17.988
20260832,20,500,15,3000,3000,3000,3000,"fast","control_informative",0.05,5,0.01,"","mirage_joint","pleiotropy","pi11_estimate",NA,0.0143306922882713
20260832,20,500,15,3000,3000,3000,3000,"fast","control_informative",0.05,5,0.01,"","separate_mirage","trait1","auc",NA,0.678821052631579
20260832,20,500,15,3000,3000,3000,3000,"fast","control_informative",0.05,5,0.01,"","separate_mirage","trait2","auc",NA,0.645714285714286
20260832,20,500,15,3000,3000,3000,3000,"fast","control_informative",0.05,5,0.01,"","separate_mirage","pleiotropy","auc",NA,0.768888888888889
20260832,20,500,15,3000,3000,3000,3000,"fast","control_informative",0.05,5,0.01,"","separate_mirage","trait1","pp08_power",0.8,0.2
20260832,20,500,15,3000,3000,3000,3000,"fast","control_informative",0.05,5,0.01,"","separate_mirage","trait1","pp08_fdp",0.8,0
20260832,20,500,15,3000,3000,3000,3000,"fast","control_informative",0.05,5,0.01,"","separate_mirage","trait1","pp08_discoveries",0.8,5
20260832,20,500,15,3000,3000,3000,3000,"fast","control_informative",0.05,5,0.01,"","separate_mirage","trait2","pp08_power",0.8,0
20260832,20,500,15,3000,3000,3000,3000,"fast","control_informative",0.05,5,0.01,"","separate_mirage","trait2","pp08_fdp",0.8,0
20260832,20,500,15,3000,3000,3000,3000,"fast","control_informative",0.05,5,0.01,"","separate_mirage","trait2","pp08_discoveries",0.8,0
20260832,20,500,15,3000,3000,3000,3000,"fast","control_informative",0.05,5,0.01,"","separate_mirage","pleiotropy","pp08_power",0.8,0
20260832,20,500,15,3000,3000,3000,3000,"fast","control_informative",0.05,5,0.01,"","separate_mirage","pleiotropy","pp08_fdp",0.8,0
20260832,20,500,15,3000,3000,3000,3000,"fast","control_informative",0.05,5,0.01,"","separate_mirage","pleiotropy","pp08_discoveries",0.8,0
20260832,20,500,15,3000,3000,3000,3000,"fast","control_informative",0.05,5,0.01,"","separate_mirage","trait1","bfdr_observed_fdp",0.01,0
20260832,20,500,15,3000,3000,3000,3000,"fast","control_informative",0.05,5,0.01,"","separate_mirage","trait1","bfdr_estimate",0.01,0.0043314590763666
20260832,20,500,15,3000,3000,3000,3000,"fast","control_informative",0.05,5,0.01,"","separate_mirage","trait1","bfdr_power",0.01,0.12
20260832,20,500,15,3000,3000,3000,3000,"fast","control_informative",0.05,5,0.01,"","separate_mirage","trait1","bfdr_discoveries",0.01,3
20260832,20,500,15,3000,3000,3000,3000,"fast","control_informative",0.05,5,0.01,"","separate_mirage","trait1","bfdr_observed_fdp",0.05,0
20260832,20,500,15,3000,3000,3000,3000,"fast","control_informative",0.05,5,0.01,"","separate_mirage","trait1","bfdr_estimate",0.05,0.0373786051247431
20260832,20,500,15,3000,3000,3000,3000,"fast","control_informative",0.05,5,0.01,"","separate_mirage","trait1","bfdr_power",0.05,0.16
20260832,20,500,15,3000,3000,3000,3000,"fast","control_informative",0.05,5,0.01,"","separate_mirage","trait1","bfdr_discoveries",0.05,4
20260832,20,500,15,3000,3000,3000,3000,"fast","control_informative",0.05,5,0.01,"","separate_mirage","trait1","bfdr_observed_fdp",0.1,0
20260832,20,500,15,3000,3000,3000,3000,"fast","control_informative",0.05,5,0.01,"","separate_mirage","trait1","bfdr_estimate",0.1,0.0852119181965224
20260832,20,500,15,3000,3000,3000,3000,"fast","control_informative",0.05,5,0.01,"","separate_mirage","trait1","bfdr_power",0.1,0.24
20260832,20,500,15,3000,3000,3000,3000,"fast","control_informative",0.05,5,0.01,"","separate_mirage","trait1","bfdr_discoveries",0.1,6
20260832,20,500,15,3000,3000,3000,3000,"fast","control_informative",0.05,5,0.01,"","separate_mirage","trait1","bfdr_observed_fdp",0.2,0.333333333333333
20260832,20,500,15,3000,3000,3000,3000,"fast","control_informative",0.05,5,0.01,"","separate_mirage","trait1","bfdr_estimate",0.2,0.186656396322317
20260832,20,500,15,3000,3000,3000,3000,"fast","control_informative",0.05,5,0.01,"","separate_mirage","trait1","bfdr_power",0.2,0.24
20260832,20,500,15,3000,3000,3000,3000,"fast","control_informative",0.05,5,0.01,"","separate_mirage","trait1","bfdr_discoveries",0.2,9
20260832,20,500,15,3000,3000,3000,3000,"fast","control_informative",0.05,5,0.01,"","separate_mirage","trait2","bfdr_observed_fdp",0.01,0
20260832,20,500,15,3000,3000,3000,3000,"fast","control_informative",0.05,5,0.01,"","separate_mirage","trait2","bfdr_estimate",0.01,0
20260832,20,500,15,3000,3000,3000,3000,"fast","control_informative",0.05,5,0.01,"","separate_mirage","trait2","bfdr_power",0.01,0
20260832,20,500,15,3000,3000,3000,3000,"fast","control_informative",0.05,5,0.01,"","separate_mirage","trait2","bfdr_discoveries",0.01,0
20260832,20,500,15,3000,3000,3000,3000,"fast","control_informative",0.05,5,0.01,"","separate_mirage","trait2","bfdr_observed_fdp",0.05,0
20260832,20,500,15,3000,3000,3000,3000,"fast","control_informative",0.05,5,0.01,"","separate_mirage","trait2","bfdr_estimate",0.05,0
20260832,20,500,15,3000,3000,3000,3000,"fast","control_informative",0.05,5,0.01,"","separate_mirage","trait2","bfdr_power",0.05,0
20260832,20,500,15,3000,3000,3000,3000,"fast","control_informative",0.05,5,0.01,"","separate_mirage","trait2","bfdr_discoveries",0.05,0
20260832,20,500,15,3000,3000,3000,3000,"fast","control_informative",0.05,5,0.01,"","separate_mirage","trait2","bfdr_observed_fdp",0.1,0
20260832,20,500,15,3000,3000,3000,3000,"fast","control_informative",0.05,5,0.01,"","separate_mirage","trait2","bfdr_estimate",0.1,0
20260832,20,500,15,3000,3000,3000,3000,"fast","control_informative",0.05,5,0.01,"","separate_mirage","trait2","bfdr_power",0.1,0
20260832,20,500,15,3000,3000,3000,3000,"fast","control_informative",0.05,5,0.01,"","separate_mirage","trait2","bfdr_discoveries",0.1,0
20260832,20,500,15,3000,3000,3000,3000,"fast","control_informative",0.05,5,0.01,"","separate_mirage","trait2","bfdr_observed_fdp",0.2,0
20260832,20,500,15,3000,3000,3000,3000,"fast","control_informative",0.05,5,0.01,"","separate_mirage","trait2","bfdr_estimate",0.2,0
20260832,20,500,15,3000,3000,3000,3000,"fast","control_informative",0.05,5,0.01,"","separate_mirage","trait2","bfdr_power",0.2,0
20260832,20,500,15,3000,3000,3000,3000,"fast","control_informative",0.05,5,0.01,"","separate_mirage","trait2","bfdr_discoveries",0.2,0
20260832,20,500,15,3000,3000,3000,3000,"fast","control_informative",0.05,5,0.01,"","separate_mirage","pleiotropy","bfdr_observed_fdp",0.01,0
20260832,20,500,15,3000,3000,3000,3000,"fast","control_informative",0.05,5,0.01,"","separate_mirage","pleiotropy","bfdr_estimate",0.01,0
20260832,20,500,15,3000,3000,3000,3000,"fast","control_informative",0.05,5,0.01,"","separate_mirage","pleiotropy","bfdr_power",0.01,0
20260832,20,500,15,3000,3000,3000,3000,"fast","control_informative",0.05,5,0.01,"","separate_mirage","pleiotropy","bfdr_discoveries",0.01,0
20260832,20,500,15,3000,3000,3000,3000,"fast","control_informative",0.05,5,0.01,"","separate_mirage","pleiotropy","bfdr_observed_fdp",0.05,0
20260832,20,500,15,3000,3000,3000,3000,"fast","control_informative",0.05,5,0.01,"","separate_mirage","pleiotropy","bfdr_estimate",0.05,0
20260832,20,500,15,3000,3000,3000,3000,"fast","control_informative",0.05,5,0.01,"","separate_mirage","pleiotropy","bfdr_power",0.05,0
20260832,20,500,15,3000,3000,3000,3000,"fast","control_informative",0.05,5,0.01,"","separate_mirage","pleiotropy","bfdr_discoveries",0.05,0
20260832,20,500,15,3000,3000,3000,3000,"fast","control_informative",0.05,5,0.01,"","separate_mirage","pleiotropy","bfdr_observed_fdp",0.1,0
20260832,20,500,15,3000,3000,3000,3000,"fast","control_informative",0.05,5,0.01,"","separate_mirage","pleiotropy","bfdr_estimate",0.1,0
20260832,20,500,15,3000,3000,3000,3000,"fast","control_informative",0.05,5,0.01,"","separate_mirage","pleiotropy","bfdr_power",0.1,0
20260832,20,500,15,3000,3000,3000,3000,"fast","control_informative",0.05,5,0.01,"","separate_mirage","pleiotropy","bfdr_discoveries",0.1,0
20260832,20,500,15,3000,3000,3000,3000,"fast","control_informative",0.05,5,0.01,"","separate_mirage","pleiotropy","bfdr_observed_fdp",0.2,0
20260832,20,500,15,3000,3000,3000,3000,"fast","control_informative",0.05,5,0.01,"","separate_mirage","pleiotropy","bfdr_estimate",0.2,0
20260832,20,500,15,3000,3000,3000,3000,"fast","control_informative",0.05,5,0.01,"","separate_mirage","pleiotropy","bfdr_power",0.2,0
20260832,20,500,15,3000,3000,3000,3000,"fast","control_informative",0.05,5,0.01,"","separate_mirage","pleiotropy","bfdr_discoveries",0.2,0
20260832,20,500,15,3000,3000,3000,3000,"fast","control_informative",0.05,5,0.01,"","separate_mirage","global","runtime_seconds",NA,17.978
20260832,20,500,15,3000,3000,3000,3000,"fast","control_informative",0.05,5,0.01,"","separate_mirage","pleiotropy","pi11_estimate",NA,0.001
20260832,20,500,15,3000,3000,3000,3000,"fast","control_informative",0.05,5,0.01,"","mtada_aggregated","trait1","auc",NA,0.702063157894737
20260832,20,500,15,3000,3000,3000,3000,"fast","control_informative",0.05,5,0.01,"","mtada_aggregated","trait2","auc",NA,0.611632653061224
20260832,20,500,15,3000,3000,3000,3000,"fast","control_informative",0.05,5,0.01,"","mtada_aggregated","pleiotropy","auc",NA,0.687272727272727
20260832,20,500,15,3000,3000,3000,3000,"fast","control_informative",0.05,5,0.01,"","mtada_aggregated","trait1","pp08_power",0.8,0.32
20260832,20,500,15,3000,3000,3000,3000,"fast","control_informative",0.05,5,0.01,"","mtada_aggregated","trait1","pp08_fdp",0.8,0.836734693877551
20260832,20,500,15,3000,3000,3000,3000,"fast","control_informative",0.05,5,0.01,"","mtada_aggregated","trait1","pp08_discoveries",0.8,49
20260832,20,500,15,3000,3000,3000,3000,"fast","control_informative",0.05,5,0.01,"","mtada_aggregated","trait2","pp08_power",0.8,0.1
20260832,20,500,15,3000,3000,3000,3000,"fast","control_informative",0.05,5,0.01,"","mtada_aggregated","trait2","pp08_fdp",0.8,0.96875
20260832,20,500,15,3000,3000,3000,3000,"fast","control_informative",0.05,5,0.01,"","mtada_aggregated","trait2","pp08_discoveries",0.8,32
20260832,20,500,15,3000,3000,3000,3000,"fast","control_informative",0.05,5,0.01,"","mtada_aggregated","pleiotropy","pp08_power",0.8,0
20260832,20,500,15,3000,3000,3000,3000,"fast","control_informative",0.05,5,0.01,"","mtada_aggregated","pleiotropy","pp08_fdp",0.8,1
20260832,20,500,15,3000,3000,3000,3000,"fast","control_informative",0.05,5,0.01,"","mtada_aggregated","pleiotropy","pp08_discoveries",0.8,2
20260832,20,500,15,3000,3000,3000,3000,"fast","control_informative",0.05,5,0.01,"","mtada_aggregated","trait1","bfdr_observed_fdp",0.01,0.844444444444444
20260832,20,500,15,3000,3000,3000,3000,"fast","control_informative",0.05,5,0.01,"","mtada_aggregated","trait1","bfdr_estimate",0.01,0.00910697734183994
20260832,20,500,15,3000,3000,3000,3000,"fast","control_informative",0.05,5,0.01,"","mtada_aggregated","trait1","bfdr_power",0.01,0.28
20260832,20,500,15,3000,3000,3000,3000,"fast","control_informative",0.05,5,0.01,"","mtada_aggregated","trait1","bfdr_discoveries",0.01,45
20260832,20,500,15,3000,3000,3000,3000,"fast","control_informative",0.05,5,0.01,"","mtada_aggregated","trait1","bfdr_observed_fdp",0.05,0.854545454545454
20260832,20,500,15,3000,3000,3000,3000,"fast","control_informative",0.05,5,0.01,"","mtada_aggregated","trait1","bfdr_estimate",0.05,0.0472142829497403
20260832,20,500,15,3000,3000,3000,3000,"fast","control_informative",0.05,5,0.01,"","mtada_aggregated","trait1","bfdr_power",0.05,0.32
20260832,20,500,15,3000,3000,3000,3000,"fast","control_informative",0.05,5,0.01,"","mtada_aggregated","trait1","bfdr_discoveries",0.05,55
20260832,20,500,15,3000,3000,3000,3000,"fast","control_informative",0.05,5,0.01,"","mtada_aggregated","trait1","bfdr_observed_fdp",0.1,0.857142857142857
20260832,20,500,15,3000,3000,3000,3000,"fast","control_informative",0.05,5,0.01,"","mtada_aggregated","trait1","bfdr_estimate",0.1,0.0991496155290349
20260832,20,500,15,3000,3000,3000,3000,"fast","control_informative",0.05,5,0.01,"","mtada_aggregated","trait1","bfdr_power",0.1,0.36
20260832,20,500,15,3000,3000,3000,3000,"fast","control_informative",0.05,5,0.01,"","mtada_aggregated","trait1","bfdr_discoveries",0.1,63
20260832,20,500,15,3000,3000,3000,3000,"fast","control_informative",0.05,5,0.01,"","mtada_aggregated","trait1","bfdr_observed_fdp",0.2,0.842105263157895
20260832,20,500,15,3000,3000,3000,3000,"fast","control_informative",0.05,5,0.01,"","mtada_aggregated","trait1","bfdr_estimate",0.2,0.195182876946403
20260832,20,500,15,3000,3000,3000,3000,"fast","control_informative",0.05,5,0.01,"","mtada_aggregated","trait1","bfdr_power",0.2,0.48
20260832,20,500,15,3000,3000,3000,3000,"fast","control_informative",0.05,5,0.01,"","mtada_aggregated","trait1","bfdr_discoveries",0.2,76
20260832,20,500,15,3000,3000,3000,3000,"fast","control_informative",0.05,5,0.01,"","mtada_aggregated","trait2","bfdr_observed_fdp",0.01,0.96551724137931
20260832,20,500,15,3000,3000,3000,3000,"fast","control_informative",0.05,5,0.01,"","mtada_aggregated","trait2","bfdr_estimate",0.01,0.00937108111381007
20260832,20,500,15,3000,3000,3000,3000,"fast","control_informative",0.05,5,0.01,"","mtada_aggregated","trait2","bfdr_power",0.01,0.1
20260832,20,500,15,3000,3000,3000,3000,"fast","control_informative",0.05,5,0.01,"","mtada_aggregated","trait2","bfdr_discoveries",0.01,29
20260832,20,500,15,3000,3000,3000,3000,"fast","control_informative",0.05,5,0.01,"","mtada_aggregated","trait2","bfdr_observed_fdp",0.05,0.972222222222222
20260832,20,500,15,3000,3000,3000,3000,"fast","control_informative",0.05,5,0.01,"","mtada_aggregated","trait2","bfdr_estimate",0.05,0.0485880455435544
20260832,20,500,15,3000,3000,3000,3000,"fast","control_informative",0.05,5,0.01,"","mtada_aggregated","trait2","bfdr_power",0.05,0.1
20260832,20,500,15,3000,3000,3000,3000,"fast","control_informative",0.05,5,0.01,"","mtada_aggregated","trait2","bfdr_discoveries",0.05,36
20260832,20,500,15,3000,3000,3000,3000,"fast","control_informative",0.05,5,0.01,"","mtada_aggregated","trait2","bfdr_observed_fdp",0.1,0.976190476190476
20260832,20,500,15,3000,3000,3000,3000,"fast","control_informative",0.05,5,0.01,"","mtada_aggregated","trait2","bfdr_estimate",0.1,0.0956453325217239
20260832,20,500,15,3000,3000,3000,3000,"fast","control_informative",0.05,5,0.01,"","mtada_aggregated","trait2","bfdr_power",0.1,0.1
20260832,20,500,15,3000,3000,3000,3000,"fast","control_informative",0.05,5,0.01,"","mtada_aggregated","trait2","bfdr_discoveries",0.1,42
20260832,20,500,15,3000,3000,3000,3000,"fast","control_informative",0.05,5,0.01,"","mtada_aggregated","trait2","bfdr_observed_fdp",0.2,0.961538461538462
20260832,20,500,15,3000,3000,3000,3000,"fast","control_informative",0.05,5,0.01,"","mtada_aggregated","trait2","bfdr_estimate",0.2,0.193007140472002
20260832,20,500,15,3000,3000,3000,3000,"fast","control_informative",0.05,5,0.01,"","mtada_aggregated","trait2","bfdr_power",0.2,0.2
20260832,20,500,15,3000,3000,3000,3000,"fast","control_informative",0.05,5,0.01,"","mtada_aggregated","trait2","bfdr_discoveries",0.2,52
20260832,20,500,15,3000,3000,3000,3000,"fast","control_informative",0.05,5,0.01,"","mtada_aggregated","pleiotropy","bfdr_observed_fdp",0.01,1
20260832,20,500,15,3000,3000,3000,3000,"fast","control_informative",0.05,5,0.01,"","mtada_aggregated","pleiotropy","bfdr_estimate",0.01,0.00899232225656754
20260832,20,500,15,3000,3000,3000,3000,"fast","control_informative",0.05,5,0.01,"","mtada_aggregated","pleiotropy","bfdr_power",0.01,0
20260832,20,500,15,3000,3000,3000,3000,"fast","control_informative",0.05,5,0.01,"","mtada_aggregated","pleiotropy","bfdr_discoveries",0.01,1
20260832,20,500,15,3000,3000,3000,3000,"fast","control_informative",0.05,5,0.01,"","mtada_aggregated","pleiotropy","bfdr_observed_fdp",0.05,1
20260832,20,500,15,3000,3000,3000,3000,"fast","control_informative",0.05,5,0.01,"","mtada_aggregated","pleiotropy","bfdr_estimate",0.05,0.0170609661799133
20260832,20,500,15,3000,3000,3000,3000,"fast","control_informative",0.05,5,0.01,"","mtada_aggregated","pleiotropy","bfdr_power",0.05,0
20260832,20,500,15,3000,3000,3000,3000,"fast","control_informative",0.05,5,0.01,"","mtada_aggregated","pleiotropy","bfdr_discoveries",0.05,2
20260832,20,500,15,3000,3000,3000,3000,"fast","control_informative",0.05,5,0.01,"","mtada_aggregated","pleiotropy","bfdr_observed_fdp",0.1,1
20260832,20,500,15,3000,3000,3000,3000,"fast","control_informative",0.05,5,0.01,"","mtada_aggregated","pleiotropy","bfdr_estimate",0.1,0.0910880483720888
20260832,20,500,15,3000,3000,3000,3000,"fast","control_informative",0.05,5,0.01,"","mtada_aggregated","pleiotropy","bfdr_power",0.1,0
20260832,20,500,15,3000,3000,3000,3000,"fast","control_informative",0.05,5,0.01,"","mtada_aggregated","pleiotropy","bfdr_discoveries",0.1,3
20260832,20,500,15,3000,3000,3000,3000,"fast","control_informative",0.05,5,0.01,"","mtada_aggregated","pleiotropy","bfdr_observed_fdp",0.2,1
20260832,20,500,15,3000,3000,3000,3000,"fast","control_informative",0.05,5,0.01,"","mtada_aggregated","pleiotropy","bfdr_estimate",0.2,0.196528513034772
20260832,20,500,15,3000,3000,3000,3000,"fast","control_informative",0.05,5,0.01,"","mtada_aggregated","pleiotropy","bfdr_power",0.2,0
20260832,20,500,15,3000,3000,3000,3000,"fast","control_informative",0.05,5,0.01,"","mtada_aggregated","pleiotropy","bfdr_discoveries",0.2,6
20260832,20,500,15,3000,3000,3000,3000,"fast","control_informative",0.05,5,0.01,"","mtada_aggregated","global","runtime_seconds",NA,0.716999999999985
20260832,20,500,15,3000,3000,3000,3000,"fast","control_informative",0.05,5,0.01,"","mtada_aggregated","pleiotropy","pi11_estimate",NA,0.00270828
20260833,21,500,15,3000,3000,3000,3000,"fast","control_informative",0.05,5,0.01,"","mirage_joint","trait1","auc",NA,0.675368421052632
20260833,21,500,15,3000,3000,3000,3000,"fast","control_informative",0.05,5,0.01,"","mirage_joint","trait2","auc",NA,0.69734693877551
20260833,21,500,15,3000,3000,3000,3000,"fast","control_informative",0.05,5,0.01,"","mirage_joint","pleiotropy","auc",NA,0.677979797979798
20260833,21,500,15,3000,3000,3000,3000,"fast","control_informative",0.05,5,0.01,"","mirage_joint","trait1","pp08_power",0.8,0.16
20260833,21,500,15,3000,3000,3000,3000,"fast","control_informative",0.05,5,0.01,"","mirage_joint","trait1","pp08_fdp",0.8,0
20260833,21,500,15,3000,3000,3000,3000,"fast","control_informative",0.05,5,0.01,"","mirage_joint","trait1","pp08_discoveries",0.8,4
20260833,21,500,15,3000,3000,3000,3000,"fast","control_informative",0.05,5,0.01,"","mirage_joint","trait2","pp08_power",0.8,0.2
20260833,21,500,15,3000,3000,3000,3000,"fast","control_informative",0.05,5,0.01,"","mirage_joint","trait2","pp08_fdp",0.8,0.333333333333333
20260833,21,500,15,3000,3000,3000,3000,"fast","control_informative",0.05,5,0.01,"","mirage_joint","trait2","pp08_discoveries",0.8,3
20260833,21,500,15,3000,3000,3000,3000,"fast","control_informative",0.05,5,0.01,"","mirage_joint","pleiotropy","pp08_power",0.8,0
20260833,21,500,15,3000,3000,3000,3000,"fast","control_informative",0.05,5,0.01,"","mirage_joint","pleiotropy","pp08_fdp",0.8,0
20260833,21,500,15,3000,3000,3000,3000,"fast","control_informative",0.05,5,0.01,"","mirage_joint","pleiotropy","pp08_discoveries",0.8,0
20260833,21,500,15,3000,3000,3000,3000,"fast","control_informative",0.05,5,0.01,"","mirage_joint","trait1","bfdr_observed_fdp",0.01,0
20260833,21,500,15,3000,3000,3000,3000,"fast","control_informative",0.05,5,0.01,"","mirage_joint","trait1","bfdr_estimate",0.01,2.32103980535303e-06
20260833,21,500,15,3000,3000,3000,3000,"fast","control_informative",0.05,5,0.01,"","mirage_joint","trait1","bfdr_power",0.01,0.08
20260833,21,500,15,3000,3000,3000,3000,"fast","control_informative",0.05,5,0.01,"","mirage_joint","trait1","bfdr_discoveries",0.01,2
20260833,21,500,15,3000,3000,3000,3000,"fast","control_informative",0.05,5,0.01,"","mirage_joint","trait1","bfdr_observed_fdp",0.05,0
20260833,21,500,15,3000,3000,3000,3000,"fast","control_informative",0.05,5,0.01,"","mirage_joint","trait1","bfdr_estimate",0.05,0.0345700782514556
20260833,21,500,15,3000,3000,3000,3000,"fast","control_informative",0.05,5,0.01,"","mirage_joint","trait1","bfdr_power",0.05,0.16
20260833,21,500,15,3000,3000,3000,3000,"fast","control_informative",0.05,5,0.01,"","mirage_joint","trait1","bfdr_discoveries",0.05,4
20260833,21,500,15,3000,3000,3000,3000,"fast","control_informative",0.05,5,0.01,"","mirage_joint","trait1","bfdr_observed_fdp",0.1,0
20260833,21,500,15,3000,3000,3000,3000,"fast","control_informative",0.05,5,0.01,"","mirage_joint","trait1","bfdr_estimate",0.1,0.0764049008407307
20260833,21,500,15,3000,3000,3000,3000,"fast","control_informative",0.05,5,0.01,"","mirage_joint","trait1","bfdr_power",0.1,0.2
20260833,21,500,15,3000,3000,3000,3000,"fast","control_informative",0.05,5,0.01,"","mirage_joint","trait1","bfdr_discoveries",0.1,5
20260833,21,500,15,3000,3000,3000,3000,"fast","control_informative",0.05,5,0.01,"","mirage_joint","trait1","bfdr_observed_fdp",0.2,0.25
20260833,21,500,15,3000,3000,3000,3000,"fast","control_informative",0.05,5,0.01,"","mirage_joint","trait1","bfdr_estimate",0.2,0.176507704423875
20260833,21,500,15,3000,3000,3000,3000,"fast","control_informative",0.05,5,0.01,"","mirage_joint","trait1","bfdr_power",0.2,0.24
20260833,21,500,15,3000,3000,3000,3000,"fast","control_informative",0.05,5,0.01,"","mirage_joint","trait1","bfdr_discoveries",0.2,8
20260833,21,500,15,3000,3000,3000,3000,"fast","control_informative",0.05,5,0.01,"","mirage_joint","trait2","bfdr_observed_fdp",0.01,0
20260833,21,500,15,3000,3000,3000,3000,"fast","control_informative",0.05,5,0.01,"","mirage_joint","trait2","bfdr_estimate",0.01,0
20260833,21,500,15,3000,3000,3000,3000,"fast","control_informative",0.05,5,0.01,"","mirage_joint","trait2","bfdr_power",0.01,0
20260833,21,500,15,3000,3000,3000,3000,"fast","control_informative",0.05,5,0.01,"","mirage_joint","trait2","bfdr_discoveries",0.01,0
20260833,21,500,15,3000,3000,3000,3000,"fast","control_informative",0.05,5,0.01,"","mirage_joint","trait2","bfdr_observed_fdp",0.05,0.333333333333333
20260833,21,500,15,3000,3000,3000,3000,"fast","control_informative",0.05,5,0.01,"","mirage_joint","trait2","bfdr_estimate",0.05,0.0351599741893104
20260833,21,500,15,3000,3000,3000,3000,"fast","control_informative",0.05,5,0.01,"","mirage_joint","trait2","bfdr_power",0.05,0.2
20260833,21,500,15,3000,3000,3000,3000,"fast","control_informative",0.05,5,0.01,"","mirage_joint","trait2","bfdr_discoveries",0.05,3
20260833,21,500,15,3000,3000,3000,3000,"fast","control_informative",0.05,5,0.01,"","mirage_joint","trait2","bfdr_observed_fdp",0.1,0.333333333333333
20260833,21,500,15,3000,3000,3000,3000,"fast","control_informative",0.05,5,0.01,"","mirage_joint","trait2","bfdr_estimate",0.1,0.0351599741893104
20260833,21,500,15,3000,3000,3000,3000,"fast","control_informative",0.05,5,0.01,"","mirage_joint","trait2","bfdr_power",0.1,0.2
20260833,21,500,15,3000,3000,3000,3000,"fast","control_informative",0.05,5,0.01,"","mirage_joint","trait2","bfdr_discoveries",0.1,3
20260833,21,500,15,3000,3000,3000,3000,"fast","control_informative",0.05,5,0.01,"","mirage_joint","trait2","bfdr_observed_fdp",0.2,0.6
20260833,21,500,15,3000,3000,3000,3000,"fast","control_informative",0.05,5,0.01,"","mirage_joint","trait2","bfdr_estimate",0.2,0.179365027331237
20260833,21,500,15,3000,3000,3000,3000,"fast","control_informative",0.05,5,0.01,"","mirage_joint","trait2","bfdr_power",0.2,0.2
20260833,21,500,15,3000,3000,3000,3000,"fast","control_informative",0.05,5,0.01,"","mirage_joint","trait2","bfdr_discoveries",0.2,5
20260833,21,500,15,3000,3000,3000,3000,"fast","control_informative",0.05,5,0.01,"","mirage_joint","pleiotropy","bfdr_observed_fdp",0.01,0
20260833,21,500,15,3000,3000,3000,3000,"fast","control_informative",0.05,5,0.01,"","mirage_joint","pleiotropy","bfdr_estimate",0.01,0
20260833,21,500,15,3000,3000,3000,3000,"fast","control_informative",0.05,5,0.01,"","mirage_joint","pleiotropy","bfdr_power",0.01,0
20260833,21,500,15,3000,3000,3000,3000,"fast","control_informative",0.05,5,0.01,"","mirage_joint","pleiotropy","bfdr_discoveries",0.01,0
20260833,21,500,15,3000,3000,3000,3000,"fast","control_informative",0.05,5,0.01,"","mirage_joint","pleiotropy","bfdr_observed_fdp",0.05,0
20260833,21,500,15,3000,3000,3000,3000,"fast","control_informative",0.05,5,0.01,"","mirage_joint","pleiotropy","bfdr_estimate",0.05,0
20260833,21,500,15,3000,3000,3000,3000,"fast","control_informative",0.05,5,0.01,"","mirage_joint","pleiotropy","bfdr_power",0.05,0
20260833,21,500,15,3000,3000,3000,3000,"fast","control_informative",0.05,5,0.01,"","mirage_joint","pleiotropy","bfdr_discoveries",0.05,0
20260833,21,500,15,3000,3000,3000,3000,"fast","control_informative",0.05,5,0.01,"","mirage_joint","pleiotropy","bfdr_observed_fdp",0.1,0
20260833,21,500,15,3000,3000,3000,3000,"fast","control_informative",0.05,5,0.01,"","mirage_joint","pleiotropy","bfdr_estimate",0.1,0
20260833,21,500,15,3000,3000,3000,3000,"fast","control_informative",0.05,5,0.01,"","mirage_joint","pleiotropy","bfdr_power",0.1,0
20260833,21,500,15,3000,3000,3000,3000,"fast","control_informative",0.05,5,0.01,"","mirage_joint","pleiotropy","bfdr_discoveries",0.1,0
20260833,21,500,15,3000,3000,3000,3000,"fast","control_informative",0.05,5,0.01,"","mirage_joint","pleiotropy","bfdr_observed_fdp",0.2,0
20260833,21,500,15,3000,3000,3000,3000,"fast","control_informative",0.05,5,0.01,"","mirage_joint","pleiotropy","bfdr_estimate",0.2,0
20260833,21,500,15,3000,3000,3000,3000,"fast","control_informative",0.05,5,0.01,"","mirage_joint","pleiotropy","bfdr_power",0.2,0
20260833,21,500,15,3000,3000,3000,3000,"fast","control_informative",0.05,5,0.01,"","mirage_joint","pleiotropy","bfdr_discoveries",0.2,0
20260833,21,500,15,3000,3000,3000,3000,"fast","control_informative",0.05,5,0.01,"","mirage_joint","global","runtime_seconds",NA,17.989
20260833,21,500,15,3000,3000,3000,3000,"fast","control_informative",0.05,5,0.01,"","mirage_joint","pleiotropy","pi11_estimate",NA,0.0441436763755169
20260833,21,500,15,3000,3000,3000,3000,"fast","control_informative",0.05,5,0.01,"","separate_mirage","trait1","auc",NA,0.655747368421053
20260833,21,500,15,3000,3000,3000,3000,"fast","control_informative",0.05,5,0.01,"","separate_mirage","trait2","auc",NA,0.72265306122449
20260833,21,500,15,3000,3000,3000,3000,"fast","control_informative",0.05,5,0.01,"","separate_mirage","pleiotropy","auc",NA,0.586262626262626
20260833,21,500,15,3000,3000,3000,3000,"fast","control_informative",0.05,5,0.01,"","separate_mirage","trait1","pp08_power",0.8,0.16
20260833,21,500,15,3000,3000,3000,3000,"fast","control_informative",0.05,5,0.01,"","separate_mirage","trait1","pp08_fdp",0.8,0
20260833,21,500,15,3000,3000,3000,3000,"fast","control_informative",0.05,5,0.01,"","separate_mirage","trait1","pp08_discoveries",0.8,4
20260833,21,500,15,3000,3000,3000,3000,"fast","control_informative",0.05,5,0.01,"","separate_mirage","trait2","pp08_power",0.8,0.2
20260833,21,500,15,3000,3000,3000,3000,"fast","control_informative",0.05,5,0.01,"","separate_mirage","trait2","pp08_fdp",0.8,0.333333333333333
20260833,21,500,15,3000,3000,3000,3000,"fast","control_informative",0.05,5,0.01,"","separate_mirage","trait2","pp08_discoveries",0.8,3
20260833,21,500,15,3000,3000,3000,3000,"fast","control_informative",0.05,5,0.01,"","separate_mirage","pleiotropy","pp08_power",0.8,0
20260833,21,500,15,3000,3000,3000,3000,"fast","control_informative",0.05,5,0.01,"","separate_mirage","pleiotropy","pp08_fdp",0.8,0
20260833,21,500,15,3000,3000,3000,3000,"fast","control_informative",0.05,5,0.01,"","separate_mirage","pleiotropy","pp08_discoveries",0.8,0
20260833,21,500,15,3000,3000,3000,3000,"fast","control_informative",0.05,5,0.01,"","separate_mirage","trait1","bfdr_observed_fdp",0.01,0
20260833,21,500,15,3000,3000,3000,3000,"fast","control_informative",0.05,5,0.01,"","separate_mirage","trait1","bfdr_estimate",0.01,3.02419447140156e-06
20260833,21,500,15,3000,3000,3000,3000,"fast","control_informative",0.05,5,0.01,"","separate_mirage","trait1","bfdr_power",0.01,0.08
20260833,21,500,15,3000,3000,3000,3000,"fast","control_informative",0.05,5,0.01,"","separate_mirage","trait1","bfdr_discoveries",0.01,2
20260833,21,500,15,3000,3000,3000,3000,"fast","control_informative",0.05,5,0.01,"","separate_mirage","trait1","bfdr_observed_fdp",0.05,0
20260833,21,500,15,3000,3000,3000,3000,"fast","control_informative",0.05,5,0.01,"","separate_mirage","trait1","bfdr_estimate",0.05,0.0379375511628316
20260833,21,500,15,3000,3000,3000,3000,"fast","control_informative",0.05,5,0.01,"","separate_mirage","trait1","bfdr_power",0.05,0.12
20260833,21,500,15,3000,3000,3000,3000,"fast","control_informative",0.05,5,0.01,"","separate_mirage","trait1","bfdr_discoveries",0.05,3
20260833,21,500,15,3000,3000,3000,3000,"fast","control_informative",0.05,5,0.01,"","separate_mirage","trait1","bfdr_observed_fdp",0.1,0
20260833,21,500,15,3000,3000,3000,3000,"fast","control_informative",0.05,5,0.01,"","separate_mirage","trait1","bfdr_estimate",0.1,0.0776613909139523
20260833,21,500,15,3000,3000,3000,3000,"fast","control_informative",0.05,5,0.01,"","separate_mirage","trait1","bfdr_power",0.1,0.16
20260833,21,500,15,3000,3000,3000,3000,"fast","control_informative",0.05,5,0.01,"","separate_mirage","trait1","bfdr_discoveries",0.1,4
20260833,21,500,15,3000,3000,3000,3000,"fast","control_informative",0.05,5,0.01,"","separate_mirage","trait1","bfdr_observed_fdp",0.2,0.166666666666667
20260833,21,500,15,3000,3000,3000,3000,"fast","control_informative",0.05,5,0.01,"","separate_mirage","trait1","bfdr_estimate",0.2,0.18897376490162
20260833,21,500,15,3000,3000,3000,3000,"fast","control_informative",0.05,5,0.01,"","separate_mirage","trait1","bfdr_power",0.2,0.2
20260833,21,500,15,3000,3000,3000,3000,"fast","control_informative",0.05,5,0.01,"","separate_mirage","trait1","bfdr_discoveries",0.2,6
20260833,21,500,15,3000,3000,3000,3000,"fast","control_informative",0.05,5,0.01,"","separate_mirage","trait2","bfdr_observed_fdp",0.01,0
20260833,21,500,15,3000,3000,3000,3000,"fast","control_informative",0.05,5,0.01,"","separate_mirage","trait2","bfdr_estimate",0.01,0
20260833,21,500,15,3000,3000,3000,3000,"fast","control_informative",0.05,5,0.01,"","separate_mirage","trait2","bfdr_power",0.01,0
20260833,21,500,15,3000,3000,3000,3000,"fast","control_informative",0.05,5,0.01,"","separate_mirage","trait2","bfdr_discoveries",0.01,0
20260833,21,500,15,3000,3000,3000,3000,"fast","control_informative",0.05,5,0.01,"","separate_mirage","trait2","bfdr_observed_fdp",0.05,0
20260833,21,500,15,3000,3000,3000,3000,"fast","control_informative",0.05,5,0.01,"","separate_mirage","trait2","bfdr_estimate",0.05,0
20260833,21,500,15,3000,3000,3000,3000,"fast","control_informative",0.05,5,0.01,"","separate_mirage","trait2","bfdr_power",0.05,0
20260833,21,500,15,3000,3000,3000,3000,"fast","control_informative",0.05,5,0.01,"","separate_mirage","trait2","bfdr_discoveries",0.05,0
20260833,21,500,15,3000,3000,3000,3000,"fast","control_informative",0.05,5,0.01,"","separate_mirage","trait2","bfdr_observed_fdp",0.1,0
20260833,21,500,15,3000,3000,3000,3000,"fast","control_informative",0.05,5,0.01,"","separate_mirage","trait2","bfdr_estimate",0.1,0
20260833,21,500,15,3000,3000,3000,3000,"fast","control_informative",0.05,5,0.01,"","separate_mirage","trait2","bfdr_power",0.1,0
20260833,21,500,15,3000,3000,3000,3000,"fast","control_informative",0.05,5,0.01,"","separate_mirage","trait2","bfdr_discoveries",0.1,0
20260833,21,500,15,3000,3000,3000,3000,"fast","control_informative",0.05,5,0.01,"","separate_mirage","trait2","bfdr_observed_fdp",0.2,0.333333333333333
20260833,21,500,15,3000,3000,3000,3000,"fast","control_informative",0.05,5,0.01,"","separate_mirage","trait2","bfdr_estimate",0.2,0.117829232587139
20260833,21,500,15,3000,3000,3000,3000,"fast","control_informative",0.05,5,0.01,"","separate_mirage","trait2","bfdr_power",0.2,0.2
20260833,21,500,15,3000,3000,3000,3000,"fast","control_informative",0.05,5,0.01,"","separate_mirage","trait2","bfdr_discoveries",0.2,3
20260833,21,500,15,3000,3000,3000,3000,"fast","control_informative",0.05,5,0.01,"","separate_mirage","pleiotropy","bfdr_observed_fdp",0.01,0
20260833,21,500,15,3000,3000,3000,3000,"fast","control_informative",0.05,5,0.01,"","separate_mirage","pleiotropy","bfdr_estimate",0.01,0
20260833,21,500,15,3000,3000,3000,3000,"fast","control_informative",0.05,5,0.01,"","separate_mirage","pleiotropy","bfdr_power",0.01,0
20260833,21,500,15,3000,3000,3000,3000,"fast","control_informative",0.05,5,0.01,"","separate_mirage","pleiotropy","bfdr_discoveries",0.01,0
20260833,21,500,15,3000,3000,3000,3000,"fast","control_informative",0.05,5,0.01,"","separate_mirage","pleiotropy","bfdr_observed_fdp",0.05,0
20260833,21,500,15,3000,3000,3000,3000,"fast","control_informative",0.05,5,0.01,"","separate_mirage","pleiotropy","bfdr_estimate",0.05,0
20260833,21,500,15,3000,3000,3000,3000,"fast","control_informative",0.05,5,0.01,"","separate_mirage","pleiotropy","bfdr_power",0.05,0
20260833,21,500,15,3000,3000,3000,3000,"fast","control_informative",0.05,5,0.01,"","separate_mirage","pleiotropy","bfdr_discoveries",0.05,0
20260833,21,500,15,3000,3000,3000,3000,"fast","control_informative",0.05,5,0.01,"","separate_mirage","pleiotropy","bfdr_observed_fdp",0.1,0
20260833,21,500,15,3000,3000,3000,3000,"fast","control_informative",0.05,5,0.01,"","separate_mirage","pleiotropy","bfdr_estimate",0.1,0
20260833,21,500,15,3000,3000,3000,3000,"fast","control_informative",0.05,5,0.01,"","separate_mirage","pleiotropy","bfdr_power",0.1,0
20260833,21,500,15,3000,3000,3000,3000,"fast","control_informative",0.05,5,0.01,"","separate_mirage","pleiotropy","bfdr_discoveries",0.1,0
20260833,21,500,15,3000,3000,3000,3000,"fast","control_informative",0.05,5,0.01,"","separate_mirage","pleiotropy","bfdr_observed_fdp",0.2,0
20260833,21,500,15,3000,3000,3000,3000,"fast","control_informative",0.05,5,0.01,"","separate_mirage","pleiotropy","bfdr_estimate",0.2,0
20260833,21,500,15,3000,3000,3000,3000,"fast","control_informative",0.05,5,0.01,"","separate_mirage","pleiotropy","bfdr_power",0.2,0
20260833,21,500,15,3000,3000,3000,3000,"fast","control_informative",0.05,5,0.01,"","separate_mirage","pleiotropy","bfdr_discoveries",0.2,0
20260833,21,500,15,3000,3000,3000,3000,"fast","control_informative",0.05,5,0.01,"","separate_mirage","global","runtime_seconds",NA,18.022
20260833,21,500,15,3000,3000,3000,3000,"fast","control_informative",0.05,5,0.01,"","separate_mirage","pleiotropy","pi11_estimate",NA,0.001
20260833,21,500,15,3000,3000,3000,3000,"fast","control_informative",0.05,5,0.01,"","mtada_aggregated","trait1","auc",NA,0.679284210526316
20260833,21,500,15,3000,3000,3000,3000,"fast","control_informative",0.05,5,0.01,"","mtada_aggregated","trait2","auc",NA,0.841020408163265
20260833,21,500,15,3000,3000,3000,3000,"fast","control_informative",0.05,5,0.01,"","mtada_aggregated","pleiotropy","auc",NA,0.896565656565657
20260833,21,500,15,3000,3000,3000,3000,"fast","control_informative",0.05,5,0.01,"","mtada_aggregated","trait1","pp08_power",0.8,0.28
20260833,21,500,15,3000,3000,3000,3000,"fast","control_informative",0.05,5,0.01,"","mtada_aggregated","trait1","pp08_fdp",0.8,0.867924528301887
20260833,21,500,15,3000,3000,3000,3000,"fast","control_informative",0.05,5,0.01,"","mtada_aggregated","trait1","pp08_discoveries",0.8,53
20260833,21,500,15,3000,3000,3000,3000,"fast","control_informative",0.05,5,0.01,"","mtada_aggregated","trait2","pp08_power",0.8,0.6
20260833,21,500,15,3000,3000,3000,3000,"fast","control_informative",0.05,5,0.01,"","mtada_aggregated","trait2","pp08_fdp",0.8,0.842105263157895
20260833,21,500,15,3000,3000,3000,3000,"fast","control_informative",0.05,5,0.01,"","mtada_aggregated","trait2","pp08_discoveries",0.8,38
20260833,21,500,15,3000,3000,3000,3000,"fast","control_informative",0.05,5,0.01,"","mtada_aggregated","pleiotropy","pp08_power",0.8,0
20260833,21,500,15,3000,3000,3000,3000,"fast","control_informative",0.05,5,0.01,"","mtada_aggregated","pleiotropy","pp08_fdp",0.8,1
20260833,21,500,15,3000,3000,3000,3000,"fast","control_informative",0.05,5,0.01,"","mtada_aggregated","pleiotropy","pp08_discoveries",0.8,8
20260833,21,500,15,3000,3000,3000,3000,"fast","control_informative",0.05,5,0.01,"","mtada_aggregated","trait1","bfdr_observed_fdp",0.01,0.863636363636364
20260833,21,500,15,3000,3000,3000,3000,"fast","control_informative",0.05,5,0.01,"","mtada_aggregated","trait1","bfdr_estimate",0.01,0.0099110283252561
20260833,21,500,15,3000,3000,3000,3000,"fast","control_informative",0.05,5,0.01,"","mtada_aggregated","trait1","bfdr_power",0.01,0.24
20260833,21,500,15,3000,3000,3000,3000,"fast","control_informative",0.05,5,0.01,"","mtada_aggregated","trait1","bfdr_discoveries",0.01,44
20260833,21,500,15,3000,3000,3000,3000,"fast","control_informative",0.05,5,0.01,"","mtada_aggregated","trait1","bfdr_observed_fdp",0.05,0.857142857142857
20260833,21,500,15,3000,3000,3000,3000,"fast","control_informative",0.05,5,0.01,"","mtada_aggregated","trait1","bfdr_estimate",0.05,0.046540347980031
20260833,21,500,15,3000,3000,3000,3000,"fast","control_informative",0.05,5,0.01,"","mtada_aggregated","trait1","bfdr_power",0.05,0.32
20260833,21,500,15,3000,3000,3000,3000,"fast","control_informative",0.05,5,0.01,"","mtada_aggregated","trait1","bfdr_discoveries",0.05,56
20260833,21,500,15,3000,3000,3000,3000,"fast","control_informative",0.05,5,0.01,"","mtada_aggregated","trait1","bfdr_observed_fdp",0.1,0.859375
20260833,21,500,15,3000,3000,3000,3000,"fast","control_informative",0.05,5,0.01,"","mtada_aggregated","trait1","bfdr_estimate",0.1,0.0987182328643679
20260833,21,500,15,3000,3000,3000,3000,"fast","control_informative",0.05,5,0.01,"","mtada_aggregated","trait1","bfdr_power",0.1,0.36
20260833,21,500,15,3000,3000,3000,3000,"fast","control_informative",0.05,5,0.01,"","mtada_aggregated","trait1","bfdr_discoveries",0.1,64
20260833,21,500,15,3000,3000,3000,3000,"fast","control_informative",0.05,5,0.01,"","mtada_aggregated","trait1","bfdr_observed_fdp",0.2,0.857142857142857
20260833,21,500,15,3000,3000,3000,3000,"fast","control_informative",0.05,5,0.01,"","mtada_aggregated","trait1","bfdr_estimate",0.2,0.19621674007559
20260833,21,500,15,3000,3000,3000,3000,"fast","control_informative",0.05,5,0.01,"","mtada_aggregated","trait1","bfdr_power",0.2,0.44
20260833,21,500,15,3000,3000,3000,3000,"fast","control_informative",0.05,5,0.01,"","mtada_aggregated","trait1","bfdr_discoveries",0.2,77
20260833,21,500,15,3000,3000,3000,3000,"fast","control_informative",0.05,5,0.01,"","mtada_aggregated","trait2","bfdr_observed_fdp",0.01,0.852941176470588
20260833,21,500,15,3000,3000,3000,3000,"fast","control_informative",0.05,5,0.01,"","mtada_aggregated","trait2","bfdr_estimate",0.01,0.00847862669139633
20260833,21,500,15,3000,3000,3000,3000,"fast","control_informative",0.05,5,0.01,"","mtada_aggregated","trait2","bfdr_power",0.01,0.5
20260833,21,500,15,3000,3000,3000,3000,"fast","control_informative",0.05,5,0.01,"","mtada_aggregated","trait2","bfdr_discoveries",0.01,34
20260833,21,500,15,3000,3000,3000,3000,"fast","control_informative",0.05,5,0.01,"","mtada_aggregated","trait2","bfdr_observed_fdp",0.05,0.857142857142857
20260833,21,500,15,3000,3000,3000,3000,"fast","control_informative",0.05,5,0.01,"","mtada_aggregated","trait2","bfdr_estimate",0.05,0.0475766918117571
20260833,21,500,15,3000,3000,3000,3000,"fast","control_informative",0.05,5,0.01,"","mtada_aggregated","trait2","bfdr_power",0.05,0.6
20260833,21,500,15,3000,3000,3000,3000,"fast","control_informative",0.05,5,0.01,"","mtada_aggregated","trait2","bfdr_discoveries",0.05,42
20260833,21,500,15,3000,3000,3000,3000,"fast","control_informative",0.05,5,0.01,"","mtada_aggregated","trait2","bfdr_observed_fdp",0.1,0.872340425531915
20260833,21,500,15,3000,3000,3000,3000,"fast","control_informative",0.05,5,0.01,"","mtada_aggregated","trait2","bfdr_estimate",0.1,0.0929914504482137
20260833,21,500,15,3000,3000,3000,3000,"fast","control_informative",0.05,5,0.01,"","mtada_aggregated","trait2","bfdr_power",0.1,0.6
20260833,21,500,15,3000,3000,3000,3000,"fast","control_informative",0.05,5,0.01,"","mtada_aggregated","trait2","bfdr_discoveries",0.1,47
20260833,21,500,15,3000,3000,3000,3000,"fast","control_informative",0.05,5,0.01,"","mtada_aggregated","trait2","bfdr_observed_fdp",0.2,0.87037037037037
20260833,21,500,15,3000,3000,3000,3000,"fast","control_informative",0.05,5,0.01,"","mtada_aggregated","trait2","bfdr_estimate",0.2,0.188280580837602
20260833,21,500,15,3000,3000,3000,3000,"fast","control_informative",0.05,5,0.01,"","mtada_aggregated","trait2","bfdr_power",0.2,0.7
20260833,21,500,15,3000,3000,3000,3000,"fast","control_informative",0.05,5,0.01,"","mtada_aggregated","trait2","bfdr_discoveries",0.2,54
20260833,21,500,15,3000,3000,3000,3000,"fast","control_informative",0.05,5,0.01,"","mtada_aggregated","pleiotropy","bfdr_observed_fdp",0.01,1
20260833,21,500,15,3000,3000,3000,3000,"fast","control_informative",0.05,5,0.01,"","mtada_aggregated","pleiotropy","bfdr_estimate",0.01,0.0069022185058349
20260833,21,500,15,3000,3000,3000,3000,"fast","control_informative",0.05,5,0.01,"","mtada_aggregated","pleiotropy","bfdr_power",0.01,0
20260833,21,500,15,3000,3000,3000,3000,"fast","control_informative",0.05,5,0.01,"","mtada_aggregated","pleiotropy","bfdr_discoveries",0.01,5
20260833,21,500,15,3000,3000,3000,3000,"fast","control_informative",0.05,5,0.01,"","mtada_aggregated","pleiotropy","bfdr_observed_fdp",0.05,1
20260833,21,500,15,3000,3000,3000,3000,"fast","control_informative",0.05,5,0.01,"","mtada_aggregated","pleiotropy","bfdr_estimate",0.05,0.0446514288072452
20260833,21,500,15,3000,3000,3000,3000,"fast","control_informative",0.05,5,0.01,"","mtada_aggregated","pleiotropy","bfdr_power",0.05,0
20260833,21,500,15,3000,3000,3000,3000,"fast","control_informative",0.05,5,0.01,"","mtada_aggregated","pleiotropy","bfdr_discoveries",0.05,8
20260833,21,500,15,3000,3000,3000,3000,"fast","control_informative",0.05,5,0.01,"","mtada_aggregated","pleiotropy","bfdr_observed_fdp",0.1,1
20260833,21,500,15,3000,3000,3000,3000,"fast","control_informative",0.05,5,0.01,"","mtada_aggregated","pleiotropy","bfdr_estimate",0.1,0.0842836311886312
20260833,21,500,15,3000,3000,3000,3000,"fast","control_informative",0.05,5,0.01,"","mtada_aggregated","pleiotropy","bfdr_power",0.1,0
20260833,21,500,15,3000,3000,3000,3000,"fast","control_informative",0.05,5,0.01,"","mtada_aggregated","pleiotropy","bfdr_discoveries",0.1,10
20260833,21,500,15,3000,3000,3000,3000,"fast","control_informative",0.05,5,0.01,"","mtada_aggregated","pleiotropy","bfdr_observed_fdp",0.2,0.928571428571429
20260833,21,500,15,3000,3000,3000,3000,"fast","control_informative",0.05,5,0.01,"","mtada_aggregated","pleiotropy","bfdr_estimate",0.2,0.190500879425854
20260833,21,500,15,3000,3000,3000,3000,"fast","control_informative",0.05,5,0.01,"","mtada_aggregated","pleiotropy","bfdr_power",0.2,0.2
20260833,21,500,15,3000,3000,3000,3000,"fast","control_informative",0.05,5,0.01,"","mtada_aggregated","pleiotropy","bfdr_discoveries",0.2,14
20260833,21,500,15,3000,3000,3000,3000,"fast","control_informative",0.05,5,0.01,"","mtada_aggregated","global","runtime_seconds",NA,0.74799999999999
20260833,21,500,15,3000,3000,3000,3000,"fast","control_informative",0.05,5,0.01,"","mtada_aggregated","pleiotropy","pi11_estimate",NA,0.00193096
20260834,22,500,15,3000,3000,3000,3000,"fast","control_informative",0.05,5,0.01,"","mirage_joint","trait1","auc",NA,0.739705263157895
20260834,22,500,15,3000,3000,3000,3000,"fast","control_informative",0.05,5,0.01,"","mirage_joint","trait2","auc",NA,0.661836734693878
20260834,22,500,15,3000,3000,3000,3000,"fast","control_informative",0.05,5,0.01,"","mirage_joint","pleiotropy","auc",NA,0.861414141414141
20260834,22,500,15,3000,3000,3000,3000,"fast","control_informative",0.05,5,0.01,"","mirage_joint","trait1","pp08_power",0.8,0.12
20260834,22,500,15,3000,3000,3000,3000,"fast","control_informative",0.05,5,0.01,"","mirage_joint","trait1","pp08_fdp",0.8,0.25
20260834,22,500,15,3000,3000,3000,3000,"fast","control_informative",0.05,5,0.01,"","mirage_joint","trait1","pp08_discoveries",0.8,4
20260834,22,500,15,3000,3000,3000,3000,"fast","control_informative",0.05,5,0.01,"","mirage_joint","trait2","pp08_power",0.8,0
20260834,22,500,15,3000,3000,3000,3000,"fast","control_informative",0.05,5,0.01,"","mirage_joint","trait2","pp08_fdp",0.8,0
20260834,22,500,15,3000,3000,3000,3000,"fast","control_informative",0.05,5,0.01,"","mirage_joint","trait2","pp08_discoveries",0.8,0
20260834,22,500,15,3000,3000,3000,3000,"fast","control_informative",0.05,5,0.01,"","mirage_joint","pleiotropy","pp08_power",0.8,0
20260834,22,500,15,3000,3000,3000,3000,"fast","control_informative",0.05,5,0.01,"","mirage_joint","pleiotropy","pp08_fdp",0.8,0
20260834,22,500,15,3000,3000,3000,3000,"fast","control_informative",0.05,5,0.01,"","mirage_joint","pleiotropy","pp08_discoveries",0.8,0
20260834,22,500,15,3000,3000,3000,3000,"fast","control_informative",0.05,5,0.01,"","mirage_joint","trait1","bfdr_observed_fdp",0.01,0
20260834,22,500,15,3000,3000,3000,3000,"fast","control_informative",0.05,5,0.01,"","mirage_joint","trait1","bfdr_estimate",0.01,0.00261286441084559
20260834,22,500,15,3000,3000,3000,3000,"fast","control_informative",0.05,5,0.01,"","mirage_joint","trait1","bfdr_power",0.01,0.12
20260834,22,500,15,3000,3000,3000,3000,"fast","control_informative",0.05,5,0.01,"","mirage_joint","trait1","bfdr_discoveries",0.01,3
20260834,22,500,15,3000,3000,3000,3000,"fast","control_informative",0.05,5,0.01,"","mirage_joint","trait1","bfdr_observed_fdp",0.05,0.25
20260834,22,500,15,3000,3000,3000,3000,"fast","control_informative",0.05,5,0.01,"","mirage_joint","trait1","bfdr_estimate",0.05,0.0478662873899682
20260834,22,500,15,3000,3000,3000,3000,"fast","control_informative",0.05,5,0.01,"","mirage_joint","trait1","bfdr_power",0.05,0.12
20260834,22,500,15,3000,3000,3000,3000,"fast","control_informative",0.05,5,0.01,"","mirage_joint","trait1","bfdr_discoveries",0.05,4
20260834,22,500,15,3000,3000,3000,3000,"fast","control_informative",0.05,5,0.01,"","mirage_joint","trait1","bfdr_observed_fdp",0.1,0.2
20260834,22,500,15,3000,3000,3000,3000,"fast","control_informative",0.05,5,0.01,"","mirage_joint","trait1","bfdr_estimate",0.1,0.090119283351886
20260834,22,500,15,3000,3000,3000,3000,"fast","control_informative",0.05,5,0.01,"","mirage_joint","trait1","bfdr_power",0.1,0.16
20260834,22,500,15,3000,3000,3000,3000,"fast","control_informative",0.05,5,0.01,"","mirage_joint","trait1","bfdr_discoveries",0.1,5
20260834,22,500,15,3000,3000,3000,3000,"fast","control_informative",0.05,5,0.01,"","mirage_joint","trait1","bfdr_observed_fdp",0.2,0.375
20260834,22,500,15,3000,3000,3000,3000,"fast","control_informative",0.05,5,0.01,"","mirage_joint","trait1","bfdr_estimate",0.2,0.174589058762425
20260834,22,500,15,3000,3000,3000,3000,"fast","control_informative",0.05,5,0.01,"","mirage_joint","trait1","bfdr_power",0.2,0.2
20260834,22,500,15,3000,3000,3000,3000,"fast","control_informative",0.05,5,0.01,"","mirage_joint","trait1","bfdr_discoveries",0.2,8
20260834,22,500,15,3000,3000,3000,3000,"fast","control_informative",0.05,5,0.01,"","mirage_joint","trait2","bfdr_observed_fdp",0.01,0
20260834,22,500,15,3000,3000,3000,3000,"fast","control_informative",0.05,5,0.01,"","mirage_joint","trait2","bfdr_estimate",0.01,0
20260834,22,500,15,3000,3000,3000,3000,"fast","control_informative",0.05,5,0.01,"","mirage_joint","trait2","bfdr_power",0.01,0
20260834,22,500,15,3000,3000,3000,3000,"fast","control_informative",0.05,5,0.01,"","mirage_joint","trait2","bfdr_discoveries",0.01,0
20260834,22,500,15,3000,3000,3000,3000,"fast","control_informative",0.05,5,0.01,"","mirage_joint","trait2","bfdr_observed_fdp",0.05,0
20260834,22,500,15,3000,3000,3000,3000,"fast","control_informative",0.05,5,0.01,"","mirage_joint","trait2","bfdr_estimate",0.05,0
20260834,22,500,15,3000,3000,3000,3000,"fast","control_informative",0.05,5,0.01,"","mirage_joint","trait2","bfdr_power",0.05,0
20260834,22,500,15,3000,3000,3000,3000,"fast","control_informative",0.05,5,0.01,"","mirage_joint","trait2","bfdr_discoveries",0.05,0
20260834,22,500,15,3000,3000,3000,3000,"fast","control_informative",0.05,5,0.01,"","mirage_joint","trait2","bfdr_observed_fdp",0.1,0
20260834,22,500,15,3000,3000,3000,3000,"fast","control_informative",0.05,5,0.01,"","mirage_joint","trait2","bfdr_estimate",0.1,0
20260834,22,500,15,3000,3000,3000,3000,"fast","control_informative",0.05,5,0.01,"","mirage_joint","trait2","bfdr_power",0.1,0
20260834,22,500,15,3000,3000,3000,3000,"fast","control_informative",0.05,5,0.01,"","mirage_joint","trait2","bfdr_discoveries",0.1,0
20260834,22,500,15,3000,3000,3000,3000,"fast","control_informative",0.05,5,0.01,"","mirage_joint","trait2","bfdr_observed_fdp",0.2,0
20260834,22,500,15,3000,3000,3000,3000,"fast","control_informative",0.05,5,0.01,"","mirage_joint","trait2","bfdr_estimate",0.2,0
20260834,22,500,15,3000,3000,3000,3000,"fast","control_informative",0.05,5,0.01,"","mirage_joint","trait2","bfdr_power",0.2,0
20260834,22,500,15,3000,3000,3000,3000,"fast","control_informative",0.05,5,0.01,"","mirage_joint","trait2","bfdr_discoveries",0.2,0
20260834,22,500,15,3000,3000,3000,3000,"fast","control_informative",0.05,5,0.01,"","mirage_joint","pleiotropy","bfdr_observed_fdp",0.01,0
20260834,22,500,15,3000,3000,3000,3000,"fast","control_informative",0.05,5,0.01,"","mirage_joint","pleiotropy","bfdr_estimate",0.01,0
20260834,22,500,15,3000,3000,3000,3000,"fast","control_informative",0.05,5,0.01,"","mirage_joint","pleiotropy","bfdr_power",0.01,0
20260834,22,500,15,3000,3000,3000,3000,"fast","control_informative",0.05,5,0.01,"","mirage_joint","pleiotropy","bfdr_discoveries",0.01,0
20260834,22,500,15,3000,3000,3000,3000,"fast","control_informative",0.05,5,0.01,"","mirage_joint","pleiotropy","bfdr_observed_fdp",0.05,0
20260834,22,500,15,3000,3000,3000,3000,"fast","control_informative",0.05,5,0.01,"","mirage_joint","pleiotropy","bfdr_estimate",0.05,0
20260834,22,500,15,3000,3000,3000,3000,"fast","control_informative",0.05,5,0.01,"","mirage_joint","pleiotropy","bfdr_power",0.05,0
20260834,22,500,15,3000,3000,3000,3000,"fast","control_informative",0.05,5,0.01,"","mirage_joint","pleiotropy","bfdr_discoveries",0.05,0
20260834,22,500,15,3000,3000,3000,3000,"fast","control_informative",0.05,5,0.01,"","mirage_joint","pleiotropy","bfdr_observed_fdp",0.1,0
20260834,22,500,15,3000,3000,3000,3000,"fast","control_informative",0.05,5,0.01,"","mirage_joint","pleiotropy","bfdr_estimate",0.1,0
20260834,22,500,15,3000,3000,3000,3000,"fast","control_informative",0.05,5,0.01,"","mirage_joint","pleiotropy","bfdr_power",0.1,0
20260834,22,500,15,3000,3000,3000,3000,"fast","control_informative",0.05,5,0.01,"","mirage_joint","pleiotropy","bfdr_discoveries",0.1,0
20260834,22,500,15,3000,3000,3000,3000,"fast","control_informative",0.05,5,0.01,"","mirage_joint","pleiotropy","bfdr_observed_fdp",0.2,0
20260834,22,500,15,3000,3000,3000,3000,"fast","control_informative",0.05,5,0.01,"","mirage_joint","pleiotropy","bfdr_estimate",0.2,0
20260834,22,500,15,3000,3000,3000,3000,"fast","control_informative",0.05,5,0.01,"","mirage_joint","pleiotropy","bfdr_power",0.2,0
20260834,22,500,15,3000,3000,3000,3000,"fast","control_informative",0.05,5,0.01,"","mirage_joint","pleiotropy","bfdr_discoveries",0.2,0
20260834,22,500,15,3000,3000,3000,3000,"fast","control_informative",0.05,5,0.01,"","mirage_joint","global","runtime_seconds",NA,18.018
20260834,22,500,15,3000,3000,3000,3000,"fast","control_informative",0.05,5,0.01,"","mirage_joint","pleiotropy","pi11_estimate",NA,0.0284295919355443
20260834,22,500,15,3000,3000,3000,3000,"fast","control_informative",0.05,5,0.01,"","separate_mirage","trait1","auc",NA,0.708715789473684
20260834,22,500,15,3000,3000,3000,3000,"fast","control_informative",0.05,5,0.01,"","separate_mirage","trait2","auc",NA,0.593877551020408
20260834,22,500,15,3000,3000,3000,3000,"fast","control_informative",0.05,5,0.01,"","separate_mirage","pleiotropy","auc",NA,0.858181818181818
20260834,22,500,15,3000,3000,3000,3000,"fast","control_informative",0.05,5,0.01,"","separate_mirage","trait1","pp08_power",0.8,0.12
20260834,22,500,15,3000,3000,3000,3000,"fast","control_informative",0.05,5,0.01,"","separate_mirage","trait1","pp08_fdp",0.8,0
20260834,22,500,15,3000,3000,3000,3000,"fast","control_informative",0.05,5,0.01,"","separate_mirage","trait1","pp08_discoveries",0.8,3
20260834,22,500,15,3000,3000,3000,3000,"fast","control_informative",0.05,5,0.01,"","separate_mirage","trait2","pp08_power",0.8,0
20260834,22,500,15,3000,3000,3000,3000,"fast","control_informative",0.05,5,0.01,"","separate_mirage","trait2","pp08_fdp",0.8,0
20260834,22,500,15,3000,3000,3000,3000,"fast","control_informative",0.05,5,0.01,"","separate_mirage","trait2","pp08_discoveries",0.8,0
20260834,22,500,15,3000,3000,3000,3000,"fast","control_informative",0.05,5,0.01,"","separate_mirage","pleiotropy","pp08_power",0.8,0
20260834,22,500,15,3000,3000,3000,3000,"fast","control_informative",0.05,5,0.01,"","separate_mirage","pleiotropy","pp08_fdp",0.8,0
20260834,22,500,15,3000,3000,3000,3000,"fast","control_informative",0.05,5,0.01,"","separate_mirage","pleiotropy","pp08_discoveries",0.8,0
20260834,22,500,15,3000,3000,3000,3000,"fast","control_informative",0.05,5,0.01,"","separate_mirage","trait1","bfdr_observed_fdp",0.01,0
20260834,22,500,15,3000,3000,3000,3000,"fast","control_informative",0.05,5,0.01,"","separate_mirage","trait1","bfdr_estimate",0.01,0.00209796314192212
20260834,22,500,15,3000,3000,3000,3000,"fast","control_informative",0.05,5,0.01,"","separate_mirage","trait1","bfdr_power",0.01,0.12
20260834,22,500,15,3000,3000,3000,3000,"fast","control_informative",0.05,5,0.01,"","separate_mirage","trait1","bfdr_discoveries",0.01,3
20260834,22,500,15,3000,3000,3000,3000,"fast","control_informative",0.05,5,0.01,"","separate_mirage","trait1","bfdr_observed_fdp",0.05,0
20260834,22,500,15,3000,3000,3000,3000,"fast","control_informative",0.05,5,0.01,"","separate_mirage","trait1","bfdr_estimate",0.05,0.00209796314192212
20260834,22,500,15,3000,3000,3000,3000,"fast","control_informative",0.05,5,0.01,"","separate_mirage","trait1","bfdr_power",0.05,0.12
20260834,22,500,15,3000,3000,3000,3000,"fast","control_informative",0.05,5,0.01,"","separate_mirage","trait1","bfdr_discoveries",0.05,3
20260834,22,500,15,3000,3000,3000,3000,"fast","control_informative",0.05,5,0.01,"","separate_mirage","trait1","bfdr_observed_fdp",0.1,0.25
20260834,22,500,15,3000,3000,3000,3000,"fast","control_informative",0.05,5,0.01,"","separate_mirage","trait1","bfdr_estimate",0.1,0.0736516747562346
20260834,22,500,15,3000,3000,3000,3000,"fast","control_informative",0.05,5,0.01,"","separate_mirage","trait1","bfdr_power",0.1,0.12
20260834,22,500,15,3000,3000,3000,3000,"fast","control_informative",0.05,5,0.01,"","separate_mirage","trait1","bfdr_discoveries",0.1,4
20260834,22,500,15,3000,3000,3000,3000,"fast","control_informative",0.05,5,0.01,"","separate_mirage","trait1","bfdr_observed_fdp",0.2,0.333333333333333
20260834,22,500,15,3000,3000,3000,3000,"fast","control_informative",0.05,5,0.01,"","separate_mirage","trait1","bfdr_estimate",0.2,0.167247579809971
20260834,22,500,15,3000,3000,3000,3000,"fast","control_informative",0.05,5,0.01,"","separate_mirage","trait1","bfdr_power",0.2,0.16
20260834,22,500,15,3000,3000,3000,3000,"fast","control_informative",0.05,5,0.01,"","separate_mirage","trait1","bfdr_discoveries",0.2,6
20260834,22,500,15,3000,3000,3000,3000,"fast","control_informative",0.05,5,0.01,"","separate_mirage","trait2","bfdr_observed_fdp",0.01,0
20260834,22,500,15,3000,3000,3000,3000,"fast","control_informative",0.05,5,0.01,"","separate_mirage","trait2","bfdr_estimate",0.01,0
20260834,22,500,15,3000,3000,3000,3000,"fast","control_informative",0.05,5,0.01,"","separate_mirage","trait2","bfdr_power",0.01,0
20260834,22,500,15,3000,3000,3000,3000,"fast","control_informative",0.05,5,0.01,"","separate_mirage","trait2","bfdr_discoveries",0.01,0
20260834,22,500,15,3000,3000,3000,3000,"fast","control_informative",0.05,5,0.01,"","separate_mirage","trait2","bfdr_observed_fdp",0.05,0
20260834,22,500,15,3000,3000,3000,3000,"fast","control_informative",0.05,5,0.01,"","separate_mirage","trait2","bfdr_estimate",0.05,0
20260834,22,500,15,3000,3000,3000,3000,"fast","control_informative",0.05,5,0.01,"","separate_mirage","trait2","bfdr_power",0.05,0
20260834,22,500,15,3000,3000,3000,3000,"fast","control_informative",0.05,5,0.01,"","separate_mirage","trait2","bfdr_discoveries",0.05,0
20260834,22,500,15,3000,3000,3000,3000,"fast","control_informative",0.05,5,0.01,"","separate_mirage","trait2","bfdr_observed_fdp",0.1,0
20260834,22,500,15,3000,3000,3000,3000,"fast","control_informative",0.05,5,0.01,"","separate_mirage","trait2","bfdr_estimate",0.1,0
20260834,22,500,15,3000,3000,3000,3000,"fast","control_informative",0.05,5,0.01,"","separate_mirage","trait2","bfdr_power",0.1,0
20260834,22,500,15,3000,3000,3000,3000,"fast","control_informative",0.05,5,0.01,"","separate_mirage","trait2","bfdr_discoveries",0.1,0
20260834,22,500,15,3000,3000,3000,3000,"fast","control_informative",0.05,5,0.01,"","separate_mirage","trait2","bfdr_observed_fdp",0.2,0
20260834,22,500,15,3000,3000,3000,3000,"fast","control_informative",0.05,5,0.01,"","separate_mirage","trait2","bfdr_estimate",0.2,0
20260834,22,500,15,3000,3000,3000,3000,"fast","control_informative",0.05,5,0.01,"","separate_mirage","trait2","bfdr_power",0.2,0
20260834,22,500,15,3000,3000,3000,3000,"fast","control_informative",0.05,5,0.01,"","separate_mirage","trait2","bfdr_discoveries",0.2,0
20260834,22,500,15,3000,3000,3000,3000,"fast","control_informative",0.05,5,0.01,"","separate_mirage","pleiotropy","bfdr_observed_fdp",0.01,0
20260834,22,500,15,3000,3000,3000,3000,"fast","control_informative",0.05,5,0.01,"","separate_mirage","pleiotropy","bfdr_estimate",0.01,0
20260834,22,500,15,3000,3000,3000,3000,"fast","control_informative",0.05,5,0.01,"","separate_mirage","pleiotropy","bfdr_power",0.01,0
20260834,22,500,15,3000,3000,3000,3000,"fast","control_informative",0.05,5,0.01,"","separate_mirage","pleiotropy","bfdr_discoveries",0.01,0
20260834,22,500,15,3000,3000,3000,3000,"fast","control_informative",0.05,5,0.01,"","separate_mirage","pleiotropy","bfdr_observed_fdp",0.05,0
20260834,22,500,15,3000,3000,3000,3000,"fast","control_informative",0.05,5,0.01,"","separate_mirage","pleiotropy","bfdr_estimate",0.05,0
20260834,22,500,15,3000,3000,3000,3000,"fast","control_informative",0.05,5,0.01,"","separate_mirage","pleiotropy","bfdr_power",0.05,0
20260834,22,500,15,3000,3000,3000,3000,"fast","control_informative",0.05,5,0.01,"","separate_mirage","pleiotropy","bfdr_discoveries",0.05,0
20260834,22,500,15,3000,3000,3000,3000,"fast","control_informative",0.05,5,0.01,"","separate_mirage","pleiotropy","bfdr_observed_fdp",0.1,0
20260834,22,500,15,3000,3000,3000,3000,"fast","control_informative",0.05,5,0.01,"","separate_mirage","pleiotropy","bfdr_estimate",0.1,0
20260834,22,500,15,3000,3000,3000,3000,"fast","control_informative",0.05,5,0.01,"","separate_mirage","pleiotropy","bfdr_power",0.1,0
20260834,22,500,15,3000,3000,3000,3000,"fast","control_informative",0.05,5,0.01,"","separate_mirage","pleiotropy","bfdr_discoveries",0.1,0
20260834,22,500,15,3000,3000,3000,3000,"fast","control_informative",0.05,5,0.01,"","separate_mirage","pleiotropy","bfdr_observed_fdp",0.2,0
20260834,22,500,15,3000,3000,3000,3000,"fast","control_informative",0.05,5,0.01,"","separate_mirage","pleiotropy","bfdr_estimate",0.2,0
20260834,22,500,15,3000,3000,3000,3000,"fast","control_informative",0.05,5,0.01,"","separate_mirage","pleiotropy","bfdr_power",0.2,0
20260834,22,500,15,3000,3000,3000,3000,"fast","control_informative",0.05,5,0.01,"","separate_mirage","pleiotropy","bfdr_discoveries",0.2,0
20260834,22,500,15,3000,3000,3000,3000,"fast","control_informative",0.05,5,0.01,"","separate_mirage","global","runtime_seconds",NA,18.052
20260834,22,500,15,3000,3000,3000,3000,"fast","control_informative",0.05,5,0.01,"","separate_mirage","pleiotropy","pi11_estimate",NA,0.001
20260834,22,500,15,3000,3000,3000,3000,"fast","control_informative",0.05,5,0.01,"","mtada_aggregated","trait1","auc",NA,0.68741052631579
20260834,22,500,15,3000,3000,3000,3000,"fast","control_informative",0.05,5,0.01,"","mtada_aggregated","trait2","auc",NA,0.763469387755102
20260834,22,500,15,3000,3000,3000,3000,"fast","control_informative",0.05,5,0.01,"","mtada_aggregated","pleiotropy","auc",NA,0.906666666666667
20260834,22,500,15,3000,3000,3000,3000,"fast","control_informative",0.05,5,0.01,"","mtada_aggregated","trait1","pp08_power",0.8,0.32
20260834,22,500,15,3000,3000,3000,3000,"fast","control_informative",0.05,5,0.01,"","mtada_aggregated","trait1","pp08_fdp",0.8,0.813953488372093
20260834,22,500,15,3000,3000,3000,3000,"fast","control_informative",0.05,5,0.01,"","mtada_aggregated","trait1","pp08_discoveries",0.8,43
20260834,22,500,15,3000,3000,3000,3000,"fast","control_informative",0.05,5,0.01,"","mtada_aggregated","trait2","pp08_power",0.8,0.1
20260834,22,500,15,3000,3000,3000,3000,"fast","control_informative",0.05,5,0.01,"","mtada_aggregated","trait2","pp08_fdp",0.8,0.970588235294118
20260834,22,500,15,3000,3000,3000,3000,"fast","control_informative",0.05,5,0.01,"","mtada_aggregated","trait2","pp08_discoveries",0.8,34
20260834,22,500,15,3000,3000,3000,3000,"fast","control_informative",0.05,5,0.01,"","mtada_aggregated","pleiotropy","pp08_power",0.8,0
20260834,22,500,15,3000,3000,3000,3000,"fast","control_informative",0.05,5,0.01,"","mtada_aggregated","pleiotropy","pp08_fdp",0.8,1
20260834,22,500,15,3000,3000,3000,3000,"fast","control_informative",0.05,5,0.01,"","mtada_aggregated","pleiotropy","pp08_discoveries",0.8,1
20260834,22,500,15,3000,3000,3000,3000,"fast","control_informative",0.05,5,0.01,"","mtada_aggregated","trait1","bfdr_observed_fdp",0.01,0.810810810810811
20260834,22,500,15,3000,3000,3000,3000,"fast","control_informative",0.05,5,0.01,"","mtada_aggregated","trait1","bfdr_estimate",0.01,0.00843813473659072
20260834,22,500,15,3000,3000,3000,3000,"fast","control_informative",0.05,5,0.01,"","mtada_aggregated","trait1","bfdr_power",0.01,0.28
20260834,22,500,15,3000,3000,3000,3000,"fast","control_informative",0.05,5,0.01,"","mtada_aggregated","trait1","bfdr_discoveries",0.01,37
20260834,22,500,15,3000,3000,3000,3000,"fast","control_informative",0.05,5,0.01,"","mtada_aggregated","trait1","bfdr_observed_fdp",0.05,0.833333333333333
20260834,22,500,15,3000,3000,3000,3000,"fast","control_informative",0.05,5,0.01,"","mtada_aggregated","trait1","bfdr_estimate",0.05,0.047089436757302
20260834,22,500,15,3000,3000,3000,3000,"fast","control_informative",0.05,5,0.01,"","mtada_aggregated","trait1","bfdr_power",0.05,0.32
20260834,22,500,15,3000,3000,3000,3000,"fast","control_informative",0.05,5,0.01,"","mtada_aggregated","trait1","bfdr_discoveries",0.05,48
20260834,22,500,15,3000,3000,3000,3000,"fast","control_informative",0.05,5,0.01,"","mtada_aggregated","trait1","bfdr_observed_fdp",0.1,0.857142857142857
20260834,22,500,15,3000,3000,3000,3000,"fast","control_informative",0.05,5,0.01,"","mtada_aggregated","trait1","bfdr_estimate",0.1,0.0997308300819817
20260834,22,500,15,3000,3000,3000,3000,"fast","control_informative",0.05,5,0.01,"","mtada_aggregated","trait1","bfdr_power",0.1,0.32
20260834,22,500,15,3000,3000,3000,3000,"fast","control_informative",0.05,5,0.01,"","mtada_aggregated","trait1","bfdr_discoveries",0.1,56
20260834,22,500,15,3000,3000,3000,3000,"fast","control_informative",0.05,5,0.01,"","mtada_aggregated","trait1","bfdr_observed_fdp",0.2,0.86764705882353
20260834,22,500,15,3000,3000,3000,3000,"fast","control_informative",0.05,5,0.01,"","mtada_aggregated","trait1","bfdr_estimate",0.2,0.198246166532345
20260834,22,500,15,3000,3000,3000,3000,"fast","control_informative",0.05,5,0.01,"","mtada_aggregated","trait1","bfdr_power",0.2,0.36
20260834,22,500,15,3000,3000,3000,3000,"fast","control_informative",0.05,5,0.01,"","mtada_aggregated","trait1","bfdr_discoveries",0.2,68
20260834,22,500,15,3000,3000,3000,3000,"fast","control_informative",0.05,5,0.01,"","mtada_aggregated","trait2","bfdr_observed_fdp",0.01,0.967741935483871
20260834,22,500,15,3000,3000,3000,3000,"fast","control_informative",0.05,5,0.01,"","mtada_aggregated","trait2","bfdr_estimate",0.01,0.00912419460836853
20260834,22,500,15,3000,3000,3000,3000,"fast","control_informative",0.05,5,0.01,"","mtada_aggregated","trait2","bfdr_power",0.01,0.1
20260834,22,500,15,3000,3000,3000,3000,"fast","control_informative",0.05,5,0.01,"","mtada_aggregated","trait2","bfdr_discoveries",0.01,31
20260834,22,500,15,3000,3000,3000,3000,"fast","control_informative",0.05,5,0.01,"","mtada_aggregated","trait2","bfdr_observed_fdp",0.05,0.973684210526316
20260834,22,500,15,3000,3000,3000,3000,"fast","control_informative",0.05,5,0.01,"","mtada_aggregated","trait2","bfdr_estimate",0.05,0.0461638838738838
20260834,22,500,15,3000,3000,3000,3000,"fast","control_informative",0.05,5,0.01,"","mtada_aggregated","trait2","bfdr_power",0.05,0.1
20260834,22,500,15,3000,3000,3000,3000,"fast","control_informative",0.05,5,0.01,"","mtada_aggregated","trait2","bfdr_discoveries",0.05,38
20260834,22,500,15,3000,3000,3000,3000,"fast","control_informative",0.05,5,0.01,"","mtada_aggregated","trait2","bfdr_observed_fdp",0.1,0.953488372093023
20260834,22,500,15,3000,3000,3000,3000,"fast","control_informative",0.05,5,0.01,"","mtada_aggregated","trait2","bfdr_estimate",0.1,0.0992432688095074
20260834,22,500,15,3000,3000,3000,3000,"fast","control_informative",0.05,5,0.01,"","mtada_aggregated","trait2","bfdr_power",0.1,0.2
20260834,22,500,15,3000,3000,3000,3000,"fast","control_informative",0.05,5,0.01,"","mtada_aggregated","trait2","bfdr_discoveries",0.1,43
20260834,22,500,15,3000,3000,3000,3000,"fast","control_informative",0.05,5,0.01,"","mtada_aggregated","trait2","bfdr_observed_fdp",0.2,0.941176470588235
20260834,22,500,15,3000,3000,3000,3000,"fast","control_informative",0.05,5,0.01,"","mtada_aggregated","trait2","bfdr_estimate",0.2,0.199348351890439
20260834,22,500,15,3000,3000,3000,3000,"fast","control_informative",0.05,5,0.01,"","mtada_aggregated","trait2","bfdr_power",0.2,0.3
20260834,22,500,15,3000,3000,3000,3000,"fast","control_informative",0.05,5,0.01,"","mtada_aggregated","trait2","bfdr_discoveries",0.2,51
20260834,22,500,15,3000,3000,3000,3000,"fast","control_informative",0.05,5,0.01,"","mtada_aggregated","pleiotropy","bfdr_observed_fdp",0.01,1
20260834,22,500,15,3000,3000,3000,3000,"fast","control_informative",0.05,5,0.01,"","mtada_aggregated","pleiotropy","bfdr_estimate",0.01,0.00783944415730942
20260834,22,500,15,3000,3000,3000,3000,"fast","control_informative",0.05,5,0.01,"","mtada_aggregated","pleiotropy","bfdr_power",0.01,0
20260834,22,500,15,3000,3000,3000,3000,"fast","control_informative",0.05,5,0.01,"","mtada_aggregated","pleiotropy","bfdr_discoveries",0.01,1
20260834,22,500,15,3000,3000,3000,3000,"fast","control_informative",0.05,5,0.01,"","mtada_aggregated","pleiotropy","bfdr_observed_fdp",0.05,1
20260834,22,500,15,3000,3000,3000,3000,"fast","control_informative",0.05,5,0.01,"","mtada_aggregated","pleiotropy","bfdr_estimate",0.05,0.00783944415730942
20260834,22,500,15,3000,3000,3000,3000,"fast","control_informative",0.05,5,0.01,"","mtada_aggregated","pleiotropy","bfdr_power",0.05,0
20260834,22,500,15,3000,3000,3000,3000,"fast","control_informative",0.05,5,0.01,"","mtada_aggregated","pleiotropy","bfdr_discoveries",0.05,1
20260834,22,500,15,3000,3000,3000,3000,"fast","control_informative",0.05,5,0.01,"","mtada_aggregated","pleiotropy","bfdr_observed_fdp",0.1,1
20260834,22,500,15,3000,3000,3000,3000,"fast","control_informative",0.05,5,0.01,"","mtada_aggregated","pleiotropy","bfdr_estimate",0.1,0.00783944415730942
20260834,22,500,15,3000,3000,3000,3000,"fast","control_informative",0.05,5,0.01,"","mtada_aggregated","pleiotropy","bfdr_power",0.1,0
20260834,22,500,15,3000,3000,3000,3000,"fast","control_informative",0.05,5,0.01,"","mtada_aggregated","pleiotropy","bfdr_discoveries",0.1,1
20260834,22,500,15,3000,3000,3000,3000,"fast","control_informative",0.05,5,0.01,"","mtada_aggregated","pleiotropy","bfdr_observed_fdp",0.2,1
20260834,22,500,15,3000,3000,3000,3000,"fast","control_informative",0.05,5,0.01,"","mtada_aggregated","pleiotropy","bfdr_estimate",0.2,0.136663558653937
20260834,22,500,15,3000,3000,3000,3000,"fast","control_informative",0.05,5,0.01,"","mtada_aggregated","pleiotropy","bfdr_power",0.2,0
20260834,22,500,15,3000,3000,3000,3000,"fast","control_informative",0.05,5,0.01,"","mtada_aggregated","pleiotropy","bfdr_discoveries",0.2,2
20260834,22,500,15,3000,3000,3000,3000,"fast","control_informative",0.05,5,0.01,"","mtada_aggregated","global","runtime_seconds",NA,0.769000000000005
20260834,22,500,15,3000,3000,3000,3000,"fast","control_informative",0.05,5,0.01,"","mtada_aggregated","pleiotropy","pi11_estimate",NA,0.00155097
20260835,23,500,15,3000,3000,3000,3000,"fast","control_informative",0.05,5,0.01,"","mirage_joint","trait1","auc",NA,0.768673684210526
20260835,23,500,15,3000,3000,3000,3000,"fast","control_informative",0.05,5,0.01,"","mirage_joint","trait2","auc",NA,0.589795918367347
20260835,23,500,15,3000,3000,3000,3000,"fast","control_informative",0.05,5,0.01,"","mirage_joint","pleiotropy","auc",NA,0.624646464646465
20260835,23,500,15,3000,3000,3000,3000,"fast","control_informative",0.05,5,0.01,"","mirage_joint","trait1","pp08_power",0.8,0.12
20260835,23,500,15,3000,3000,3000,3000,"fast","control_informative",0.05,5,0.01,"","mirage_joint","trait1","pp08_fdp",0.8,0
20260835,23,500,15,3000,3000,3000,3000,"fast","control_informative",0.05,5,0.01,"","mirage_joint","trait1","pp08_discoveries",0.8,3
20260835,23,500,15,3000,3000,3000,3000,"fast","control_informative",0.05,5,0.01,"","mirage_joint","trait2","pp08_power",0.8,0
20260835,23,500,15,3000,3000,3000,3000,"fast","control_informative",0.05,5,0.01,"","mirage_joint","trait2","pp08_fdp",0.8,0
20260835,23,500,15,3000,3000,3000,3000,"fast","control_informative",0.05,5,0.01,"","mirage_joint","trait2","pp08_discoveries",0.8,0
20260835,23,500,15,3000,3000,3000,3000,"fast","control_informative",0.05,5,0.01,"","mirage_joint","pleiotropy","pp08_power",0.8,0
20260835,23,500,15,3000,3000,3000,3000,"fast","control_informative",0.05,5,0.01,"","mirage_joint","pleiotropy","pp08_fdp",0.8,0
20260835,23,500,15,3000,3000,3000,3000,"fast","control_informative",0.05,5,0.01,"","mirage_joint","pleiotropy","pp08_discoveries",0.8,0
20260835,23,500,15,3000,3000,3000,3000,"fast","control_informative",0.05,5,0.01,"","mirage_joint","trait1","bfdr_observed_fdp",0.01,0
20260835,23,500,15,3000,3000,3000,3000,"fast","control_informative",0.05,5,0.01,"","mirage_joint","trait1","bfdr_estimate",0.01,0.00105345702581594
20260835,23,500,15,3000,3000,3000,3000,"fast","control_informative",0.05,5,0.01,"","mirage_joint","trait1","bfdr_power",0.01,0.04
20260835,23,500,15,3000,3000,3000,3000,"fast","control_informative",0.05,5,0.01,"","mirage_joint","trait1","bfdr_discoveries",0.01,1
20260835,23,500,15,3000,3000,3000,3000,"fast","control_informative",0.05,5,0.01,"","mirage_joint","trait1","bfdr_observed_fdp",0.05,0
20260835,23,500,15,3000,3000,3000,3000,"fast","control_informative",0.05,5,0.01,"","mirage_joint","trait1","bfdr_estimate",0.05,0.0328199825545231
20260835,23,500,15,3000,3000,3000,3000,"fast","control_informative",0.05,5,0.01,"","mirage_joint","trait1","bfdr_power",0.05,0.12
20260835,23,500,15,3000,3000,3000,3000,"fast","control_informative",0.05,5,0.01,"","mirage_joint","trait1","bfdr_discoveries",0.05,3
20260835,23,500,15,3000,3000,3000,3000,"fast","control_informative",0.05,5,0.01,"","mirage_joint","trait1","bfdr_observed_fdp",0.1,0
20260835,23,500,15,3000,3000,3000,3000,"fast","control_informative",0.05,5,0.01,"","mirage_joint","trait1","bfdr_estimate",0.1,0.0328199825545231
20260835,23,500,15,3000,3000,3000,3000,"fast","control_informative",0.05,5,0.01,"","mirage_joint","trait1","bfdr_power",0.1,0.12
20260835,23,500,15,3000,3000,3000,3000,"fast","control_informative",0.05,5,0.01,"","mirage_joint","trait1","bfdr_discoveries",0.1,3
20260835,23,500,15,3000,3000,3000,3000,"fast","control_informative",0.05,5,0.01,"","mirage_joint","trait1","bfdr_observed_fdp",0.2,0.4
20260835,23,500,15,3000,3000,3000,3000,"fast","control_informative",0.05,5,0.01,"","mirage_joint","trait1","bfdr_estimate",0.2,0.165448745772166
20260835,23,500,15,3000,3000,3000,3000,"fast","control_informative",0.05,5,0.01,"","mirage_joint","trait1","bfdr_power",0.2,0.12
20260835,23,500,15,3000,3000,3000,3000,"fast","control_informative",0.05,5,0.01,"","mirage_joint","trait1","bfdr_discoveries",0.2,5
20260835,23,500,15,3000,3000,3000,3000,"fast","control_informative",0.05,5,0.01,"","mirage_joint","trait2","bfdr_observed_fdp",0.01,0
20260835,23,500,15,3000,3000,3000,3000,"fast","control_informative",0.05,5,0.01,"","mirage_joint","trait2","bfdr_estimate",0.01,0
20260835,23,500,15,3000,3000,3000,3000,"fast","control_informative",0.05,5,0.01,"","mirage_joint","trait2","bfdr_power",0.01,0
20260835,23,500,15,3000,3000,3000,3000,"fast","control_informative",0.05,5,0.01,"","mirage_joint","trait2","bfdr_discoveries",0.01,0
20260835,23,500,15,3000,3000,3000,3000,"fast","control_informative",0.05,5,0.01,"","mirage_joint","trait2","bfdr_observed_fdp",0.05,0
20260835,23,500,15,3000,3000,3000,3000,"fast","control_informative",0.05,5,0.01,"","mirage_joint","trait2","bfdr_estimate",0.05,0
20260835,23,500,15,3000,3000,3000,3000,"fast","control_informative",0.05,5,0.01,"","mirage_joint","trait2","bfdr_power",0.05,0
20260835,23,500,15,3000,3000,3000,3000,"fast","control_informative",0.05,5,0.01,"","mirage_joint","trait2","bfdr_discoveries",0.05,0
20260835,23,500,15,3000,3000,3000,3000,"fast","control_informative",0.05,5,0.01,"","mirage_joint","trait2","bfdr_observed_fdp",0.1,0
20260835,23,500,15,3000,3000,3000,3000,"fast","control_informative",0.05,5,0.01,"","mirage_joint","trait2","bfdr_estimate",0.1,0
20260835,23,500,15,3000,3000,3000,3000,"fast","control_informative",0.05,5,0.01,"","mirage_joint","trait2","bfdr_power",0.1,0
20260835,23,500,15,3000,3000,3000,3000,"fast","control_informative",0.05,5,0.01,"","mirage_joint","trait2","bfdr_discoveries",0.1,0
20260835,23,500,15,3000,3000,3000,3000,"fast","control_informative",0.05,5,0.01,"","mirage_joint","trait2","bfdr_observed_fdp",0.2,0
20260835,23,500,15,3000,3000,3000,3000,"fast","control_informative",0.05,5,0.01,"","mirage_joint","trait2","bfdr_estimate",0.2,0
20260835,23,500,15,3000,3000,3000,3000,"fast","control_informative",0.05,5,0.01,"","mirage_joint","trait2","bfdr_power",0.2,0
20260835,23,500,15,3000,3000,3000,3000,"fast","control_informative",0.05,5,0.01,"","mirage_joint","trait2","bfdr_discoveries",0.2,0
20260835,23,500,15,3000,3000,3000,3000,"fast","control_informative",0.05,5,0.01,"","mirage_joint","pleiotropy","bfdr_observed_fdp",0.01,0
20260835,23,500,15,3000,3000,3000,3000,"fast","control_informative",0.05,5,0.01,"","mirage_joint","pleiotropy","bfdr_estimate",0.01,0
20260835,23,500,15,3000,3000,3000,3000,"fast","control_informative",0.05,5,0.01,"","mirage_joint","pleiotropy","bfdr_power",0.01,0
20260835,23,500,15,3000,3000,3000,3000,"fast","control_informative",0.05,5,0.01,"","mirage_joint","pleiotropy","bfdr_discoveries",0.01,0
20260835,23,500,15,3000,3000,3000,3000,"fast","control_informative",0.05,5,0.01,"","mirage_joint","pleiotropy","bfdr_observed_fdp",0.05,0
20260835,23,500,15,3000,3000,3000,3000,"fast","control_informative",0.05,5,0.01,"","mirage_joint","pleiotropy","bfdr_estimate",0.05,0
20260835,23,500,15,3000,3000,3000,3000,"fast","control_informative",0.05,5,0.01,"","mirage_joint","pleiotropy","bfdr_power",0.05,0
20260835,23,500,15,3000,3000,3000,3000,"fast","control_informative",0.05,5,0.01,"","mirage_joint","pleiotropy","bfdr_discoveries",0.05,0
20260835,23,500,15,3000,3000,3000,3000,"fast","control_informative",0.05,5,0.01,"","mirage_joint","pleiotropy","bfdr_observed_fdp",0.1,0
20260835,23,500,15,3000,3000,3000,3000,"fast","control_informative",0.05,5,0.01,"","mirage_joint","pleiotropy","bfdr_estimate",0.1,0
20260835,23,500,15,3000,3000,3000,3000,"fast","control_informative",0.05,5,0.01,"","mirage_joint","pleiotropy","bfdr_power",0.1,0
20260835,23,500,15,3000,3000,3000,3000,"fast","control_informative",0.05,5,0.01,"","mirage_joint","pleiotropy","bfdr_discoveries",0.1,0
20260835,23,500,15,3000,3000,3000,3000,"fast","control_informative",0.05,5,0.01,"","mirage_joint","pleiotropy","bfdr_observed_fdp",0.2,0
20260835,23,500,15,3000,3000,3000,3000,"fast","control_informative",0.05,5,0.01,"","mirage_joint","pleiotropy","bfdr_estimate",0.2,0
20260835,23,500,15,3000,3000,3000,3000,"fast","control_informative",0.05,5,0.01,"","mirage_joint","pleiotropy","bfdr_power",0.2,0
20260835,23,500,15,3000,3000,3000,3000,"fast","control_informative",0.05,5,0.01,"","mirage_joint","pleiotropy","bfdr_discoveries",0.2,0
20260835,23,500,15,3000,3000,3000,3000,"fast","control_informative",0.05,5,0.01,"","mirage_joint","global","runtime_seconds",NA,18.017
20260835,23,500,15,3000,3000,3000,3000,"fast","control_informative",0.05,5,0.01,"","mirage_joint","pleiotropy","pi11_estimate",NA,0.0322165680470839
20260835,23,500,15,3000,3000,3000,3000,"fast","control_informative",0.05,5,0.01,"","separate_mirage","trait1","auc",NA,0.755705263157895
20260835,23,500,15,3000,3000,3000,3000,"fast","control_informative",0.05,5,0.01,"","separate_mirage","trait2","auc",NA,0.641428571428571
20260835,23,500,15,3000,3000,3000,3000,"fast","control_informative",0.05,5,0.01,"","separate_mirage","pleiotropy","auc",NA,0.627878787878788
20260835,23,500,15,3000,3000,3000,3000,"fast","control_informative",0.05,5,0.01,"","separate_mirage","trait1","pp08_power",0.8,0.12
20260835,23,500,15,3000,3000,3000,3000,"fast","control_informative",0.05,5,0.01,"","separate_mirage","trait1","pp08_fdp",0.8,0
20260835,23,500,15,3000,3000,3000,3000,"fast","control_informative",0.05,5,0.01,"","separate_mirage","trait1","pp08_discoveries",0.8,3
20260835,23,500,15,3000,3000,3000,3000,"fast","control_informative",0.05,5,0.01,"","separate_mirage","trait2","pp08_power",0.8,0
20260835,23,500,15,3000,3000,3000,3000,"fast","control_informative",0.05,5,0.01,"","separate_mirage","trait2","pp08_fdp",0.8,0
20260835,23,500,15,3000,3000,3000,3000,"fast","control_informative",0.05,5,0.01,"","separate_mirage","trait2","pp08_discoveries",0.8,0
20260835,23,500,15,3000,3000,3000,3000,"fast","control_informative",0.05,5,0.01,"","separate_mirage","pleiotropy","pp08_power",0.8,0
20260835,23,500,15,3000,3000,3000,3000,"fast","control_informative",0.05,5,0.01,"","separate_mirage","pleiotropy","pp08_fdp",0.8,0
20260835,23,500,15,3000,3000,3000,3000,"fast","control_informative",0.05,5,0.01,"","separate_mirage","pleiotropy","pp08_discoveries",0.8,0
20260835,23,500,15,3000,3000,3000,3000,"fast","control_informative",0.05,5,0.01,"","separate_mirage","trait1","bfdr_observed_fdp",0.01,0
20260835,23,500,15,3000,3000,3000,3000,"fast","control_informative",0.05,5,0.01,"","separate_mirage","trait1","bfdr_estimate",0.01,0.00149981742718686
20260835,23,500,15,3000,3000,3000,3000,"fast","control_informative",0.05,5,0.01,"","separate_mirage","trait1","bfdr_power",0.01,0.04
20260835,23,500,15,3000,3000,3000,3000,"fast","control_informative",0.05,5,0.01,"","separate_mirage","trait1","bfdr_discoveries",0.01,1
20260835,23,500,15,3000,3000,3000,3000,"fast","control_informative",0.05,5,0.01,"","separate_mirage","trait1","bfdr_observed_fdp",0.05,0
20260835,23,500,15,3000,3000,3000,3000,"fast","control_informative",0.05,5,0.01,"","separate_mirage","trait1","bfdr_estimate",0.05,0.0386082082780319
20260835,23,500,15,3000,3000,3000,3000,"fast","control_informative",0.05,5,0.01,"","separate_mirage","trait1","bfdr_power",0.05,0.12
20260835,23,500,15,3000,3000,3000,3000,"fast","control_informative",0.05,5,0.01,"","separate_mirage","trait1","bfdr_discoveries",0.05,3
20260835,23,500,15,3000,3000,3000,3000,"fast","control_informative",0.05,5,0.01,"","separate_mirage","trait1","bfdr_observed_fdp",0.1,0
20260835,23,500,15,3000,3000,3000,3000,"fast","control_informative",0.05,5,0.01,"","separate_mirage","trait1","bfdr_estimate",0.1,0.0386082082780319
20260835,23,500,15,3000,3000,3000,3000,"fast","control_informative",0.05,5,0.01,"","separate_mirage","trait1","bfdr_power",0.1,0.12
20260835,23,500,15,3000,3000,3000,3000,"fast","control_informative",0.05,5,0.01,"","separate_mirage","trait1","bfdr_discoveries",0.1,3
20260835,23,500,15,3000,3000,3000,3000,"fast","control_informative",0.05,5,0.01,"","separate_mirage","trait1","bfdr_observed_fdp",0.2,0.25
20260835,23,500,15,3000,3000,3000,3000,"fast","control_informative",0.05,5,0.01,"","separate_mirage","trait1","bfdr_estimate",0.2,0.145621781886319
20260835,23,500,15,3000,3000,3000,3000,"fast","control_informative",0.05,5,0.01,"","separate_mirage","trait1","bfdr_power",0.2,0.12
20260835,23,500,15,3000,3000,3000,3000,"fast","control_informative",0.05,5,0.01,"","separate_mirage","trait1","bfdr_discoveries",0.2,4
20260835,23,500,15,3000,3000,3000,3000,"fast","control_informative",0.05,5,0.01,"","separate_mirage","trait2","bfdr_observed_fdp",0.01,0
20260835,23,500,15,3000,3000,3000,3000,"fast","control_informative",0.05,5,0.01,"","separate_mirage","trait2","bfdr_estimate",0.01,0
20260835,23,500,15,3000,3000,3000,3000,"fast","control_informative",0.05,5,0.01,"","separate_mirage","trait2","bfdr_power",0.01,0
20260835,23,500,15,3000,3000,3000,3000,"fast","control_informative",0.05,5,0.01,"","separate_mirage","trait2","bfdr_discoveries",0.01,0
20260835,23,500,15,3000,3000,3000,3000,"fast","control_informative",0.05,5,0.01,"","separate_mirage","trait2","bfdr_observed_fdp",0.05,0
20260835,23,500,15,3000,3000,3000,3000,"fast","control_informative",0.05,5,0.01,"","separate_mirage","trait2","bfdr_estimate",0.05,0
20260835,23,500,15,3000,3000,3000,3000,"fast","control_informative",0.05,5,0.01,"","separate_mirage","trait2","bfdr_power",0.05,0
20260835,23,500,15,3000,3000,3000,3000,"fast","control_informative",0.05,5,0.01,"","separate_mirage","trait2","bfdr_discoveries",0.05,0
20260835,23,500,15,3000,3000,3000,3000,"fast","control_informative",0.05,5,0.01,"","separate_mirage","trait2","bfdr_observed_fdp",0.1,0
20260835,23,500,15,3000,3000,3000,3000,"fast","control_informative",0.05,5,0.01,"","separate_mirage","trait2","bfdr_estimate",0.1,0
20260835,23,500,15,3000,3000,3000,3000,"fast","control_informative",0.05,5,0.01,"","separate_mirage","trait2","bfdr_power",0.1,0
20260835,23,500,15,3000,3000,3000,3000,"fast","control_informative",0.05,5,0.01,"","separate_mirage","trait2","bfdr_discoveries",0.1,0
20260835,23,500,15,3000,3000,3000,3000,"fast","control_informative",0.05,5,0.01,"","separate_mirage","trait2","bfdr_observed_fdp",0.2,0
20260835,23,500,15,3000,3000,3000,3000,"fast","control_informative",0.05,5,0.01,"","separate_mirage","trait2","bfdr_estimate",0.2,0
20260835,23,500,15,3000,3000,3000,3000,"fast","control_informative",0.05,5,0.01,"","separate_mirage","trait2","bfdr_power",0.2,0
20260835,23,500,15,3000,3000,3000,3000,"fast","control_informative",0.05,5,0.01,"","separate_mirage","trait2","bfdr_discoveries",0.2,0
20260835,23,500,15,3000,3000,3000,3000,"fast","control_informative",0.05,5,0.01,"","separate_mirage","pleiotropy","bfdr_observed_fdp",0.01,0
20260835,23,500,15,3000,3000,3000,3000,"fast","control_informative",0.05,5,0.01,"","separate_mirage","pleiotropy","bfdr_estimate",0.01,0
20260835,23,500,15,3000,3000,3000,3000,"fast","control_informative",0.05,5,0.01,"","separate_mirage","pleiotropy","bfdr_power",0.01,0
20260835,23,500,15,3000,3000,3000,3000,"fast","control_informative",0.05,5,0.01,"","separate_mirage","pleiotropy","bfdr_discoveries",0.01,0
20260835,23,500,15,3000,3000,3000,3000,"fast","control_informative",0.05,5,0.01,"","separate_mirage","pleiotropy","bfdr_observed_fdp",0.05,0
20260835,23,500,15,3000,3000,3000,3000,"fast","control_informative",0.05,5,0.01,"","separate_mirage","pleiotropy","bfdr_estimate",0.05,0
20260835,23,500,15,3000,3000,3000,3000,"fast","control_informative",0.05,5,0.01,"","separate_mirage","pleiotropy","bfdr_power",0.05,0
20260835,23,500,15,3000,3000,3000,3000,"fast","control_informative",0.05,5,0.01,"","separate_mirage","pleiotropy","bfdr_discoveries",0.05,0
20260835,23,500,15,3000,3000,3000,3000,"fast","control_informative",0.05,5,0.01,"","separate_mirage","pleiotropy","bfdr_observed_fdp",0.1,0
20260835,23,500,15,3000,3000,3000,3000,"fast","control_informative",0.05,5,0.01,"","separate_mirage","pleiotropy","bfdr_estimate",0.1,0
20260835,23,500,15,3000,3000,3000,3000,"fast","control_informative",0.05,5,0.01,"","separate_mirage","pleiotropy","bfdr_power",0.1,0
20260835,23,500,15,3000,3000,3000,3000,"fast","control_informative",0.05,5,0.01,"","separate_mirage","pleiotropy","bfdr_discoveries",0.1,0
20260835,23,500,15,3000,3000,3000,3000,"fast","control_informative",0.05,5,0.01,"","separate_mirage","pleiotropy","bfdr_observed_fdp",0.2,0
20260835,23,500,15,3000,3000,3000,3000,"fast","control_informative",0.05,5,0.01,"","separate_mirage","pleiotropy","bfdr_estimate",0.2,0
20260835,23,500,15,3000,3000,3000,3000,"fast","control_informative",0.05,5,0.01,"","separate_mirage","pleiotropy","bfdr_power",0.2,0
20260835,23,500,15,3000,3000,3000,3000,"fast","control_informative",0.05,5,0.01,"","separate_mirage","pleiotropy","bfdr_discoveries",0.2,0
20260835,23,500,15,3000,3000,3000,3000,"fast","control_informative",0.05,5,0.01,"","separate_mirage","global","runtime_seconds",NA,18.051
20260835,23,500,15,3000,3000,3000,3000,"fast","control_informative",0.05,5,0.01,"","separate_mirage","pleiotropy","pi11_estimate",NA,0.001
20260835,23,500,15,3000,3000,3000,3000,"fast","control_informative",0.05,5,0.01,"","mtada_aggregated","trait1","auc",NA,0.635957894736842
20260835,23,500,15,3000,3000,3000,3000,"fast","control_informative",0.05,5,0.01,"","mtada_aggregated","trait2","auc",NA,0.716326530612245
20260835,23,500,15,3000,3000,3000,3000,"fast","control_informative",0.05,5,0.01,"","mtada_aggregated","pleiotropy","auc",NA,0.676767676767677
20260835,23,500,15,3000,3000,3000,3000,"fast","control_informative",0.05,5,0.01,"","mtada_aggregated","trait1","pp08_power",0.8,0.28
20260835,23,500,15,3000,3000,3000,3000,"fast","control_informative",0.05,5,0.01,"","mtada_aggregated","trait1","pp08_fdp",0.8,0.87037037037037
20260835,23,500,15,3000,3000,3000,3000,"fast","control_informative",0.05,5,0.01,"","mtada_aggregated","trait1","pp08_discoveries",0.8,54
20260835,23,500,15,3000,3000,3000,3000,"fast","control_informative",0.05,5,0.01,"","mtada_aggregated","trait2","pp08_power",0.8,0.1
20260835,23,500,15,3000,3000,3000,3000,"fast","control_informative",0.05,5,0.01,"","mtada_aggregated","trait2","pp08_fdp",0.8,0.974358974358974
20260835,23,500,15,3000,3000,3000,3000,"fast","control_informative",0.05,5,0.01,"","mtada_aggregated","trait2","pp08_discoveries",0.8,39
20260835,23,500,15,3000,3000,3000,3000,"fast","control_informative",0.05,5,0.01,"","mtada_aggregated","pleiotropy","pp08_power",0.8,0
20260835,23,500,15,3000,3000,3000,3000,"fast","control_informative",0.05,5,0.01,"","mtada_aggregated","pleiotropy","pp08_fdp",0.8,1
20260835,23,500,15,3000,3000,3000,3000,"fast","control_informative",0.05,5,0.01,"","mtada_aggregated","pleiotropy","pp08_discoveries",0.8,6
20260835,23,500,15,3000,3000,3000,3000,"fast","control_informative",0.05,5,0.01,"","mtada_aggregated","trait1","bfdr_observed_fdp",0.01,0.851063829787234
20260835,23,500,15,3000,3000,3000,3000,"fast","control_informative",0.05,5,0.01,"","mtada_aggregated","trait1","bfdr_estimate",0.01,0.00975963090677876
20260835,23,500,15,3000,3000,3000,3000,"fast","control_informative",0.05,5,0.01,"","mtada_aggregated","trait1","bfdr_power",0.01,0.28
20260835,23,500,15,3000,3000,3000,3000,"fast","control_informative",0.05,5,0.01,"","mtada_aggregated","trait1","bfdr_discoveries",0.01,47
20260835,23,500,15,3000,3000,3000,3000,"fast","control_informative",0.05,5,0.01,"","mtada_aggregated","trait1","bfdr_observed_fdp",0.05,0.883333333333333
20260835,23,500,15,3000,3000,3000,3000,"fast","control_informative",0.05,5,0.01,"","mtada_aggregated","trait1","bfdr_estimate",0.05,0.047665510210861
20260835,23,500,15,3000,3000,3000,3000,"fast","control_informative",0.05,5,0.01,"","mtada_aggregated","trait1","bfdr_power",0.05,0.28
20260835,23,500,15,3000,3000,3000,3000,"fast","control_informative",0.05,5,0.01,"","mtada_aggregated","trait1","bfdr_discoveries",0.05,60
20260835,23,500,15,3000,3000,3000,3000,"fast","control_informative",0.05,5,0.01,"","mtada_aggregated","trait1","bfdr_observed_fdp",0.1,0.898550724637681
20260835,23,500,15,3000,3000,3000,3000,"fast","control_informative",0.05,5,0.01,"","mtada_aggregated","trait1","bfdr_estimate",0.1,0.0965107464800363
20260835,23,500,15,3000,3000,3000,3000,"fast","control_informative",0.05,5,0.01,"","mtada_aggregated","trait1","bfdr_power",0.1,0.28
20260835,23,500,15,3000,3000,3000,3000,"fast","control_informative",0.05,5,0.01,"","mtada_aggregated","trait1","bfdr_discoveries",0.1,69
20260835,23,500,15,3000,3000,3000,3000,"fast","control_informative",0.05,5,0.01,"","mtada_aggregated","trait1","bfdr_observed_fdp",0.2,0.903614457831325
20260835,23,500,15,3000,3000,3000,3000,"fast","control_informative",0.05,5,0.01,"","mtada_aggregated","trait1","bfdr_estimate",0.2,0.196645051376036
20260835,23,500,15,3000,3000,3000,3000,"fast","control_informative",0.05,5,0.01,"","mtada_aggregated","trait1","bfdr_power",0.2,0.32
20260835,23,500,15,3000,3000,3000,3000,"fast","control_informative",0.05,5,0.01,"","mtada_aggregated","trait1","bfdr_discoveries",0.2,83
20260835,23,500,15,3000,3000,3000,3000,"fast","control_informative",0.05,5,0.01,"","mtada_aggregated","trait2","bfdr_observed_fdp",0.01,1
20260835,23,500,15,3000,3000,3000,3000,"fast","control_informative",0.05,5,0.01,"","mtada_aggregated","trait2","bfdr_estimate",0.01,0.00875434875762777
20260835,23,500,15,3000,3000,3000,3000,"fast","control_informative",0.05,5,0.01,"","mtada_aggregated","trait2","bfdr_power",0.01,0
20260835,23,500,15,3000,3000,3000,3000,"fast","control_informative",0.05,5,0.01,"","mtada_aggregated","trait2","bfdr_discoveries",0.01,35
20260835,23,500,15,3000,3000,3000,3000,"fast","control_informative",0.05,5,0.01,"","mtada_aggregated","trait2","bfdr_observed_fdp",0.05,0.976744186046512
20260835,23,500,15,3000,3000,3000,3000,"fast","control_informative",0.05,5,0.01,"","mtada_aggregated","trait2","bfdr_estimate",0.05,0.0471014108562895
20260835,23,500,15,3000,3000,3000,3000,"fast","control_informative",0.05,5,0.01,"","mtada_aggregated","trait2","bfdr_power",0.05,0.1
20260835,23,500,15,3000,3000,3000,3000,"fast","control_informative",0.05,5,0.01,"","mtada_aggregated","trait2","bfdr_discoveries",0.05,43
20260835,23,500,15,3000,3000,3000,3000,"fast","control_informative",0.05,5,0.01,"","mtada_aggregated","trait2","bfdr_observed_fdp",0.1,0.938775510204082
20260835,23,500,15,3000,3000,3000,3000,"fast","control_informative",0.05,5,0.01,"","mtada_aggregated","trait2","bfdr_estimate",0.1,0.0971921417725007
20260835,23,500,15,3000,3000,3000,3000,"fast","control_informative",0.05,5,0.01,"","mtada_aggregated","trait2","bfdr_power",0.1,0.3
20260835,23,500,15,3000,3000,3000,3000,"fast","control_informative",0.05,5,0.01,"","mtada_aggregated","trait2","bfdr_discoveries",0.1,49
20260835,23,500,15,3000,3000,3000,3000,"fast","control_informative",0.05,5,0.01,"","mtada_aggregated","trait2","bfdr_observed_fdp",0.2,0.948275862068966
20260835,23,500,15,3000,3000,3000,3000,"fast","control_informative",0.05,5,0.01,"","mtada_aggregated","trait2","bfdr_estimate",0.2,0.197170222770564
20260835,23,500,15,3000,3000,3000,3000,"fast","control_informative",0.05,5,0.01,"","mtada_aggregated","trait2","bfdr_power",0.2,0.3
20260835,23,500,15,3000,3000,3000,3000,"fast","control_informative",0.05,5,0.01,"","mtada_aggregated","trait2","bfdr_discoveries",0.2,58
20260835,23,500,15,3000,3000,3000,3000,"fast","control_informative",0.05,5,0.01,"","mtada_aggregated","pleiotropy","bfdr_observed_fdp",0.01,1
20260835,23,500,15,3000,3000,3000,3000,"fast","control_informative",0.05,5,0.01,"","mtada_aggregated","pleiotropy","bfdr_estimate",0.01,0.00821625184899866
20260835,23,500,15,3000,3000,3000,3000,"fast","control_informative",0.05,5,0.01,"","mtada_aggregated","pleiotropy","bfdr_power",0.01,0
20260835,23,500,15,3000,3000,3000,3000,"fast","control_informative",0.05,5,0.01,"","mtada_aggregated","pleiotropy","bfdr_discoveries",0.01,3
20260835,23,500,15,3000,3000,3000,3000,"fast","control_informative",0.05,5,0.01,"","mtada_aggregated","pleiotropy","bfdr_observed_fdp",0.05,1
20260835,23,500,15,3000,3000,3000,3000,"fast","control_informative",0.05,5,0.01,"","mtada_aggregated","pleiotropy","bfdr_estimate",0.05,0.0458204218318086
20260835,23,500,15,3000,3000,3000,3000,"fast","control_informative",0.05,5,0.01,"","mtada_aggregated","pleiotropy","bfdr_power",0.05,0
20260835,23,500,15,3000,3000,3000,3000,"fast","control_informative",0.05,5,0.01,"","mtada_aggregated","pleiotropy","bfdr_discoveries",0.05,6
20260835,23,500,15,3000,3000,3000,3000,"fast","control_informative",0.05,5,0.01,"","mtada_aggregated","pleiotropy","bfdr_observed_fdp",0.1,1
20260835,23,500,15,3000,3000,3000,3000,"fast","control_informative",0.05,5,0.01,"","mtada_aggregated","pleiotropy","bfdr_estimate",0.1,0.0894379151078884
20260835,23,500,15,3000,3000,3000,3000,"fast","control_informative",0.05,5,0.01,"","mtada_aggregated","pleiotropy","bfdr_power",0.1,0
20260835,23,500,15,3000,3000,3000,3000,"fast","control_informative",0.05,5,0.01,"","mtada_aggregated","pleiotropy","bfdr_discoveries",0.1,7
20260835,23,500,15,3000,3000,3000,3000,"fast","control_informative",0.05,5,0.01,"","mtada_aggregated","pleiotropy","bfdr_observed_fdp",0.2,1
20260835,23,500,15,3000,3000,3000,3000,"fast","control_informative",0.05,5,0.01,"","mtada_aggregated","pleiotropy","bfdr_estimate",0.2,0.1952250406153
20260835,23,500,15,3000,3000,3000,3000,"fast","control_informative",0.05,5,0.01,"","mtada_aggregated","pleiotropy","bfdr_power",0.2,0
20260835,23,500,15,3000,3000,3000,3000,"fast","control_informative",0.05,5,0.01,"","mtada_aggregated","pleiotropy","bfdr_discoveries",0.2,9
20260835,23,500,15,3000,3000,3000,3000,"fast","control_informative",0.05,5,0.01,"","mtada_aggregated","global","runtime_seconds",NA,0.704999999999984
20260835,23,500,15,3000,3000,3000,3000,"fast","control_informative",0.05,5,0.01,"","mtada_aggregated","pleiotropy","pi11_estimate",NA,0.00294719
20260836,24,500,15,3000,3000,3000,3000,"fast","control_informative",0.05,5,0.01,"","mirage_joint","trait1","auc",NA,0.663073684210526
20260836,24,500,15,3000,3000,3000,3000,"fast","control_informative",0.05,5,0.01,"","mirage_joint","trait2","auc",NA,0.661020408163265
20260836,24,500,15,3000,3000,3000,3000,"fast","control_informative",0.05,5,0.01,"","mirage_joint","pleiotropy","auc",NA,0.538181818181818
20260836,24,500,15,3000,3000,3000,3000,"fast","control_informative",0.05,5,0.01,"","mirage_joint","trait1","pp08_power",0.8,0.08
20260836,24,500,15,3000,3000,3000,3000,"fast","control_informative",0.05,5,0.01,"","mirage_joint","trait1","pp08_fdp",0.8,0
20260836,24,500,15,3000,3000,3000,3000,"fast","control_informative",0.05,5,0.01,"","mirage_joint","trait1","pp08_discoveries",0.8,2
20260836,24,500,15,3000,3000,3000,3000,"fast","control_informative",0.05,5,0.01,"","mirage_joint","trait2","pp08_power",0.8,0.2
20260836,24,500,15,3000,3000,3000,3000,"fast","control_informative",0.05,5,0.01,"","mirage_joint","trait2","pp08_fdp",0.8,0
20260836,24,500,15,3000,3000,3000,3000,"fast","control_informative",0.05,5,0.01,"","mirage_joint","trait2","pp08_discoveries",0.8,2
20260836,24,500,15,3000,3000,3000,3000,"fast","control_informative",0.05,5,0.01,"","mirage_joint","pleiotropy","pp08_power",0.8,0
20260836,24,500,15,3000,3000,3000,3000,"fast","control_informative",0.05,5,0.01,"","mirage_joint","pleiotropy","pp08_fdp",0.8,0
20260836,24,500,15,3000,3000,3000,3000,"fast","control_informative",0.05,5,0.01,"","mirage_joint","pleiotropy","pp08_discoveries",0.8,0
20260836,24,500,15,3000,3000,3000,3000,"fast","control_informative",0.05,5,0.01,"","mirage_joint","trait1","bfdr_observed_fdp",0.01,0
20260836,24,500,15,3000,3000,3000,3000,"fast","control_informative",0.05,5,0.01,"","mirage_joint","trait1","bfdr_estimate",0.01,2.70576339111983e-11
20260836,24,500,15,3000,3000,3000,3000,"fast","control_informative",0.05,5,0.01,"","mirage_joint","trait1","bfdr_power",0.01,0.08
20260836,24,500,15,3000,3000,3000,3000,"fast","control_informative",0.05,5,0.01,"","mirage_joint","trait1","bfdr_discoveries",0.01,2
20260836,24,500,15,3000,3000,3000,3000,"fast","control_informative",0.05,5,0.01,"","mirage_joint","trait1","bfdr_observed_fdp",0.05,0
20260836,24,500,15,3000,3000,3000,3000,"fast","control_informative",0.05,5,0.01,"","mirage_joint","trait1","bfdr_estimate",0.05,2.70576339111983e-11
20260836,24,500,15,3000,3000,3000,3000,"fast","control_informative",0.05,5,0.01,"","mirage_joint","trait1","bfdr_power",0.05,0.08
20260836,24,500,15,3000,3000,3000,3000,"fast","control_informative",0.05,5,0.01,"","mirage_joint","trait1","bfdr_discoveries",0.05,2
20260836,24,500,15,3000,3000,3000,3000,"fast","control_informative",0.05,5,0.01,"","mirage_joint","trait1","bfdr_observed_fdp",0.1,0
20260836,24,500,15,3000,3000,3000,3000,"fast","control_informative",0.05,5,0.01,"","mirage_joint","trait1","bfdr_estimate",0.1,2.70576339111983e-11
20260836,24,500,15,3000,3000,3000,3000,"fast","control_informative",0.05,5,0.01,"","mirage_joint","trait1","bfdr_power",0.1,0.08
20260836,24,500,15,3000,3000,3000,3000,"fast","control_informative",0.05,5,0.01,"","mirage_joint","trait1","bfdr_discoveries",0.1,2
20260836,24,500,15,3000,3000,3000,3000,"fast","control_informative",0.05,5,0.01,"","mirage_joint","trait1","bfdr_observed_fdp",0.2,0
20260836,24,500,15,3000,3000,3000,3000,"fast","control_informative",0.05,5,0.01,"","mirage_joint","trait1","bfdr_estimate",0.2,0.187475865959423
20260836,24,500,15,3000,3000,3000,3000,"fast","control_informative",0.05,5,0.01,"","mirage_joint","trait1","bfdr_power",0.2,0.12
20260836,24,500,15,3000,3000,3000,3000,"fast","control_informative",0.05,5,0.01,"","mirage_joint","trait1","bfdr_discoveries",0.2,3
20260836,24,500,15,3000,3000,3000,3000,"fast","control_informative",0.05,5,0.01,"","mirage_joint","trait2","bfdr_observed_fdp",0.01,0
20260836,24,500,15,3000,3000,3000,3000,"fast","control_informative",0.05,5,0.01,"","mirage_joint","trait2","bfdr_estimate",0.01,0.000665201129424864
20260836,24,500,15,3000,3000,3000,3000,"fast","control_informative",0.05,5,0.01,"","mirage_joint","trait2","bfdr_power",0.01,0.2
20260836,24,500,15,3000,3000,3000,3000,"fast","control_informative",0.05,5,0.01,"","mirage_joint","trait2","bfdr_discoveries",0.01,2
20260836,24,500,15,3000,3000,3000,3000,"fast","control_informative",0.05,5,0.01,"","mirage_joint","trait2","bfdr_observed_fdp",0.05,0
20260836,24,500,15,3000,3000,3000,3000,"fast","control_informative",0.05,5,0.01,"","mirage_joint","trait2","bfdr_estimate",0.05,0.000665201129424864
20260836,24,500,15,3000,3000,3000,3000,"fast","control_informative",0.05,5,0.01,"","mirage_joint","trait2","bfdr_power",0.05,0.2
20260836,24,500,15,3000,3000,3000,3000,"fast","control_informative",0.05,5,0.01,"","mirage_joint","trait2","bfdr_discoveries",0.05,2
20260836,24,500,15,3000,3000,3000,3000,"fast","control_informative",0.05,5,0.01,"","mirage_joint","trait2","bfdr_observed_fdp",0.1,0
20260836,24,500,15,3000,3000,3000,3000,"fast","control_informative",0.05,5,0.01,"","mirage_joint","trait2","bfdr_estimate",0.1,0.000665201129424864
20260836,24,500,15,3000,3000,3000,3000,"fast","control_informative",0.05,5,0.01,"","mirage_joint","trait2","bfdr_power",0.1,0.2
20260836,24,500,15,3000,3000,3000,3000,"fast","control_informative",0.05,5,0.01,"","mirage_joint","trait2","bfdr_discoveries",0.1,2
20260836,24,500,15,3000,3000,3000,3000,"fast","control_informative",0.05,5,0.01,"","mirage_joint","trait2","bfdr_observed_fdp",0.2,0.333333333333333
20260836,24,500,15,3000,3000,3000,3000,"fast","control_informative",0.05,5,0.01,"","mirage_joint","trait2","bfdr_estimate",0.2,0.138232484182816
20260836,24,500,15,3000,3000,3000,3000,"fast","control_informative",0.05,5,0.01,"","mirage_joint","trait2","bfdr_power",0.2,0.2
20260836,24,500,15,3000,3000,3000,3000,"fast","control_informative",0.05,5,0.01,"","mirage_joint","trait2","bfdr_discoveries",0.2,3
20260836,24,500,15,3000,3000,3000,3000,"fast","control_informative",0.05,5,0.01,"","mirage_joint","pleiotropy","bfdr_observed_fdp",0.01,0
20260836,24,500,15,3000,3000,3000,3000,"fast","control_informative",0.05,5,0.01,"","mirage_joint","pleiotropy","bfdr_estimate",0.01,0
20260836,24,500,15,3000,3000,3000,3000,"fast","control_informative",0.05,5,0.01,"","mirage_joint","pleiotropy","bfdr_power",0.01,0
20260836,24,500,15,3000,3000,3000,3000,"fast","control_informative",0.05,5,0.01,"","mirage_joint","pleiotropy","bfdr_discoveries",0.01,0
20260836,24,500,15,3000,3000,3000,3000,"fast","control_informative",0.05,5,0.01,"","mirage_joint","pleiotropy","bfdr_observed_fdp",0.05,0
20260836,24,500,15,3000,3000,3000,3000,"fast","control_informative",0.05,5,0.01,"","mirage_joint","pleiotropy","bfdr_estimate",0.05,0
20260836,24,500,15,3000,3000,3000,3000,"fast","control_informative",0.05,5,0.01,"","mirage_joint","pleiotropy","bfdr_power",0.05,0
20260836,24,500,15,3000,3000,3000,3000,"fast","control_informative",0.05,5,0.01,"","mirage_joint","pleiotropy","bfdr_discoveries",0.05,0
20260836,24,500,15,3000,3000,3000,3000,"fast","control_informative",0.05,5,0.01,"","mirage_joint","pleiotropy","bfdr_observed_fdp",0.1,0
20260836,24,500,15,3000,3000,3000,3000,"fast","control_informative",0.05,5,0.01,"","mirage_joint","pleiotropy","bfdr_estimate",0.1,0
20260836,24,500,15,3000,3000,3000,3000,"fast","control_informative",0.05,5,0.01,"","mirage_joint","pleiotropy","bfdr_power",0.1,0
20260836,24,500,15,3000,3000,3000,3000,"fast","control_informative",0.05,5,0.01,"","mirage_joint","pleiotropy","bfdr_discoveries",0.1,0
20260836,24,500,15,3000,3000,3000,3000,"fast","control_informative",0.05,5,0.01,"","mirage_joint","pleiotropy","bfdr_observed_fdp",0.2,0
20260836,24,500,15,3000,3000,3000,3000,"fast","control_informative",0.05,5,0.01,"","mirage_joint","pleiotropy","bfdr_estimate",0.2,0
20260836,24,500,15,3000,3000,3000,3000,"fast","control_informative",0.05,5,0.01,"","mirage_joint","pleiotropy","bfdr_power",0.2,0
20260836,24,500,15,3000,3000,3000,3000,"fast","control_informative",0.05,5,0.01,"","mirage_joint","pleiotropy","bfdr_discoveries",0.2,0
20260836,24,500,15,3000,3000,3000,3000,"fast","control_informative",0.05,5,0.01,"","mirage_joint","global","runtime_seconds",NA,18.044
20260836,24,500,15,3000,3000,3000,3000,"fast","control_informative",0.05,5,0.01,"","mirage_joint","pleiotropy","pi11_estimate",NA,0.00021562855182186
20260836,24,500,15,3000,3000,3000,3000,"fast","control_informative",0.05,5,0.01,"","separate_mirage","trait1","auc",NA,0.680673684210526
20260836,24,500,15,3000,3000,3000,3000,"fast","control_informative",0.05,5,0.01,"","separate_mirage","trait2","auc",NA,0.69469387755102
20260836,24,500,15,3000,3000,3000,3000,"fast","control_informative",0.05,5,0.01,"","separate_mirage","pleiotropy","auc",NA,0.505454545454545
20260836,24,500,15,3000,3000,3000,3000,"fast","control_informative",0.05,5,0.01,"","separate_mirage","trait1","pp08_power",0.8,0.08
20260836,24,500,15,3000,3000,3000,3000,"fast","control_informative",0.05,5,0.01,"","separate_mirage","trait1","pp08_fdp",0.8,0
20260836,24,500,15,3000,3000,3000,3000,"fast","control_informative",0.05,5,0.01,"","separate_mirage","trait1","pp08_discoveries",0.8,2
20260836,24,500,15,3000,3000,3000,3000,"fast","control_informative",0.05,5,0.01,"","separate_mirage","trait2","pp08_power",0.8,0.2
20260836,24,500,15,3000,3000,3000,3000,"fast","control_informative",0.05,5,0.01,"","separate_mirage","trait2","pp08_fdp",0.8,0
20260836,24,500,15,3000,3000,3000,3000,"fast","control_informative",0.05,5,0.01,"","separate_mirage","trait2","pp08_discoveries",0.8,2
20260836,24,500,15,3000,3000,3000,3000,"fast","control_informative",0.05,5,0.01,"","separate_mirage","pleiotropy","pp08_power",0.8,0
20260836,24,500,15,3000,3000,3000,3000,"fast","control_informative",0.05,5,0.01,"","separate_mirage","pleiotropy","pp08_fdp",0.8,0
20260836,24,500,15,3000,3000,3000,3000,"fast","control_informative",0.05,5,0.01,"","separate_mirage","pleiotropy","pp08_discoveries",0.8,0
20260836,24,500,15,3000,3000,3000,3000,"fast","control_informative",0.05,5,0.01,"","separate_mirage","trait1","bfdr_observed_fdp",0.01,0
20260836,24,500,15,3000,3000,3000,3000,"fast","control_informative",0.05,5,0.01,"","separate_mirage","trait1","bfdr_estimate",0.01,2.51375587012603e-11
20260836,24,500,15,3000,3000,3000,3000,"fast","control_informative",0.05,5,0.01,"","separate_mirage","trait1","bfdr_power",0.01,0.08
20260836,24,500,15,3000,3000,3000,3000,"fast","control_informative",0.05,5,0.01,"","separate_mirage","trait1","bfdr_discoveries",0.01,2
20260836,24,500,15,3000,3000,3000,3000,"fast","control_informative",0.05,5,0.01,"","separate_mirage","trait1","bfdr_observed_fdp",0.05,0
20260836,24,500,15,3000,3000,3000,3000,"fast","control_informative",0.05,5,0.01,"","separate_mirage","trait1","bfdr_estimate",0.05,2.51375587012603e-11
20260836,24,500,15,3000,3000,3000,3000,"fast","control_informative",0.05,5,0.01,"","separate_mirage","trait1","bfdr_power",0.05,0.08
20260836,24,500,15,3000,3000,3000,3000,"fast","control_informative",0.05,5,0.01,"","separate_mirage","trait1","bfdr_discoveries",0.05,2
20260836,24,500,15,3000,3000,3000,3000,"fast","control_informative",0.05,5,0.01,"","separate_mirage","trait1","bfdr_observed_fdp",0.1,0
20260836,24,500,15,3000,3000,3000,3000,"fast","control_informative",0.05,5,0.01,"","separate_mirage","trait1","bfdr_estimate",0.1,2.51375587012603e-11
20260836,24,500,15,3000,3000,3000,3000,"fast","control_informative",0.05,5,0.01,"","separate_mirage","trait1","bfdr_power",0.1,0.08
20260836,24,500,15,3000,3000,3000,3000,"fast","control_informative",0.05,5,0.01,"","separate_mirage","trait1","bfdr_discoveries",0.1,2
20260836,24,500,15,3000,3000,3000,3000,"fast","control_informative",0.05,5,0.01,"","separate_mirage","trait1","bfdr_observed_fdp",0.2,0
20260836,24,500,15,3000,3000,3000,3000,"fast","control_informative",0.05,5,0.01,"","separate_mirage","trait1","bfdr_estimate",0.2,0.170106889168029
20260836,24,500,15,3000,3000,3000,3000,"fast","control_informative",0.05,5,0.01,"","separate_mirage","trait1","bfdr_power",0.2,0.12
20260836,24,500,15,3000,3000,3000,3000,"fast","control_informative",0.05,5,0.01,"","separate_mirage","trait1","bfdr_discoveries",0.2,3
20260836,24,500,15,3000,3000,3000,3000,"fast","control_informative",0.05,5,0.01,"","separate_mirage","trait2","bfdr_observed_fdp",0.01,0
20260836,24,500,15,3000,3000,3000,3000,"fast","control_informative",0.05,5,0.01,"","separate_mirage","trait2","bfdr_estimate",0.01,0.00112538837976534
20260836,24,500,15,3000,3000,3000,3000,"fast","control_informative",0.05,5,0.01,"","separate_mirage","trait2","bfdr_power",0.01,0.2
20260836,24,500,15,3000,3000,3000,3000,"fast","control_informative",0.05,5,0.01,"","separate_mirage","trait2","bfdr_discoveries",0.01,2
20260836,24,500,15,3000,3000,3000,3000,"fast","control_informative",0.05,5,0.01,"","separate_mirage","trait2","bfdr_observed_fdp",0.05,0
20260836,24,500,15,3000,3000,3000,3000,"fast","control_informative",0.05,5,0.01,"","separate_mirage","trait2","bfdr_estimate",0.05,0.00112538837976534
20260836,24,500,15,3000,3000,3000,3000,"fast","control_informative",0.05,5,0.01,"","separate_mirage","trait2","bfdr_power",0.05,0.2
20260836,24,500,15,3000,3000,3000,3000,"fast","control_informative",0.05,5,0.01,"","separate_mirage","trait2","bfdr_discoveries",0.05,2
20260836,24,500,15,3000,3000,3000,3000,"fast","control_informative",0.05,5,0.01,"","separate_mirage","trait2","bfdr_observed_fdp",0.1,0
20260836,24,500,15,3000,3000,3000,3000,"fast","control_informative",0.05,5,0.01,"","separate_mirage","trait2","bfdr_estimate",0.1,0.00112538837976534
20260836,24,500,15,3000,3000,3000,3000,"fast","control_informative",0.05,5,0.01,"","separate_mirage","trait2","bfdr_power",0.1,0.2
20260836,24,500,15,3000,3000,3000,3000,"fast","control_informative",0.05,5,0.01,"","separate_mirage","trait2","bfdr_discoveries",0.1,2
20260836,24,500,15,3000,3000,3000,3000,"fast","control_informative",0.05,5,0.01,"","separate_mirage","trait2","bfdr_observed_fdp",0.2,0.333333333333333
20260836,24,500,15,3000,3000,3000,3000,"fast","control_informative",0.05,5,0.01,"","separate_mirage","trait2","bfdr_estimate",0.2,0.166262531786971
20260836,24,500,15,3000,3000,3000,3000,"fast","control_informative",0.05,5,0.01,"","separate_mirage","trait2","bfdr_power",0.2,0.2
20260836,24,500,15,3000,3000,3000,3000,"fast","control_informative",0.05,5,0.01,"","separate_mirage","trait2","bfdr_discoveries",0.2,3
20260836,24,500,15,3000,3000,3000,3000,"fast","control_informative",0.05,5,0.01,"","separate_mirage","pleiotropy","bfdr_observed_fdp",0.01,0
20260836,24,500,15,3000,3000,3000,3000,"fast","control_informative",0.05,5,0.01,"","separate_mirage","pleiotropy","bfdr_estimate",0.01,0
20260836,24,500,15,3000,3000,3000,3000,"fast","control_informative",0.05,5,0.01,"","separate_mirage","pleiotropy","bfdr_power",0.01,0
20260836,24,500,15,3000,3000,3000,3000,"fast","control_informative",0.05,5,0.01,"","separate_mirage","pleiotropy","bfdr_discoveries",0.01,0
20260836,24,500,15,3000,3000,3000,3000,"fast","control_informative",0.05,5,0.01,"","separate_mirage","pleiotropy","bfdr_observed_fdp",0.05,0
20260836,24,500,15,3000,3000,3000,3000,"fast","control_informative",0.05,5,0.01,"","separate_mirage","pleiotropy","bfdr_estimate",0.05,0
20260836,24,500,15,3000,3000,3000,3000,"fast","control_informative",0.05,5,0.01,"","separate_mirage","pleiotropy","bfdr_power",0.05,0
20260836,24,500,15,3000,3000,3000,3000,"fast","control_informative",0.05,5,0.01,"","separate_mirage","pleiotropy","bfdr_discoveries",0.05,0
20260836,24,500,15,3000,3000,3000,3000,"fast","control_informative",0.05,5,0.01,"","separate_mirage","pleiotropy","bfdr_observed_fdp",0.1,0
20260836,24,500,15,3000,3000,3000,3000,"fast","control_informative",0.05,5,0.01,"","separate_mirage","pleiotropy","bfdr_estimate",0.1,0
20260836,24,500,15,3000,3000,3000,3000,"fast","control_informative",0.05,5,0.01,"","separate_mirage","pleiotropy","bfdr_power",0.1,0
20260836,24,500,15,3000,3000,3000,3000,"fast","control_informative",0.05,5,0.01,"","separate_mirage","pleiotropy","bfdr_discoveries",0.1,0
20260836,24,500,15,3000,3000,3000,3000,"fast","control_informative",0.05,5,0.01,"","separate_mirage","pleiotropy","bfdr_observed_fdp",0.2,0
20260836,24,500,15,3000,3000,3000,3000,"fast","control_informative",0.05,5,0.01,"","separate_mirage","pleiotropy","bfdr_estimate",0.2,0
20260836,24,500,15,3000,3000,3000,3000,"fast","control_informative",0.05,5,0.01,"","separate_mirage","pleiotropy","bfdr_power",0.2,0
20260836,24,500,15,3000,3000,3000,3000,"fast","control_informative",0.05,5,0.01,"","separate_mirage","pleiotropy","bfdr_discoveries",0.2,0
20260836,24,500,15,3000,3000,3000,3000,"fast","control_informative",0.05,5,0.01,"","separate_mirage","global","runtime_seconds",NA,17.989
20260836,24,500,15,3000,3000,3000,3000,"fast","control_informative",0.05,5,0.01,"","separate_mirage","pleiotropy","pi11_estimate",NA,0.001
20260836,24,500,15,3000,3000,3000,3000,"fast","control_informative",0.05,5,0.01,"","mtada_aggregated","trait1","auc",NA,0.677473684210526
20260836,24,500,15,3000,3000,3000,3000,"fast","control_informative",0.05,5,0.01,"","mtada_aggregated","trait2","auc",NA,0.624591836734694
20260836,24,500,15,3000,3000,3000,3000,"fast","control_informative",0.05,5,0.01,"","mtada_aggregated","pleiotropy","auc",NA,0.618989898989899
20260836,24,500,15,3000,3000,3000,3000,"fast","control_informative",0.05,5,0.01,"","mtada_aggregated","trait1","pp08_power",0.8,0.2
20260836,24,500,15,3000,3000,3000,3000,"fast","control_informative",0.05,5,0.01,"","mtada_aggregated","trait1","pp08_fdp",0.8,0.838709677419355
20260836,24,500,15,3000,3000,3000,3000,"fast","control_informative",0.05,5,0.01,"","mtada_aggregated","trait1","pp08_discoveries",0.8,31
20260836,24,500,15,3000,3000,3000,3000,"fast","control_informative",0.05,5,0.01,"","mtada_aggregated","trait2","pp08_power",0.8,0.2
20260836,24,500,15,3000,3000,3000,3000,"fast","control_informative",0.05,5,0.01,"","mtada_aggregated","trait2","pp08_fdp",0.8,0.92
20260836,24,500,15,3000,3000,3000,3000,"fast","control_informative",0.05,5,0.01,"","mtada_aggregated","trait2","pp08_discoveries",0.8,25
20260836,24,500,15,3000,3000,3000,3000,"fast","control_informative",0.05,5,0.01,"","mtada_aggregated","pleiotropy","pp08_power",0.8,0
20260836,24,500,15,3000,3000,3000,3000,"fast","control_informative",0.05,5,0.01,"","mtada_aggregated","pleiotropy","pp08_fdp",0.8,1
20260836,24,500,15,3000,3000,3000,3000,"fast","control_informative",0.05,5,0.01,"","mtada_aggregated","pleiotropy","pp08_discoveries",0.8,2
20260836,24,500,15,3000,3000,3000,3000,"fast","control_informative",0.05,5,0.01,"","mtada_aggregated","trait1","bfdr_observed_fdp",0.01,0.862068965517241
20260836,24,500,15,3000,3000,3000,3000,"fast","control_informative",0.05,5,0.01,"","mtada_aggregated","trait1","bfdr_estimate",0.01,0.00999273512658061
20260836,24,500,15,3000,3000,3000,3000,"fast","control_informative",0.05,5,0.01,"","mtada_aggregated","trait1","bfdr_power",0.01,0.16
20260836,24,500,15,3000,3000,3000,3000,"fast","control_informative",0.05,5,0.01,"","mtada_aggregated","trait1","bfdr_discoveries",0.01,29
20260836,24,500,15,3000,3000,3000,3000,"fast","control_informative",0.05,5,0.01,"","mtada_aggregated","trait1","bfdr_observed_fdp",0.05,0.861111111111111
20260836,24,500,15,3000,3000,3000,3000,"fast","control_informative",0.05,5,0.01,"","mtada_aggregated","trait1","bfdr_estimate",0.05,0.0463387165419277
20260836,24,500,15,3000,3000,3000,3000,"fast","control_informative",0.05,5,0.01,"","mtada_aggregated","trait1","bfdr_power",0.05,0.2
20260836,24,500,15,3000,3000,3000,3000,"fast","control_informative",0.05,5,0.01,"","mtada_aggregated","trait1","bfdr_discoveries",0.05,36
20260836,24,500,15,3000,3000,3000,3000,"fast","control_informative",0.05,5,0.01,"","mtada_aggregated","trait1","bfdr_observed_fdp",0.1,0.883720930232558
20260836,24,500,15,3000,3000,3000,3000,"fast","control_informative",0.05,5,0.01,"","mtada_aggregated","trait1","bfdr_estimate",0.1,0.0966741693924697
20260836,24,500,15,3000,3000,3000,3000,"fast","control_informative",0.05,5,0.01,"","mtada_aggregated","trait1","bfdr_power",0.1,0.2
20260836,24,500,15,3000,3000,3000,3000,"fast","control_informative",0.05,5,0.01,"","mtada_aggregated","trait1","bfdr_discoveries",0.1,43
20260836,24,500,15,3000,3000,3000,3000,"fast","control_informative",0.05,5,0.01,"","mtada_aggregated","trait1","bfdr_observed_fdp",0.2,0.87037037037037
20260836,24,500,15,3000,3000,3000,3000,"fast","control_informative",0.05,5,0.01,"","mtada_aggregated","trait1","bfdr_estimate",0.2,0.197555816965158
20260836,24,500,15,3000,3000,3000,3000,"fast","control_informative",0.05,5,0.01,"","mtada_aggregated","trait1","bfdr_power",0.2,0.28
20260836,24,500,15,3000,3000,3000,3000,"fast","control_informative",0.05,5,0.01,"","mtada_aggregated","trait1","bfdr_discoveries",0.2,54
20260836,24,500,15,3000,3000,3000,3000,"fast","control_informative",0.05,5,0.01,"","mtada_aggregated","trait2","bfdr_observed_fdp",0.01,0.904761904761905
20260836,24,500,15,3000,3000,3000,3000,"fast","control_informative",0.05,5,0.01,"","mtada_aggregated","trait2","bfdr_estimate",0.01,0.00924351886147638
20260836,24,500,15,3000,3000,3000,3000,"fast","control_informative",0.05,5,0.01,"","mtada_aggregated","trait2","bfdr_power",0.01,0.2
20260836,24,500,15,3000,3000,3000,3000,"fast","control_informative",0.05,5,0.01,"","mtada_aggregated","trait2","bfdr_discoveries",0.01,21
20260836,24,500,15,3000,3000,3000,3000,"fast","control_informative",0.05,5,0.01,"","mtada_aggregated","trait2","bfdr_observed_fdp",0.05,0.925925925925926
20260836,24,500,15,3000,3000,3000,3000,"fast","control_informative",0.05,5,0.01,"","mtada_aggregated","trait2","bfdr_estimate",0.05,0.0498553836810066
20260836,24,500,15,3000,3000,3000,3000,"fast","control_informative",0.05,5,0.01,"","mtada_aggregated","trait2","bfdr_power",0.05,0.2
20260836,24,500,15,3000,3000,3000,3000,"fast","control_informative",0.05,5,0.01,"","mtada_aggregated","trait2","bfdr_discoveries",0.05,27
20260836,24,500,15,3000,3000,3000,3000,"fast","control_informative",0.05,5,0.01,"","mtada_aggregated","trait2","bfdr_observed_fdp",0.1,0.935483870967742
20260836,24,500,15,3000,3000,3000,3000,"fast","control_informative",0.05,5,0.01,"","mtada_aggregated","trait2","bfdr_estimate",0.1,0.0904379591047917
20260836,24,500,15,3000,3000,3000,3000,"fast","control_informative",0.05,5,0.01,"","mtada_aggregated","trait2","bfdr_power",0.1,0.2
20260836,24,500,15,3000,3000,3000,3000,"fast","control_informative",0.05,5,0.01,"","mtada_aggregated","trait2","bfdr_discoveries",0.1,31
20260836,24,500,15,3000,3000,3000,3000,"fast","control_informative",0.05,5,0.01,"","mtada_aggregated","trait2","bfdr_observed_fdp",0.2,0.948717948717949
20260836,24,500,15,3000,3000,3000,3000,"fast","control_informative",0.05,5,0.01,"","mtada_aggregated","trait2","bfdr_estimate",0.2,0.192023913938299
20260836,24,500,15,3000,3000,3000,3000,"fast","control_informative",0.05,5,0.01,"","mtada_aggregated","trait2","bfdr_power",0.2,0.2
20260836,24,500,15,3000,3000,3000,3000,"fast","control_informative",0.05,5,0.01,"","mtada_aggregated","trait2","bfdr_discoveries",0.2,39
20260836,24,500,15,3000,3000,3000,3000,"fast","control_informative",0.05,5,0.01,"","mtada_aggregated","pleiotropy","bfdr_observed_fdp",0.01,0
20260836,24,500,15,3000,3000,3000,3000,"fast","control_informative",0.05,5,0.01,"","mtada_aggregated","pleiotropy","bfdr_estimate",0.01,0
20260836,24,500,15,3000,3000,3000,3000,"fast","control_informative",0.05,5,0.01,"","mtada_aggregated","pleiotropy","bfdr_power",0.01,0
20260836,24,500,15,3000,3000,3000,3000,"fast","control_informative",0.05,5,0.01,"","mtada_aggregated","pleiotropy","bfdr_discoveries",0.01,0
20260836,24,500,15,3000,3000,3000,3000,"fast","control_informative",0.05,5,0.01,"","mtada_aggregated","pleiotropy","bfdr_observed_fdp",0.05,1
20260836,24,500,15,3000,3000,3000,3000,"fast","control_informative",0.05,5,0.01,"","mtada_aggregated","pleiotropy","bfdr_estimate",0.05,0.0279880148402515
20260836,24,500,15,3000,3000,3000,3000,"fast","control_informative",0.05,5,0.01,"","mtada_aggregated","pleiotropy","bfdr_power",0.05,0
20260836,24,500,15,3000,3000,3000,3000,"fast","control_informative",0.05,5,0.01,"","mtada_aggregated","pleiotropy","bfdr_discoveries",0.05,1
20260836,24,500,15,3000,3000,3000,3000,"fast","control_informative",0.05,5,0.01,"","mtada_aggregated","pleiotropy","bfdr_observed_fdp",0.1,1
20260836,24,500,15,3000,3000,3000,3000,"fast","control_informative",0.05,5,0.01,"","mtada_aggregated","pleiotropy","bfdr_estimate",0.1,0.0279880148402515
20260836,24,500,15,3000,3000,3000,3000,"fast","control_informative",0.05,5,0.01,"","mtada_aggregated","pleiotropy","bfdr_power",0.1,0
20260836,24,500,15,3000,3000,3000,3000,"fast","control_informative",0.05,5,0.01,"","mtada_aggregated","pleiotropy","bfdr_discoveries",0.1,1
20260836,24,500,15,3000,3000,3000,3000,"fast","control_informative",0.05,5,0.01,"","mtada_aggregated","pleiotropy","bfdr_observed_fdp",0.2,1
20260836,24,500,15,3000,3000,3000,3000,"fast","control_informative",0.05,5,0.01,"","mtada_aggregated","pleiotropy","bfdr_estimate",0.2,0.105222715056061
20260836,24,500,15,3000,3000,3000,3000,"fast","control_informative",0.05,5,0.01,"","mtada_aggregated","pleiotropy","bfdr_power",0.2,0
20260836,24,500,15,3000,3000,3000,3000,"fast","control_informative",0.05,5,0.01,"","mtada_aggregated","pleiotropy","bfdr_discoveries",0.2,2
20260836,24,500,15,3000,3000,3000,3000,"fast","control_informative",0.05,5,0.01,"","mtada_aggregated","global","runtime_seconds",NA,0.802000000000021
20260836,24,500,15,3000,3000,3000,3000,"fast","control_informative",0.05,5,0.01,"","mtada_aggregated","pleiotropy","pi11_estimate",NA,0.000531351
20260837,25,500,15,3000,3000,3000,3000,"fast","control_informative",0.05,5,0.01,"","mirage_joint","trait1","auc",NA,0.737684210526316
20260837,25,500,15,3000,3000,3000,3000,"fast","control_informative",0.05,5,0.01,"","mirage_joint","trait2","auc",NA,0.583469387755102
20260837,25,500,15,3000,3000,3000,3000,"fast","control_informative",0.05,5,0.01,"","mirage_joint","pleiotropy","auc",NA,0.676363636363636
20260837,25,500,15,3000,3000,3000,3000,"fast","control_informative",0.05,5,0.01,"","mirage_joint","trait1","pp08_power",0.8,0.08
20260837,25,500,15,3000,3000,3000,3000,"fast","control_informative",0.05,5,0.01,"","mirage_joint","trait1","pp08_fdp",0.8,0
20260837,25,500,15,3000,3000,3000,3000,"fast","control_informative",0.05,5,0.01,"","mirage_joint","trait1","pp08_discoveries",0.8,2
20260837,25,500,15,3000,3000,3000,3000,"fast","control_informative",0.05,5,0.01,"","mirage_joint","trait2","pp08_power",0.8,0.1
20260837,25,500,15,3000,3000,3000,3000,"fast","control_informative",0.05,5,0.01,"","mirage_joint","trait2","pp08_fdp",0.8,0
20260837,25,500,15,3000,3000,3000,3000,"fast","control_informative",0.05,5,0.01,"","mirage_joint","trait2","pp08_discoveries",0.8,1
20260837,25,500,15,3000,3000,3000,3000,"fast","control_informative",0.05,5,0.01,"","mirage_joint","pleiotropy","pp08_power",0.8,0
20260837,25,500,15,3000,3000,3000,3000,"fast","control_informative",0.05,5,0.01,"","mirage_joint","pleiotropy","pp08_fdp",0.8,0
20260837,25,500,15,3000,3000,3000,3000,"fast","control_informative",0.05,5,0.01,"","mirage_joint","pleiotropy","pp08_discoveries",0.8,0
20260837,25,500,15,3000,3000,3000,3000,"fast","control_informative",0.05,5,0.01,"","mirage_joint","trait1","bfdr_observed_fdp",0.01,0
20260837,25,500,15,3000,3000,3000,3000,"fast","control_informative",0.05,5,0.01,"","mirage_joint","trait1","bfdr_estimate",0.01,0
20260837,25,500,15,3000,3000,3000,3000,"fast","control_informative",0.05,5,0.01,"","mirage_joint","trait1","bfdr_power",0.01,0
20260837,25,500,15,3000,3000,3000,3000,"fast","control_informative",0.05,5,0.01,"","mirage_joint","trait1","bfdr_discoveries",0.01,0
20260837,25,500,15,3000,3000,3000,3000,"fast","control_informative",0.05,5,0.01,"","mirage_joint","trait1","bfdr_observed_fdp",0.05,0
20260837,25,500,15,3000,3000,3000,3000,"fast","control_informative",0.05,5,0.01,"","mirage_joint","trait1","bfdr_estimate",0.05,0.0123412872093395
20260837,25,500,15,3000,3000,3000,3000,"fast","control_informative",0.05,5,0.01,"","mirage_joint","trait1","bfdr_power",0.05,0.04
20260837,25,500,15,3000,3000,3000,3000,"fast","control_informative",0.05,5,0.01,"","mirage_joint","trait1","bfdr_discoveries",0.05,1
20260837,25,500,15,3000,3000,3000,3000,"fast","control_informative",0.05,5,0.01,"","mirage_joint","trait1","bfdr_observed_fdp",0.1,0
20260837,25,500,15,3000,3000,3000,3000,"fast","control_informative",0.05,5,0.01,"","mirage_joint","trait1","bfdr_estimate",0.1,0.0746451159042033
20260837,25,500,15,3000,3000,3000,3000,"fast","control_informative",0.05,5,0.01,"","mirage_joint","trait1","bfdr_power",0.1,0.08
20260837,25,500,15,3000,3000,3000,3000,"fast","control_informative",0.05,5,0.01,"","mirage_joint","trait1","bfdr_discoveries",0.1,2
20260837,25,500,15,3000,3000,3000,3000,"fast","control_informative",0.05,5,0.01,"","mirage_joint","trait1","bfdr_observed_fdp",0.2,0.333333333333333
20260837,25,500,15,3000,3000,3000,3000,"fast","control_informative",0.05,5,0.01,"","mirage_joint","trait1","bfdr_estimate",0.2,0.17430940944014
20260837,25,500,15,3000,3000,3000,3000,"fast","control_informative",0.05,5,0.01,"","mirage_joint","trait1","bfdr_power",0.2,0.08
20260837,25,500,15,3000,3000,3000,3000,"fast","control_informative",0.05,5,0.01,"","mirage_joint","trait1","bfdr_discoveries",0.2,3
20260837,25,500,15,3000,3000,3000,3000,"fast","control_informative",0.05,5,0.01,"","mirage_joint","trait2","bfdr_observed_fdp",0.01,0
20260837,25,500,15,3000,3000,3000,3000,"fast","control_informative",0.05,5,0.01,"","mirage_joint","trait2","bfdr_estimate",0.01,1.2270798155356e-08
20260837,25,500,15,3000,3000,3000,3000,"fast","control_informative",0.05,5,0.01,"","mirage_joint","trait2","bfdr_power",0.01,0.1
20260837,25,500,15,3000,3000,3000,3000,"fast","control_informative",0.05,5,0.01,"","mirage_joint","trait2","bfdr_discoveries",0.01,1
20260837,25,500,15,3000,3000,3000,3000,"fast","control_informative",0.05,5,0.01,"","mirage_joint","trait2","bfdr_observed_fdp",0.05,0
20260837,25,500,15,3000,3000,3000,3000,"fast","control_informative",0.05,5,0.01,"","mirage_joint","trait2","bfdr_estimate",0.05,1.2270798155356e-08
20260837,25,500,15,3000,3000,3000,3000,"fast","control_informative",0.05,5,0.01,"","mirage_joint","trait2","bfdr_power",0.05,0.1
20260837,25,500,15,3000,3000,3000,3000,"fast","control_informative",0.05,5,0.01,"","mirage_joint","trait2","bfdr_discoveries",0.05,1
20260837,25,500,15,3000,3000,3000,3000,"fast","control_informative",0.05,5,0.01,"","mirage_joint","trait2","bfdr_observed_fdp",0.1,0
20260837,25,500,15,3000,3000,3000,3000,"fast","control_informative",0.05,5,0.01,"","mirage_joint","trait2","bfdr_estimate",0.1,1.2270798155356e-08
20260837,25,500,15,3000,3000,3000,3000,"fast","control_informative",0.05,5,0.01,"","mirage_joint","trait2","bfdr_power",0.1,0.1
20260837,25,500,15,3000,3000,3000,3000,"fast","control_informative",0.05,5,0.01,"","mirage_joint","trait2","bfdr_discoveries",0.1,1
20260837,25,500,15,3000,3000,3000,3000,"fast","control_informative",0.05,5,0.01,"","mirage_joint","trait2","bfdr_observed_fdp",0.2,0.333333333333333
20260837,25,500,15,3000,3000,3000,3000,"fast","control_informative",0.05,5,0.01,"","mirage_joint","trait2","bfdr_estimate",0.2,0.199938422730391
20260837,25,500,15,3000,3000,3000,3000,"fast","control_informative",0.05,5,0.01,"","mirage_joint","trait2","bfdr_power",0.2,0.2
20260837,25,500,15,3000,3000,3000,3000,"fast","control_informative",0.05,5,0.01,"","mirage_joint","trait2","bfdr_discoveries",0.2,3
20260837,25,500,15,3000,3000,3000,3000,"fast","control_informative",0.05,5,0.01,"","mirage_joint","pleiotropy","bfdr_observed_fdp",0.01,0
20260837,25,500,15,3000,3000,3000,3000,"fast","control_informative",0.05,5,0.01,"","mirage_joint","pleiotropy","bfdr_estimate",0.01,0
20260837,25,500,15,3000,3000,3000,3000,"fast","control_informative",0.05,5,0.01,"","mirage_joint","pleiotropy","bfdr_power",0.01,0
20260837,25,500,15,3000,3000,3000,3000,"fast","control_informative",0.05,5,0.01,"","mirage_joint","pleiotropy","bfdr_discoveries",0.01,0
20260837,25,500,15,3000,3000,3000,3000,"fast","control_informative",0.05,5,0.01,"","mirage_joint","pleiotropy","bfdr_observed_fdp",0.05,0
20260837,25,500,15,3000,3000,3000,3000,"fast","control_informative",0.05,5,0.01,"","mirage_joint","pleiotropy","bfdr_estimate",0.05,0
20260837,25,500,15,3000,3000,3000,3000,"fast","control_informative",0.05,5,0.01,"","mirage_joint","pleiotropy","bfdr_power",0.05,0
20260837,25,500,15,3000,3000,3000,3000,"fast","control_informative",0.05,5,0.01,"","mirage_joint","pleiotropy","bfdr_discoveries",0.05,0
20260837,25,500,15,3000,3000,3000,3000,"fast","control_informative",0.05,5,0.01,"","mirage_joint","pleiotropy","bfdr_observed_fdp",0.1,0
20260837,25,500,15,3000,3000,3000,3000,"fast","control_informative",0.05,5,0.01,"","mirage_joint","pleiotropy","bfdr_estimate",0.1,0
20260837,25,500,15,3000,3000,3000,3000,"fast","control_informative",0.05,5,0.01,"","mirage_joint","pleiotropy","bfdr_power",0.1,0
20260837,25,500,15,3000,3000,3000,3000,"fast","control_informative",0.05,5,0.01,"","mirage_joint","pleiotropy","bfdr_discoveries",0.1,0
20260837,25,500,15,3000,3000,3000,3000,"fast","control_informative",0.05,5,0.01,"","mirage_joint","pleiotropy","bfdr_observed_fdp",0.2,0
20260837,25,500,15,3000,3000,3000,3000,"fast","control_informative",0.05,5,0.01,"","mirage_joint","pleiotropy","bfdr_estimate",0.2,0
20260837,25,500,15,3000,3000,3000,3000,"fast","control_informative",0.05,5,0.01,"","mirage_joint","pleiotropy","bfdr_power",0.2,0
20260837,25,500,15,3000,3000,3000,3000,"fast","control_informative",0.05,5,0.01,"","mirage_joint","pleiotropy","bfdr_discoveries",0.2,0
20260837,25,500,15,3000,3000,3000,3000,"fast","control_informative",0.05,5,0.01,"","mirage_joint","global","runtime_seconds",NA,17.963
20260837,25,500,15,3000,3000,3000,3000,"fast","control_informative",0.05,5,0.01,"","mirage_joint","pleiotropy","pi11_estimate",NA,0.0449431195071757
20260837,25,500,15,3000,3000,3000,3000,"fast","control_informative",0.05,5,0.01,"","separate_mirage","trait1","auc",NA,0.705768421052632
20260837,25,500,15,3000,3000,3000,3000,"fast","control_informative",0.05,5,0.01,"","separate_mirage","trait2","auc",NA,0.582857142857143
20260837,25,500,15,3000,3000,3000,3000,"fast","control_informative",0.05,5,0.01,"","separate_mirage","pleiotropy","auc",NA,0.698585858585859
20260837,25,500,15,3000,3000,3000,3000,"fast","control_informative",0.05,5,0.01,"","separate_mirage","trait1","pp08_power",0.8,0.04
20260837,25,500,15,3000,3000,3000,3000,"fast","control_informative",0.05,5,0.01,"","separate_mirage","trait1","pp08_fdp",0.8,0
20260837,25,500,15,3000,3000,3000,3000,"fast","control_informative",0.05,5,0.01,"","separate_mirage","trait1","pp08_discoveries",0.8,1
20260837,25,500,15,3000,3000,3000,3000,"fast","control_informative",0.05,5,0.01,"","separate_mirage","trait2","pp08_power",0.8,0.1
20260837,25,500,15,3000,3000,3000,3000,"fast","control_informative",0.05,5,0.01,"","separate_mirage","trait2","pp08_fdp",0.8,0
20260837,25,500,15,3000,3000,3000,3000,"fast","control_informative",0.05,5,0.01,"","separate_mirage","trait2","pp08_discoveries",0.8,1
20260837,25,500,15,3000,3000,3000,3000,"fast","control_informative",0.05,5,0.01,"","separate_mirage","pleiotropy","pp08_power",0.8,0
20260837,25,500,15,3000,3000,3000,3000,"fast","control_informative",0.05,5,0.01,"","separate_mirage","pleiotropy","pp08_fdp",0.8,0
20260837,25,500,15,3000,3000,3000,3000,"fast","control_informative",0.05,5,0.01,"","separate_mirage","pleiotropy","pp08_discoveries",0.8,0
20260837,25,500,15,3000,3000,3000,3000,"fast","control_informative",0.05,5,0.01,"","separate_mirage","trait1","bfdr_observed_fdp",0.01,0
20260837,25,500,15,3000,3000,3000,3000,"fast","control_informative",0.05,5,0.01,"","separate_mirage","trait1","bfdr_estimate",0.01,0.00670483597981575
20260837,25,500,15,3000,3000,3000,3000,"fast","control_informative",0.05,5,0.01,"","separate_mirage","trait1","bfdr_power",0.01,0.04
20260837,25,500,15,3000,3000,3000,3000,"fast","control_informative",0.05,5,0.01,"","separate_mirage","trait1","bfdr_discoveries",0.01,1
20260837,25,500,15,3000,3000,3000,3000,"fast","control_informative",0.05,5,0.01,"","separate_mirage","trait1","bfdr_observed_fdp",0.05,0
20260837,25,500,15,3000,3000,3000,3000,"fast","control_informative",0.05,5,0.01,"","separate_mirage","trait1","bfdr_estimate",0.05,0.00670483597981575
20260837,25,500,15,3000,3000,3000,3000,"fast","control_informative",0.05,5,0.01,"","separate_mirage","trait1","bfdr_power",0.05,0.04
20260837,25,500,15,3000,3000,3000,3000,"fast","control_informative",0.05,5,0.01,"","separate_mirage","trait1","bfdr_discoveries",0.05,1
20260837,25,500,15,3000,3000,3000,3000,"fast","control_informative",0.05,5,0.01,"","separate_mirage","trait1","bfdr_observed_fdp",0.1,0
20260837,25,500,15,3000,3000,3000,3000,"fast","control_informative",0.05,5,0.01,"","separate_mirage","trait1","bfdr_estimate",0.1,0.00670483597981575
20260837,25,500,15,3000,3000,3000,3000,"fast","control_informative",0.05,5,0.01,"","separate_mirage","trait1","bfdr_power",0.1,0.04
20260837,25,500,15,3000,3000,3000,3000,"fast","control_informative",0.05,5,0.01,"","separate_mirage","trait1","bfdr_discoveries",0.1,1
20260837,25,500,15,3000,3000,3000,3000,"fast","control_informative",0.05,5,0.01,"","separate_mirage","trait1","bfdr_observed_fdp",0.2,0.333333333333333
20260837,25,500,15,3000,3000,3000,3000,"fast","control_informative",0.05,5,0.01,"","separate_mirage","trait1","bfdr_estimate",0.2,0.182059421067244
20260837,25,500,15,3000,3000,3000,3000,"fast","control_informative",0.05,5,0.01,"","separate_mirage","trait1","bfdr_power",0.2,0.08
20260837,25,500,15,3000,3000,3000,3000,"fast","control_informative",0.05,5,0.01,"","separate_mirage","trait1","bfdr_discoveries",0.2,3
20260837,25,500,15,3000,3000,3000,3000,"fast","control_informative",0.05,5,0.01,"","separate_mirage","trait2","bfdr_observed_fdp",0.01,0
20260837,25,500,15,3000,3000,3000,3000,"fast","control_informative",0.05,5,0.01,"","separate_mirage","trait2","bfdr_estimate",0.01,3.05240964726394e-08
20260837,25,500,15,3000,3000,3000,3000,"fast","control_informative",0.05,5,0.01,"","separate_mirage","trait2","bfdr_power",0.01,0.1
20260837,25,500,15,3000,3000,3000,3000,"fast","control_informative",0.05,5,0.01,"","separate_mirage","trait2","bfdr_discoveries",0.01,1
20260837,25,500,15,3000,3000,3000,3000,"fast","control_informative",0.05,5,0.01,"","separate_mirage","trait2","bfdr_observed_fdp",0.05,0
20260837,25,500,15,3000,3000,3000,3000,"fast","control_informative",0.05,5,0.01,"","separate_mirage","trait2","bfdr_estimate",0.05,3.05240964726394e-08
20260837,25,500,15,3000,3000,3000,3000,"fast","control_informative",0.05,5,0.01,"","separate_mirage","trait2","bfdr_power",0.05,0.1
20260837,25,500,15,3000,3000,3000,3000,"fast","control_informative",0.05,5,0.01,"","separate_mirage","trait2","bfdr_discoveries",0.05,1
20260837,25,500,15,3000,3000,3000,3000,"fast","control_informative",0.05,5,0.01,"","separate_mirage","trait2","bfdr_observed_fdp",0.1,0
20260837,25,500,15,3000,3000,3000,3000,"fast","control_informative",0.05,5,0.01,"","separate_mirage","trait2","bfdr_estimate",0.1,3.05240964726394e-08
20260837,25,500,15,3000,3000,3000,3000,"fast","control_informative",0.05,5,0.01,"","separate_mirage","trait2","bfdr_power",0.1,0.1
20260837,25,500,15,3000,3000,3000,3000,"fast","control_informative",0.05,5,0.01,"","separate_mirage","trait2","bfdr_discoveries",0.1,1
20260837,25,500,15,3000,3000,3000,3000,"fast","control_informative",0.05,5,0.01,"","separate_mirage","trait2","bfdr_observed_fdp",0.2,0
20260837,25,500,15,3000,3000,3000,3000,"fast","control_informative",0.05,5,0.01,"","separate_mirage","trait2","bfdr_estimate",0.2,0.160673633911544
20260837,25,500,15,3000,3000,3000,3000,"fast","control_informative",0.05,5,0.01,"","separate_mirage","trait2","bfdr_power",0.2,0.2
20260837,25,500,15,3000,3000,3000,3000,"fast","control_informative",0.05,5,0.01,"","separate_mirage","trait2","bfdr_discoveries",0.2,2
20260837,25,500,15,3000,3000,3000,3000,"fast","control_informative",0.05,5,0.01,"","separate_mirage","pleiotropy","bfdr_observed_fdp",0.01,0
20260837,25,500,15,3000,3000,3000,3000,"fast","control_informative",0.05,5,0.01,"","separate_mirage","pleiotropy","bfdr_estimate",0.01,0
20260837,25,500,15,3000,3000,3000,3000,"fast","control_informative",0.05,5,0.01,"","separate_mirage","pleiotropy","bfdr_power",0.01,0
20260837,25,500,15,3000,3000,3000,3000,"fast","control_informative",0.05,5,0.01,"","separate_mirage","pleiotropy","bfdr_discoveries",0.01,0
20260837,25,500,15,3000,3000,3000,3000,"fast","control_informative",0.05,5,0.01,"","separate_mirage","pleiotropy","bfdr_observed_fdp",0.05,0
20260837,25,500,15,3000,3000,3000,3000,"fast","control_informative",0.05,5,0.01,"","separate_mirage","pleiotropy","bfdr_estimate",0.05,0
20260837,25,500,15,3000,3000,3000,3000,"fast","control_informative",0.05,5,0.01,"","separate_mirage","pleiotropy","bfdr_power",0.05,0
20260837,25,500,15,3000,3000,3000,3000,"fast","control_informative",0.05,5,0.01,"","separate_mirage","pleiotropy","bfdr_discoveries",0.05,0
20260837,25,500,15,3000,3000,3000,3000,"fast","control_informative",0.05,5,0.01,"","separate_mirage","pleiotropy","bfdr_observed_fdp",0.1,0
20260837,25,500,15,3000,3000,3000,3000,"fast","control_informative",0.05,5,0.01,"","separate_mirage","pleiotropy","bfdr_estimate",0.1,0
20260837,25,500,15,3000,3000,3000,3000,"fast","control_informative",0.05,5,0.01,"","separate_mirage","pleiotropy","bfdr_power",0.1,0
20260837,25,500,15,3000,3000,3000,3000,"fast","control_informative",0.05,5,0.01,"","separate_mirage","pleiotropy","bfdr_discoveries",0.1,0
20260837,25,500,15,3000,3000,3000,3000,"fast","control_informative",0.05,5,0.01,"","separate_mirage","pleiotropy","bfdr_observed_fdp",0.2,0
20260837,25,500,15,3000,3000,3000,3000,"fast","control_informative",0.05,5,0.01,"","separate_mirage","pleiotropy","bfdr_estimate",0.2,0
20260837,25,500,15,3000,3000,3000,3000,"fast","control_informative",0.05,5,0.01,"","separate_mirage","pleiotropy","bfdr_power",0.2,0
20260837,25,500,15,3000,3000,3000,3000,"fast","control_informative",0.05,5,0.01,"","separate_mirage","pleiotropy","bfdr_discoveries",0.2,0
20260837,25,500,15,3000,3000,3000,3000,"fast","control_informative",0.05,5,0.01,"","separate_mirage","global","runtime_seconds",NA,17.9730000000001
20260837,25,500,15,3000,3000,3000,3000,"fast","control_informative",0.05,5,0.01,"","separate_mirage","pleiotropy","pi11_estimate",NA,0.001
20260837,25,500,15,3000,3000,3000,3000,"fast","control_informative",0.05,5,0.01,"","mtada_aggregated","trait1","auc",NA,0.629852631578947
20260837,25,500,15,3000,3000,3000,3000,"fast","control_informative",0.05,5,0.01,"","mtada_aggregated","trait2","auc",NA,0.673163265306122
20260837,25,500,15,3000,3000,3000,3000,"fast","control_informative",0.05,5,0.01,"","mtada_aggregated","pleiotropy","auc",NA,0.752323232323232
20260837,25,500,15,3000,3000,3000,3000,"fast","control_informative",0.05,5,0.01,"","mtada_aggregated","trait1","pp08_power",0.8,0.16
20260837,25,500,15,3000,3000,3000,3000,"fast","control_informative",0.05,5,0.01,"","mtada_aggregated","trait1","pp08_fdp",0.8,0.875
20260837,25,500,15,3000,3000,3000,3000,"fast","control_informative",0.05,5,0.01,"","mtada_aggregated","trait1","pp08_discoveries",0.8,32
20260837,25,500,15,3000,3000,3000,3000,"fast","control_informative",0.05,5,0.01,"","mtada_aggregated","trait2","pp08_power",0.8,0.2
20260837,25,500,15,3000,3000,3000,3000,"fast","control_informative",0.05,5,0.01,"","mtada_aggregated","trait2","pp08_fdp",0.8,0.9375
20260837,25,500,15,3000,3000,3000,3000,"fast","control_informative",0.05,5,0.01,"","mtada_aggregated","trait2","pp08_discoveries",0.8,32
20260837,25,500,15,3000,3000,3000,3000,"fast","control_informative",0.05,5,0.01,"","mtada_aggregated","pleiotropy","pp08_power",0.8,0
20260837,25,500,15,3000,3000,3000,3000,"fast","control_informative",0.05,5,0.01,"","mtada_aggregated","pleiotropy","pp08_fdp",0.8,1
20260837,25,500,15,3000,3000,3000,3000,"fast","control_informative",0.05,5,0.01,"","mtada_aggregated","pleiotropy","pp08_discoveries",0.8,3
20260837,25,500,15,3000,3000,3000,3000,"fast","control_informative",0.05,5,0.01,"","mtada_aggregated","trait1","bfdr_observed_fdp",0.01,0.903225806451613
20260837,25,500,15,3000,3000,3000,3000,"fast","control_informative",0.05,5,0.01,"","mtada_aggregated","trait1","bfdr_estimate",0.01,0.00837870350758934
20260837,25,500,15,3000,3000,3000,3000,"fast","control_informative",0.05,5,0.01,"","mtada_aggregated","trait1","bfdr_power",0.01,0.12
20260837,25,500,15,3000,3000,3000,3000,"fast","control_informative",0.05,5,0.01,"","mtada_aggregated","trait1","bfdr_discoveries",0.01,31
20260837,25,500,15,3000,3000,3000,3000,"fast","control_informative",0.05,5,0.01,"","mtada_aggregated","trait1","bfdr_observed_fdp",0.05,0.861111111111111
20260837,25,500,15,3000,3000,3000,3000,"fast","control_informative",0.05,5,0.01,"","mtada_aggregated","trait1","bfdr_estimate",0.05,0.0464790404181272
20260837,25,500,15,3000,3000,3000,3000,"fast","control_informative",0.05,5,0.01,"","mtada_aggregated","trait1","bfdr_power",0.05,0.2
20260837,25,500,15,3000,3000,3000,3000,"fast","control_informative",0.05,5,0.01,"","mtada_aggregated","trait1","bfdr_discoveries",0.05,36
20260837,25,500,15,3000,3000,3000,3000,"fast","control_informative",0.05,5,0.01,"","mtada_aggregated","trait1","bfdr_observed_fdp",0.1,0.871794871794872
20260837,25,500,15,3000,3000,3000,3000,"fast","control_informative",0.05,5,0.01,"","mtada_aggregated","trait1","bfdr_estimate",0.1,0.0873695377947078
20260837,25,500,15,3000,3000,3000,3000,"fast","control_informative",0.05,5,0.01,"","mtada_aggregated","trait1","bfdr_power",0.1,0.2
20260837,25,500,15,3000,3000,3000,3000,"fast","control_informative",0.05,5,0.01,"","mtada_aggregated","trait1","bfdr_discoveries",0.1,39
20260837,25,500,15,3000,3000,3000,3000,"fast","control_informative",0.05,5,0.01,"","mtada_aggregated","trait1","bfdr_observed_fdp",0.2,0.872340425531915
20260837,25,500,15,3000,3000,3000,3000,"fast","control_informative",0.05,5,0.01,"","mtada_aggregated","trait1","bfdr_estimate",0.2,0.195479878228229
20260837,25,500,15,3000,3000,3000,3000,"fast","control_informative",0.05,5,0.01,"","mtada_aggregated","trait1","bfdr_power",0.2,0.24
20260837,25,500,15,3000,3000,3000,3000,"fast","control_informative",0.05,5,0.01,"","mtada_aggregated","trait1","bfdr_discoveries",0.2,47
20260837,25,500,15,3000,3000,3000,3000,"fast","control_informative",0.05,5,0.01,"","mtada_aggregated","trait2","bfdr_observed_fdp",0.01,0.928571428571429
20260837,25,500,15,3000,3000,3000,3000,"fast","control_informative",0.05,5,0.01,"","mtada_aggregated","trait2","bfdr_estimate",0.01,0.00929597181793448
20260837,25,500,15,3000,3000,3000,3000,"fast","control_informative",0.05,5,0.01,"","mtada_aggregated","trait2","bfdr_power",0.01,0.2
20260837,25,500,15,3000,3000,3000,3000,"fast","control_informative",0.05,5,0.01,"","mtada_aggregated","trait2","bfdr_discoveries",0.01,28
20260837,25,500,15,3000,3000,3000,3000,"fast","control_informative",0.05,5,0.01,"","mtada_aggregated","trait2","bfdr_observed_fdp",0.05,0.941176470588235
20260837,25,500,15,3000,3000,3000,3000,"fast","control_informative",0.05,5,0.01,"","mtada_aggregated","trait2","bfdr_estimate",0.05,0.0453333940173302
20260837,25,500,15,3000,3000,3000,3000,"fast","control_informative",0.05,5,0.01,"","mtada_aggregated","trait2","bfdr_power",0.05,0.2
20260837,25,500,15,3000,3000,3000,3000,"fast","control_informative",0.05,5,0.01,"","mtada_aggregated","trait2","bfdr_discoveries",0.05,34
20260837,25,500,15,3000,3000,3000,3000,"fast","control_informative",0.05,5,0.01,"","mtada_aggregated","trait2","bfdr_observed_fdp",0.1,0.897435897435897
20260837,25,500,15,3000,3000,3000,3000,"fast","control_informative",0.05,5,0.01,"","mtada_aggregated","trait2","bfdr_estimate",0.1,0.0996481596306477
20260837,25,500,15,3000,3000,3000,3000,"fast","control_informative",0.05,5,0.01,"","mtada_aggregated","trait2","bfdr_power",0.1,0.4
20260837,25,500,15,3000,3000,3000,3000,"fast","control_informative",0.05,5,0.01,"","mtada_aggregated","trait2","bfdr_discoveries",0.1,39
20260837,25,500,15,3000,3000,3000,3000,"fast","control_informative",0.05,5,0.01,"","mtada_aggregated","trait2","bfdr_observed_fdp",0.2,0.91304347826087
20260837,25,500,15,3000,3000,3000,3000,"fast","control_informative",0.05,5,0.01,"","mtada_aggregated","trait2","bfdr_estimate",0.2,0.191288493728202
20260837,25,500,15,3000,3000,3000,3000,"fast","control_informative",0.05,5,0.01,"","mtada_aggregated","trait2","bfdr_power",0.2,0.4
20260837,25,500,15,3000,3000,3000,3000,"fast","control_informative",0.05,5,0.01,"","mtada_aggregated","trait2","bfdr_discoveries",0.2,46
20260837,25,500,15,3000,3000,3000,3000,"fast","control_informative",0.05,5,0.01,"","mtada_aggregated","pleiotropy","bfdr_observed_fdp",0.01,1
20260837,25,500,15,3000,3000,3000,3000,"fast","control_informative",0.05,5,0.01,"","mtada_aggregated","pleiotropy","bfdr_estimate",0.01,0.00255828174172906
20260837,25,500,15,3000,3000,3000,3000,"fast","control_informative",0.05,5,0.01,"","mtada_aggregated","pleiotropy","bfdr_power",0.01,0
20260837,25,500,15,3000,3000,3000,3000,"fast","control_informative",0.05,5,0.01,"","mtada_aggregated","pleiotropy","bfdr_discoveries",0.01,2
20260837,25,500,15,3000,3000,3000,3000,"fast","control_informative",0.05,5,0.01,"","mtada_aggregated","pleiotropy","bfdr_observed_fdp",0.05,1
20260837,25,500,15,3000,3000,3000,3000,"fast","control_informative",0.05,5,0.01,"","mtada_aggregated","pleiotropy","bfdr_estimate",0.05,0.0197077109948528
20260837,25,500,15,3000,3000,3000,3000,"fast","control_informative",0.05,5,0.01,"","mtada_aggregated","pleiotropy","bfdr_power",0.05,0
20260837,25,500,15,3000,3000,3000,3000,"fast","control_informative",0.05,5,0.01,"","mtada_aggregated","pleiotropy","bfdr_discoveries",0.05,3
20260837,25,500,15,3000,3000,3000,3000,"fast","control_informative",0.05,5,0.01,"","mtada_aggregated","pleiotropy","bfdr_observed_fdp",0.1,1
20260837,25,500,15,3000,3000,3000,3000,"fast","control_informative",0.05,5,0.01,"","mtada_aggregated","pleiotropy","bfdr_estimate",0.1,0.0197077109948528
20260837,25,500,15,3000,3000,3000,3000,"fast","control_informative",0.05,5,0.01,"","mtada_aggregated","pleiotropy","bfdr_power",0.1,0
20260837,25,500,15,3000,3000,3000,3000,"fast","control_informative",0.05,5,0.01,"","mtada_aggregated","pleiotropy","bfdr_discoveries",0.1,3
20260837,25,500,15,3000,3000,3000,3000,"fast","control_informative",0.05,5,0.01,"","mtada_aggregated","pleiotropy","bfdr_observed_fdp",0.2,1
20260837,25,500,15,3000,3000,3000,3000,"fast","control_informative",0.05,5,0.01,"","mtada_aggregated","pleiotropy","bfdr_estimate",0.2,0.0197077109948528
20260837,25,500,15,3000,3000,3000,3000,"fast","control_informative",0.05,5,0.01,"","mtada_aggregated","pleiotropy","bfdr_power",0.2,0
20260837,25,500,15,3000,3000,3000,3000,"fast","control_informative",0.05,5,0.01,"","mtada_aggregated","pleiotropy","bfdr_discoveries",0.2,3
20260837,25,500,15,3000,3000,3000,3000,"fast","control_informative",0.05,5,0.01,"","mtada_aggregated","global","runtime_seconds",NA,0.711999999999989
20260837,25,500,15,3000,3000,3000,3000,"fast","control_informative",0.05,5,0.01,"","mtada_aggregated","pleiotropy","pi11_estimate",NA,0.00184718
20260838,26,500,15,3000,3000,3000,3000,"fast","control_informative",0.05,5,0.01,"","mirage_joint","trait1","auc",NA,0.757221052631579
20260838,26,500,15,3000,3000,3000,3000,"fast","control_informative",0.05,5,0.01,"","mirage_joint","trait2","auc",NA,0.601224489795918
20260838,26,500,15,3000,3000,3000,3000,"fast","control_informative",0.05,5,0.01,"","mirage_joint","pleiotropy","auc",NA,0.68
20260838,26,500,15,3000,3000,3000,3000,"fast","control_informative",0.05,5,0.01,"","mirage_joint","trait1","pp08_power",0.8,0.12
20260838,26,500,15,3000,3000,3000,3000,"fast","control_informative",0.05,5,0.01,"","mirage_joint","trait1","pp08_fdp",0.8,0.25
20260838,26,500,15,3000,3000,3000,3000,"fast","control_informative",0.05,5,0.01,"","mirage_joint","trait1","pp08_discoveries",0.8,4
20260838,26,500,15,3000,3000,3000,3000,"fast","control_informative",0.05,5,0.01,"","mirage_joint","trait2","pp08_power",0.8,0.1
20260838,26,500,15,3000,3000,3000,3000,"fast","control_informative",0.05,5,0.01,"","mirage_joint","trait2","pp08_fdp",0.8,0
20260838,26,500,15,3000,3000,3000,3000,"fast","control_informative",0.05,5,0.01,"","mirage_joint","trait2","pp08_discoveries",0.8,1
20260838,26,500,15,3000,3000,3000,3000,"fast","control_informative",0.05,5,0.01,"","mirage_joint","pleiotropy","pp08_power",0.8,0
20260838,26,500,15,3000,3000,3000,3000,"fast","control_informative",0.05,5,0.01,"","mirage_joint","pleiotropy","pp08_fdp",0.8,0
20260838,26,500,15,3000,3000,3000,3000,"fast","control_informative",0.05,5,0.01,"","mirage_joint","pleiotropy","pp08_discoveries",0.8,0
20260838,26,500,15,3000,3000,3000,3000,"fast","control_informative",0.05,5,0.01,"","mirage_joint","trait1","bfdr_observed_fdp",0.01,0
20260838,26,500,15,3000,3000,3000,3000,"fast","control_informative",0.05,5,0.01,"","mirage_joint","trait1","bfdr_estimate",0.01,0.00266739932549798
20260838,26,500,15,3000,3000,3000,3000,"fast","control_informative",0.05,5,0.01,"","mirage_joint","trait1","bfdr_power",0.01,0.12
20260838,26,500,15,3000,3000,3000,3000,"fast","control_informative",0.05,5,0.01,"","mirage_joint","trait1","bfdr_discoveries",0.01,3
20260838,26,500,15,3000,3000,3000,3000,"fast","control_informative",0.05,5,0.01,"","mirage_joint","trait1","bfdr_observed_fdp",0.05,0.25
20260838,26,500,15,3000,3000,3000,3000,"fast","control_informative",0.05,5,0.01,"","mirage_joint","trait1","bfdr_estimate",0.05,0.0495803981929223
20260838,26,500,15,3000,3000,3000,3000,"fast","control_informative",0.05,5,0.01,"","mirage_joint","trait1","bfdr_power",0.05,0.12
20260838,26,500,15,3000,3000,3000,3000,"fast","control_informative",0.05,5,0.01,"","mirage_joint","trait1","bfdr_discoveries",0.05,4
20260838,26,500,15,3000,3000,3000,3000,"fast","control_informative",0.05,5,0.01,"","mirage_joint","trait1","bfdr_observed_fdp",0.1,0.4
20260838,26,500,15,3000,3000,3000,3000,"fast","control_informative",0.05,5,0.01,"","mirage_joint","trait1","bfdr_estimate",0.1,0.091554202799911
20260838,26,500,15,3000,3000,3000,3000,"fast","control_informative",0.05,5,0.01,"","mirage_joint","trait1","bfdr_power",0.1,0.12
20260838,26,500,15,3000,3000,3000,3000,"fast","control_informative",0.05,5,0.01,"","mirage_joint","trait1","bfdr_discoveries",0.1,5
20260838,26,500,15,3000,3000,3000,3000,"fast","control_informative",0.05,5,0.01,"","mirage_joint","trait1","bfdr_observed_fdp",0.2,0.428571428571429
20260838,26,500,15,3000,3000,3000,3000,"fast","control_informative",0.05,5,0.01,"","mirage_joint","trait1","bfdr_estimate",0.2,0.199057455712767
20260838,26,500,15,3000,3000,3000,3000,"fast","control_informative",0.05,5,0.01,"","mirage_joint","trait1","bfdr_power",0.2,0.16
20260838,26,500,15,3000,3000,3000,3000,"fast","control_informative",0.05,5,0.01,"","mirage_joint","trait1","bfdr_discoveries",0.2,7
20260838,26,500,15,3000,3000,3000,3000,"fast","control_informative",0.05,5,0.01,"","mirage_joint","trait2","bfdr_observed_fdp",0.01,0
20260838,26,500,15,3000,3000,3000,3000,"fast","control_informative",0.05,5,0.01,"","mirage_joint","trait2","bfdr_estimate",0.01,3.87840023097219e-07
20260838,26,500,15,3000,3000,3000,3000,"fast","control_informative",0.05,5,0.01,"","mirage_joint","trait2","bfdr_power",0.01,0.1
20260838,26,500,15,3000,3000,3000,3000,"fast","control_informative",0.05,5,0.01,"","mirage_joint","trait2","bfdr_discoveries",0.01,1
20260838,26,500,15,3000,3000,3000,3000,"fast","control_informative",0.05,5,0.01,"","mirage_joint","trait2","bfdr_observed_fdp",0.05,0
20260838,26,500,15,3000,3000,3000,3000,"fast","control_informative",0.05,5,0.01,"","mirage_joint","trait2","bfdr_estimate",0.05,3.87840023097219e-07
20260838,26,500,15,3000,3000,3000,3000,"fast","control_informative",0.05,5,0.01,"","mirage_joint","trait2","bfdr_power",0.05,0.1
20260838,26,500,15,3000,3000,3000,3000,"fast","control_informative",0.05,5,0.01,"","mirage_joint","trait2","bfdr_discoveries",0.05,1
20260838,26,500,15,3000,3000,3000,3000,"fast","control_informative",0.05,5,0.01,"","mirage_joint","trait2","bfdr_observed_fdp",0.1,0
20260838,26,500,15,3000,3000,3000,3000,"fast","control_informative",0.05,5,0.01,"","mirage_joint","trait2","bfdr_estimate",0.1,3.87840023097219e-07
20260838,26,500,15,3000,3000,3000,3000,"fast","control_informative",0.05,5,0.01,"","mirage_joint","trait2","bfdr_power",0.1,0.1
20260838,26,500,15,3000,3000,3000,3000,"fast","control_informative",0.05,5,0.01,"","mirage_joint","trait2","bfdr_discoveries",0.1,1
20260838,26,500,15,3000,3000,3000,3000,"fast","control_informative",0.05,5,0.01,"","mirage_joint","trait2","bfdr_observed_fdp",0.2,0
20260838,26,500,15,3000,3000,3000,3000,"fast","control_informative",0.05,5,0.01,"","mirage_joint","trait2","bfdr_estimate",0.2,0.19963315889802
20260838,26,500,15,3000,3000,3000,3000,"fast","control_informative",0.05,5,0.01,"","mirage_joint","trait2","bfdr_power",0.2,0.2
20260838,26,500,15,3000,3000,3000,3000,"fast","control_informative",0.05,5,0.01,"","mirage_joint","trait2","bfdr_discoveries",0.2,2
20260838,26,500,15,3000,3000,3000,3000,"fast","control_informative",0.05,5,0.01,"","mirage_joint","pleiotropy","bfdr_observed_fdp",0.01,0
20260838,26,500,15,3000,3000,3000,3000,"fast","control_informative",0.05,5,0.01,"","mirage_joint","pleiotropy","bfdr_estimate",0.01,0
20260838,26,500,15,3000,3000,3000,3000,"fast","control_informative",0.05,5,0.01,"","mirage_joint","pleiotropy","bfdr_power",0.01,0
20260838,26,500,15,3000,3000,3000,3000,"fast","control_informative",0.05,5,0.01,"","mirage_joint","pleiotropy","bfdr_discoveries",0.01,0
20260838,26,500,15,3000,3000,3000,3000,"fast","control_informative",0.05,5,0.01,"","mirage_joint","pleiotropy","bfdr_observed_fdp",0.05,0
20260838,26,500,15,3000,3000,3000,3000,"fast","control_informative",0.05,5,0.01,"","mirage_joint","pleiotropy","bfdr_estimate",0.05,0
20260838,26,500,15,3000,3000,3000,3000,"fast","control_informative",0.05,5,0.01,"","mirage_joint","pleiotropy","bfdr_power",0.05,0
20260838,26,500,15,3000,3000,3000,3000,"fast","control_informative",0.05,5,0.01,"","mirage_joint","pleiotropy","bfdr_discoveries",0.05,0
20260838,26,500,15,3000,3000,3000,3000,"fast","control_informative",0.05,5,0.01,"","mirage_joint","pleiotropy","bfdr_observed_fdp",0.1,0
20260838,26,500,15,3000,3000,3000,3000,"fast","control_informative",0.05,5,0.01,"","mirage_joint","pleiotropy","bfdr_estimate",0.1,0
20260838,26,500,15,3000,3000,3000,3000,"fast","control_informative",0.05,5,0.01,"","mirage_joint","pleiotropy","bfdr_power",0.1,0
20260838,26,500,15,3000,3000,3000,3000,"fast","control_informative",0.05,5,0.01,"","mirage_joint","pleiotropy","bfdr_discoveries",0.1,0
20260838,26,500,15,3000,3000,3000,3000,"fast","control_informative",0.05,5,0.01,"","mirage_joint","pleiotropy","bfdr_observed_fdp",0.2,0
20260838,26,500,15,3000,3000,3000,3000,"fast","control_informative",0.05,5,0.01,"","mirage_joint","pleiotropy","bfdr_estimate",0.2,0
20260838,26,500,15,3000,3000,3000,3000,"fast","control_informative",0.05,5,0.01,"","mirage_joint","pleiotropy","bfdr_power",0.2,0
20260838,26,500,15,3000,3000,3000,3000,"fast","control_informative",0.05,5,0.01,"","mirage_joint","pleiotropy","bfdr_discoveries",0.2,0
20260838,26,500,15,3000,3000,3000,3000,"fast","control_informative",0.05,5,0.01,"","mirage_joint","global","runtime_seconds",NA,18.091
20260838,26,500,15,3000,3000,3000,3000,"fast","control_informative",0.05,5,0.01,"","mirage_joint","pleiotropy","pi11_estimate",NA,0.00888704698713089
20260838,26,500,15,3000,3000,3000,3000,"fast","control_informative",0.05,5,0.01,"","separate_mirage","trait1","auc",NA,0.735915789473684
20260838,26,500,15,3000,3000,3000,3000,"fast","control_informative",0.05,5,0.01,"","separate_mirage","trait2","auc",NA,0.58734693877551
20260838,26,500,15,3000,3000,3000,3000,"fast","control_informative",0.05,5,0.01,"","separate_mirage","pleiotropy","auc",NA,0.664242424242424
20260838,26,500,15,3000,3000,3000,3000,"fast","control_informative",0.05,5,0.01,"","separate_mirage","trait1","pp08_power",0.8,0.12
20260838,26,500,15,3000,3000,3000,3000,"fast","control_informative",0.05,5,0.01,"","separate_mirage","trait1","pp08_fdp",0.8,0.4
20260838,26,500,15,3000,3000,3000,3000,"fast","control_informative",0.05,5,0.01,"","separate_mirage","trait1","pp08_discoveries",0.8,5
20260838,26,500,15,3000,3000,3000,3000,"fast","control_informative",0.05,5,0.01,"","separate_mirage","trait2","pp08_power",0.8,0.1
20260838,26,500,15,3000,3000,3000,3000,"fast","control_informative",0.05,5,0.01,"","separate_mirage","trait2","pp08_fdp",0.8,0
20260838,26,500,15,3000,3000,3000,3000,"fast","control_informative",0.05,5,0.01,"","separate_mirage","trait2","pp08_discoveries",0.8,1
20260838,26,500,15,3000,3000,3000,3000,"fast","control_informative",0.05,5,0.01,"","separate_mirage","pleiotropy","pp08_power",0.8,0
20260838,26,500,15,3000,3000,3000,3000,"fast","control_informative",0.05,5,0.01,"","separate_mirage","pleiotropy","pp08_fdp",0.8,0
20260838,26,500,15,3000,3000,3000,3000,"fast","control_informative",0.05,5,0.01,"","separate_mirage","pleiotropy","pp08_discoveries",0.8,0
20260838,26,500,15,3000,3000,3000,3000,"fast","control_informative",0.05,5,0.01,"","separate_mirage","trait1","bfdr_observed_fdp",0.01,0
20260838,26,500,15,3000,3000,3000,3000,"fast","control_informative",0.05,5,0.01,"","separate_mirage","trait1","bfdr_estimate",0.01,0.00612276016399904
20260838,26,500,15,3000,3000,3000,3000,"fast","control_informative",0.05,5,0.01,"","separate_mirage","trait1","bfdr_power",0.01,0.12
20260838,26,500,15,3000,3000,3000,3000,"fast","control_informative",0.05,5,0.01,"","separate_mirage","trait1","bfdr_discoveries",0.01,3
20260838,26,500,15,3000,3000,3000,3000,"fast","control_informative",0.05,5,0.01,"","separate_mirage","trait1","bfdr_observed_fdp",0.05,0.25
20260838,26,500,15,3000,3000,3000,3000,"fast","control_informative",0.05,5,0.01,"","separate_mirage","trait1","bfdr_estimate",0.05,0.0439884058925341
20260838,26,500,15,3000,3000,3000,3000,"fast","control_informative",0.05,5,0.01,"","separate_mirage","trait1","bfdr_power",0.05,0.12
20260838,26,500,15,3000,3000,3000,3000,"fast","control_informative",0.05,5,0.01,"","separate_mirage","trait1","bfdr_discoveries",0.05,4
20260838,26,500,15,3000,3000,3000,3000,"fast","control_informative",0.05,5,0.01,"","separate_mirage","trait1","bfdr_observed_fdp",0.1,0.4
20260838,26,500,15,3000,3000,3000,3000,"fast","control_informative",0.05,5,0.01,"","separate_mirage","trait1","bfdr_estimate",0.1,0.0694115861946637
20260838,26,500,15,3000,3000,3000,3000,"fast","control_informative",0.05,5,0.01,"","separate_mirage","trait1","bfdr_power",0.1,0.12
20260838,26,500,15,3000,3000,3000,3000,"fast","control_informative",0.05,5,0.01,"","separate_mirage","trait1","bfdr_discoveries",0.1,5
20260838,26,500,15,3000,3000,3000,3000,"fast","control_informative",0.05,5,0.01,"","separate_mirage","trait1","bfdr_observed_fdp",0.2,0.428571428571429
20260838,26,500,15,3000,3000,3000,3000,"fast","control_informative",0.05,5,0.01,"","separate_mirage","trait1","bfdr_estimate",0.2,0.19724673488753
20260838,26,500,15,3000,3000,3000,3000,"fast","control_informative",0.05,5,0.01,"","separate_mirage","trait1","bfdr_power",0.2,0.16
20260838,26,500,15,3000,3000,3000,3000,"fast","control_informative",0.05,5,0.01,"","separate_mirage","trait1","bfdr_discoveries",0.2,7
20260838,26,500,15,3000,3000,3000,3000,"fast","control_informative",0.05,5,0.01,"","separate_mirage","trait2","bfdr_observed_fdp",0.01,0
20260838,26,500,15,3000,3000,3000,3000,"fast","control_informative",0.05,5,0.01,"","separate_mirage","trait2","bfdr_estimate",0.01,2.7393657708874e-07
20260838,26,500,15,3000,3000,3000,3000,"fast","control_informative",0.05,5,0.01,"","separate_mirage","trait2","bfdr_power",0.01,0.1
20260838,26,500,15,3000,3000,3000,3000,"fast","control_informative",0.05,5,0.01,"","separate_mirage","trait2","bfdr_discoveries",0.01,1
20260838,26,500,15,3000,3000,3000,3000,"fast","control_informative",0.05,5,0.01,"","separate_mirage","trait2","bfdr_observed_fdp",0.05,0
20260838,26,500,15,3000,3000,3000,3000,"fast","control_informative",0.05,5,0.01,"","separate_mirage","trait2","bfdr_estimate",0.05,2.7393657708874e-07
20260838,26,500,15,3000,3000,3000,3000,"fast","control_informative",0.05,5,0.01,"","separate_mirage","trait2","bfdr_power",0.05,0.1
20260838,26,500,15,3000,3000,3000,3000,"fast","control_informative",0.05,5,0.01,"","separate_mirage","trait2","bfdr_discoveries",0.05,1
20260838,26,500,15,3000,3000,3000,3000,"fast","control_informative",0.05,5,0.01,"","separate_mirage","trait2","bfdr_observed_fdp",0.1,0
20260838,26,500,15,3000,3000,3000,3000,"fast","control_informative",0.05,5,0.01,"","separate_mirage","trait2","bfdr_estimate",0.1,2.7393657708874e-07
20260838,26,500,15,3000,3000,3000,3000,"fast","control_informative",0.05,5,0.01,"","separate_mirage","trait2","bfdr_power",0.1,0.1
20260838,26,500,15,3000,3000,3000,3000,"fast","control_informative",0.05,5,0.01,"","separate_mirage","trait2","bfdr_discoveries",0.1,1
20260838,26,500,15,3000,3000,3000,3000,"fast","control_informative",0.05,5,0.01,"","separate_mirage","trait2","bfdr_observed_fdp",0.2,0
20260838,26,500,15,3000,3000,3000,3000,"fast","control_informative",0.05,5,0.01,"","separate_mirage","trait2","bfdr_estimate",0.2,2.7393657708874e-07
20260838,26,500,15,3000,3000,3000,3000,"fast","control_informative",0.05,5,0.01,"","separate_mirage","trait2","bfdr_power",0.2,0.1
20260838,26,500,15,3000,3000,3000,3000,"fast","control_informative",0.05,5,0.01,"","separate_mirage","trait2","bfdr_discoveries",0.2,1
20260838,26,500,15,3000,3000,3000,3000,"fast","control_informative",0.05,5,0.01,"","separate_mirage","pleiotropy","bfdr_observed_fdp",0.01,0
20260838,26,500,15,3000,3000,3000,3000,"fast","control_informative",0.05,5,0.01,"","separate_mirage","pleiotropy","bfdr_estimate",0.01,0
20260838,26,500,15,3000,3000,3000,3000,"fast","control_informative",0.05,5,0.01,"","separate_mirage","pleiotropy","bfdr_power",0.01,0
20260838,26,500,15,3000,3000,3000,3000,"fast","control_informative",0.05,5,0.01,"","separate_mirage","pleiotropy","bfdr_discoveries",0.01,0
20260838,26,500,15,3000,3000,3000,3000,"fast","control_informative",0.05,5,0.01,"","separate_mirage","pleiotropy","bfdr_observed_fdp",0.05,0
20260838,26,500,15,3000,3000,3000,3000,"fast","control_informative",0.05,5,0.01,"","separate_mirage","pleiotropy","bfdr_estimate",0.05,0
20260838,26,500,15,3000,3000,3000,3000,"fast","control_informative",0.05,5,0.01,"","separate_mirage","pleiotropy","bfdr_power",0.05,0
20260838,26,500,15,3000,3000,3000,3000,"fast","control_informative",0.05,5,0.01,"","separate_mirage","pleiotropy","bfdr_discoveries",0.05,0
20260838,26,500,15,3000,3000,3000,3000,"fast","control_informative",0.05,5,0.01,"","separate_mirage","pleiotropy","bfdr_observed_fdp",0.1,0
20260838,26,500,15,3000,3000,3000,3000,"fast","control_informative",0.05,5,0.01,"","separate_mirage","pleiotropy","bfdr_estimate",0.1,0
20260838,26,500,15,3000,3000,3000,3000,"fast","control_informative",0.05,5,0.01,"","separate_mirage","pleiotropy","bfdr_power",0.1,0
20260838,26,500,15,3000,3000,3000,3000,"fast","control_informative",0.05,5,0.01,"","separate_mirage","pleiotropy","bfdr_discoveries",0.1,0
20260838,26,500,15,3000,3000,3000,3000,"fast","control_informative",0.05,5,0.01,"","separate_mirage","pleiotropy","bfdr_observed_fdp",0.2,0
20260838,26,500,15,3000,3000,3000,3000,"fast","control_informative",0.05,5,0.01,"","separate_mirage","pleiotropy","bfdr_estimate",0.2,0
20260838,26,500,15,3000,3000,3000,3000,"fast","control_informative",0.05,5,0.01,"","separate_mirage","pleiotropy","bfdr_power",0.2,0
20260838,26,500,15,3000,3000,3000,3000,"fast","control_informative",0.05,5,0.01,"","separate_mirage","pleiotropy","bfdr_discoveries",0.2,0
20260838,26,500,15,3000,3000,3000,3000,"fast","control_informative",0.05,5,0.01,"","separate_mirage","global","runtime_seconds",NA,18.052
20260838,26,500,15,3000,3000,3000,3000,"fast","control_informative",0.05,5,0.01,"","separate_mirage","pleiotropy","pi11_estimate",NA,0.001
20260838,26,500,15,3000,3000,3000,3000,"fast","control_informative",0.05,5,0.01,"","mtada_aggregated","trait1","auc",NA,0.731621052631579
20260838,26,500,15,3000,3000,3000,3000,"fast","control_informative",0.05,5,0.01,"","mtada_aggregated","trait2","auc",NA,0.622959183673469
20260838,26,500,15,3000,3000,3000,3000,"fast","control_informative",0.05,5,0.01,"","mtada_aggregated","pleiotropy","auc",NA,0.768080808080808
20260838,26,500,15,3000,3000,3000,3000,"fast","control_informative",0.05,5,0.01,"","mtada_aggregated","trait1","pp08_power",0.8,0.28
20260838,26,500,15,3000,3000,3000,3000,"fast","control_informative",0.05,5,0.01,"","mtada_aggregated","trait1","pp08_fdp",0.8,0.86
20260838,26,500,15,3000,3000,3000,3000,"fast","control_informative",0.05,5,0.01,"","mtada_aggregated","trait1","pp08_discoveries",0.8,50
20260838,26,500,15,3000,3000,3000,3000,"fast","control_informative",0.05,5,0.01,"","mtada_aggregated","trait2","pp08_power",0.8,0.3
20260838,26,500,15,3000,3000,3000,3000,"fast","control_informative",0.05,5,0.01,"","mtada_aggregated","trait2","pp08_fdp",0.8,0.909090909090909
20260838,26,500,15,3000,3000,3000,3000,"fast","control_informative",0.05,5,0.01,"","mtada_aggregated","trait2","pp08_discoveries",0.8,33
20260838,26,500,15,3000,3000,3000,3000,"fast","control_informative",0.05,5,0.01,"","mtada_aggregated","pleiotropy","pp08_power",0.8,0.2
20260838,26,500,15,3000,3000,3000,3000,"fast","control_informative",0.05,5,0.01,"","mtada_aggregated","pleiotropy","pp08_fdp",0.8,0.75
20260838,26,500,15,3000,3000,3000,3000,"fast","control_informative",0.05,5,0.01,"","mtada_aggregated","pleiotropy","pp08_discoveries",0.8,4
20260838,26,500,15,3000,3000,3000,3000,"fast","control_informative",0.05,5,0.01,"","mtada_aggregated","trait1","bfdr_observed_fdp",0.01,0.844444444444444
20260838,26,500,15,3000,3000,3000,3000,"fast","control_informative",0.05,5,0.01,"","mtada_aggregated","trait1","bfdr_estimate",0.01,0.00842021728876892
20260838,26,500,15,3000,3000,3000,3000,"fast","control_informative",0.05,5,0.01,"","mtada_aggregated","trait1","bfdr_power",0.01,0.28
20260838,26,500,15,3000,3000,3000,3000,"fast","control_informative",0.05,5,0.01,"","mtada_aggregated","trait1","bfdr_discoveries",0.01,45
20260838,26,500,15,3000,3000,3000,3000,"fast","control_informative",0.05,5,0.01,"","mtada_aggregated","trait1","bfdr_observed_fdp",0.05,0.851851851851852
20260838,26,500,15,3000,3000,3000,3000,"fast","control_informative",0.05,5,0.01,"","mtada_aggregated","trait1","bfdr_estimate",0.05,0.0459362073401605
20260838,26,500,15,3000,3000,3000,3000,"fast","control_informative",0.05,5,0.01,"","mtada_aggregated","trait1","bfdr_power",0.05,0.32
20260838,26,500,15,3000,3000,3000,3000,"fast","control_informative",0.05,5,0.01,"","mtada_aggregated","trait1","bfdr_discoveries",0.05,54
20260838,26,500,15,3000,3000,3000,3000,"fast","control_informative",0.05,5,0.01,"","mtada_aggregated","trait1","bfdr_observed_fdp",0.1,0.816666666666667
20260838,26,500,15,3000,3000,3000,3000,"fast","control_informative",0.05,5,0.01,"","mtada_aggregated","trait1","bfdr_estimate",0.1,0.0931229336974912
20260838,26,500,15,3000,3000,3000,3000,"fast","control_informative",0.05,5,0.01,"","mtada_aggregated","trait1","bfdr_power",0.1,0.44
20260838,26,500,15,3000,3000,3000,3000,"fast","control_informative",0.05,5,0.01,"","mtada_aggregated","trait1","bfdr_discoveries",0.1,60
20260838,26,500,15,3000,3000,3000,3000,"fast","control_informative",0.05,5,0.01,"","mtada_aggregated","trait1","bfdr_observed_fdp",0.2,0.833333333333333
20260838,26,500,15,3000,3000,3000,3000,"fast","control_informative",0.05,5,0.01,"","mtada_aggregated","trait1","bfdr_estimate",0.2,0.196196201702591
20260838,26,500,15,3000,3000,3000,3000,"fast","control_informative",0.05,5,0.01,"","mtada_aggregated","trait1","bfdr_power",0.2,0.48
20260838,26,500,15,3000,3000,3000,3000,"fast","control_informative",0.05,5,0.01,"","mtada_aggregated","trait1","bfdr_discoveries",0.2,72
20260838,26,500,15,3000,3000,3000,3000,"fast","control_informative",0.05,5,0.01,"","mtada_aggregated","trait2","bfdr_observed_fdp",0.01,0.896551724137931
20260838,26,500,15,3000,3000,3000,3000,"fast","control_informative",0.05,5,0.01,"","mtada_aggregated","trait2","bfdr_estimate",0.01,0.00692603022947461
20260838,26,500,15,3000,3000,3000,3000,"fast","control_informative",0.05,5,0.01,"","mtada_aggregated","trait2","bfdr_power",0.01,0.3
20260838,26,500,15,3000,3000,3000,3000,"fast","control_informative",0.05,5,0.01,"","mtada_aggregated","trait2","bfdr_discoveries",0.01,29
20260838,26,500,15,3000,3000,3000,3000,"fast","control_informative",0.05,5,0.01,"","mtada_aggregated","trait2","bfdr_observed_fdp",0.05,0.916666666666667
20260838,26,500,15,3000,3000,3000,3000,"fast","control_informative",0.05,5,0.01,"","mtada_aggregated","trait2","bfdr_estimate",0.05,0.0475254205717649
20260838,26,500,15,3000,3000,3000,3000,"fast","control_informative",0.05,5,0.01,"","mtada_aggregated","trait2","bfdr_power",0.05,0.3
20260838,26,500,15,3000,3000,3000,3000,"fast","control_informative",0.05,5,0.01,"","mtada_aggregated","trait2","bfdr_discoveries",0.05,36
20260838,26,500,15,3000,3000,3000,3000,"fast","control_informative",0.05,5,0.01,"","mtada_aggregated","trait2","bfdr_observed_fdp",0.1,0.925
20260838,26,500,15,3000,3000,3000,3000,"fast","control_informative",0.05,5,0.01,"","mtada_aggregated","trait2","bfdr_estimate",0.1,0.0982464991079591
20260838,26,500,15,3000,3000,3000,3000,"fast","control_informative",0.05,5,0.01,"","mtada_aggregated","trait2","bfdr_power",0.1,0.3
20260838,26,500,15,3000,3000,3000,3000,"fast","control_informative",0.05,5,0.01,"","mtada_aggregated","trait2","bfdr_discoveries",0.1,40
20260838,26,500,15,3000,3000,3000,3000,"fast","control_informative",0.05,5,0.01,"","mtada_aggregated","trait2","bfdr_observed_fdp",0.2,0.936170212765957
20260838,26,500,15,3000,3000,3000,3000,"fast","control_informative",0.05,5,0.01,"","mtada_aggregated","trait2","bfdr_estimate",0.2,0.194470943518314
20260838,26,500,15,3000,3000,3000,3000,"fast","control_informative",0.05,5,0.01,"","mtada_aggregated","trait2","bfdr_power",0.2,0.3
20260838,26,500,15,3000,3000,3000,3000,"fast","control_informative",0.05,5,0.01,"","mtada_aggregated","trait2","bfdr_discoveries",0.2,47
20260838,26,500,15,3000,3000,3000,3000,"fast","control_informative",0.05,5,0.01,"","mtada_aggregated","pleiotropy","bfdr_observed_fdp",0.01,0.75
20260838,26,500,15,3000,3000,3000,3000,"fast","control_informative",0.05,5,0.01,"","mtada_aggregated","pleiotropy","bfdr_estimate",0.01,0.00452425630835307
20260838,26,500,15,3000,3000,3000,3000,"fast","control_informative",0.05,5,0.01,"","mtada_aggregated","pleiotropy","bfdr_power",0.01,0.2
20260838,26,500,15,3000,3000,3000,3000,"fast","control_informative",0.05,5,0.01,"","mtada_aggregated","pleiotropy","bfdr_discoveries",0.01,4
20260838,26,500,15,3000,3000,3000,3000,"fast","control_informative",0.05,5,0.01,"","mtada_aggregated","pleiotropy","bfdr_observed_fdp",0.05,0.75
20260838,26,500,15,3000,3000,3000,3000,"fast","control_informative",0.05,5,0.01,"","mtada_aggregated","pleiotropy","bfdr_estimate",0.05,0.00452425630835307
20260838,26,500,15,3000,3000,3000,3000,"fast","control_informative",0.05,5,0.01,"","mtada_aggregated","pleiotropy","bfdr_power",0.05,0.2
20260838,26,500,15,3000,3000,3000,3000,"fast","control_informative",0.05,5,0.01,"","mtada_aggregated","pleiotropy","bfdr_discoveries",0.05,4
20260838,26,500,15,3000,3000,3000,3000,"fast","control_informative",0.05,5,0.01,"","mtada_aggregated","pleiotropy","bfdr_observed_fdp",0.1,0.8
20260838,26,500,15,3000,3000,3000,3000,"fast","control_informative",0.05,5,0.01,"","mtada_aggregated","pleiotropy","bfdr_estimate",0.1,0.0720861894683744
20260838,26,500,15,3000,3000,3000,3000,"fast","control_informative",0.05,5,0.01,"","mtada_aggregated","pleiotropy","bfdr_power",0.1,0.2
20260838,26,500,15,3000,3000,3000,3000,"fast","control_informative",0.05,5,0.01,"","mtada_aggregated","pleiotropy","bfdr_discoveries",0.1,5
20260838,26,500,15,3000,3000,3000,3000,"fast","control_informative",0.05,5,0.01,"","mtada_aggregated","pleiotropy","bfdr_observed_fdp",0.2,0.857142857142857
20260838,26,500,15,3000,3000,3000,3000,"fast","control_informative",0.05,5,0.01,"","mtada_aggregated","pleiotropy","bfdr_estimate",0.2,0.168974294790755
20260838,26,500,15,3000,3000,3000,3000,"fast","control_informative",0.05,5,0.01,"","mtada_aggregated","pleiotropy","bfdr_power",0.2,0.2
20260838,26,500,15,3000,3000,3000,3000,"fast","control_informative",0.05,5,0.01,"","mtada_aggregated","pleiotropy","bfdr_discoveries",0.2,7
20260838,26,500,15,3000,3000,3000,3000,"fast","control_informative",0.05,5,0.01,"","mtada_aggregated","global","runtime_seconds",NA,0.703999999999951
20260838,26,500,15,3000,3000,3000,3000,"fast","control_informative",0.05,5,0.01,"","mtada_aggregated","pleiotropy","pi11_estimate",NA,0.00300224
20260839,27,500,15,3000,3000,3000,3000,"fast","control_informative",0.05,5,0.01,"","mirage_joint","trait1","auc",NA,0.671326315789474
20260839,27,500,15,3000,3000,3000,3000,"fast","control_informative",0.05,5,0.01,"","mirage_joint","trait2","auc",NA,0.796530612244898
20260839,27,500,15,3000,3000,3000,3000,"fast","control_informative",0.05,5,0.01,"","mirage_joint","pleiotropy","auc",NA,0.810909090909091
20260839,27,500,15,3000,3000,3000,3000,"fast","control_informative",0.05,5,0.01,"","mirage_joint","trait1","pp08_power",0.8,0.28
20260839,27,500,15,3000,3000,3000,3000,"fast","control_informative",0.05,5,0.01,"","mirage_joint","trait1","pp08_fdp",0.8,0.125
20260839,27,500,15,3000,3000,3000,3000,"fast","control_informative",0.05,5,0.01,"","mirage_joint","trait1","pp08_discoveries",0.8,8
20260839,27,500,15,3000,3000,3000,3000,"fast","control_informative",0.05,5,0.01,"","mirage_joint","trait2","pp08_power",0.8,0
20260839,27,500,15,3000,3000,3000,3000,"fast","control_informative",0.05,5,0.01,"","mirage_joint","trait2","pp08_fdp",0.8,0
20260839,27,500,15,3000,3000,3000,3000,"fast","control_informative",0.05,5,0.01,"","mirage_joint","trait2","pp08_discoveries",0.8,0
20260839,27,500,15,3000,3000,3000,3000,"fast","control_informative",0.05,5,0.01,"","mirage_joint","pleiotropy","pp08_power",0.8,0
20260839,27,500,15,3000,3000,3000,3000,"fast","control_informative",0.05,5,0.01,"","mirage_joint","pleiotropy","pp08_fdp",0.8,0
20260839,27,500,15,3000,3000,3000,3000,"fast","control_informative",0.05,5,0.01,"","mirage_joint","pleiotropy","pp08_discoveries",0.8,0
20260839,27,500,15,3000,3000,3000,3000,"fast","control_informative",0.05,5,0.01,"","mirage_joint","trait1","bfdr_observed_fdp",0.01,0.2
20260839,27,500,15,3000,3000,3000,3000,"fast","control_informative",0.05,5,0.01,"","mirage_joint","trait1","bfdr_estimate",0.01,0.00823958432450456
20260839,27,500,15,3000,3000,3000,3000,"fast","control_informative",0.05,5,0.01,"","mirage_joint","trait1","bfdr_power",0.01,0.16
20260839,27,500,15,3000,3000,3000,3000,"fast","control_informative",0.05,5,0.01,"","mirage_joint","trait1","bfdr_discoveries",0.01,5
20260839,27,500,15,3000,3000,3000,3000,"fast","control_informative",0.05,5,0.01,"","mirage_joint","trait1","bfdr_observed_fdp",0.05,0.125
20260839,27,500,15,3000,3000,3000,3000,"fast","control_informative",0.05,5,0.01,"","mirage_joint","trait1","bfdr_estimate",0.05,0.0362670297412933
20260839,27,500,15,3000,3000,3000,3000,"fast","control_informative",0.05,5,0.01,"","mirage_joint","trait1","bfdr_power",0.05,0.28
20260839,27,500,15,3000,3000,3000,3000,"fast","control_informative",0.05,5,0.01,"","mirage_joint","trait1","bfdr_discoveries",0.05,8
20260839,27,500,15,3000,3000,3000,3000,"fast","control_informative",0.05,5,0.01,"","mirage_joint","trait1","bfdr_observed_fdp",0.1,0.222222222222222
20260839,27,500,15,3000,3000,3000,3000,"fast","control_informative",0.05,5,0.01,"","mirage_joint","trait1","bfdr_estimate",0.1,0.0761491155035188
20260839,27,500,15,3000,3000,3000,3000,"fast","control_informative",0.05,5,0.01,"","mirage_joint","trait1","bfdr_power",0.1,0.28
20260839,27,500,15,3000,3000,3000,3000,"fast","control_informative",0.05,5,0.01,"","mirage_joint","trait1","bfdr_discoveries",0.1,9
20260839,27,500,15,3000,3000,3000,3000,"fast","control_informative",0.05,5,0.01,"","mirage_joint","trait1","bfdr_observed_fdp",0.2,0.416666666666667
20260839,27,500,15,3000,3000,3000,3000,"fast","control_informative",0.05,5,0.01,"","mirage_joint","trait1","bfdr_estimate",0.2,0.173630055100147
20260839,27,500,15,3000,3000,3000,3000,"fast","control_informative",0.05,5,0.01,"","mirage_joint","trait1","bfdr_power",0.2,0.28
20260839,27,500,15,3000,3000,3000,3000,"fast","control_informative",0.05,5,0.01,"","mirage_joint","trait1","bfdr_discoveries",0.2,12
20260839,27,500,15,3000,3000,3000,3000,"fast","control_informative",0.05,5,0.01,"","mirage_joint","trait2","bfdr_observed_fdp",0.01,0
20260839,27,500,15,3000,3000,3000,3000,"fast","control_informative",0.05,5,0.01,"","mirage_joint","trait2","bfdr_estimate",0.01,0
20260839,27,500,15,3000,3000,3000,3000,"fast","control_informative",0.05,5,0.01,"","mirage_joint","trait2","bfdr_power",0.01,0
20260839,27,500,15,3000,3000,3000,3000,"fast","control_informative",0.05,5,0.01,"","mirage_joint","trait2","bfdr_discoveries",0.01,0
20260839,27,500,15,3000,3000,3000,3000,"fast","control_informative",0.05,5,0.01,"","mirage_joint","trait2","bfdr_observed_fdp",0.05,0
20260839,27,500,15,3000,3000,3000,3000,"fast","control_informative",0.05,5,0.01,"","mirage_joint","trait2","bfdr_estimate",0.05,0
20260839,27,500,15,3000,3000,3000,3000,"fast","control_informative",0.05,5,0.01,"","mirage_joint","trait2","bfdr_power",0.05,0
20260839,27,500,15,3000,3000,3000,3000,"fast","control_informative",0.05,5,0.01,"","mirage_joint","trait2","bfdr_discoveries",0.05,0
20260839,27,500,15,3000,3000,3000,3000,"fast","control_informative",0.05,5,0.01,"","mirage_joint","trait2","bfdr_observed_fdp",0.1,0
20260839,27,500,15,3000,3000,3000,3000,"fast","control_informative",0.05,5,0.01,"","mirage_joint","trait2","bfdr_estimate",0.1,0
20260839,27,500,15,3000,3000,3000,3000,"fast","control_informative",0.05,5,0.01,"","mirage_joint","trait2","bfdr_power",0.1,0
20260839,27,500,15,3000,3000,3000,3000,"fast","control_informative",0.05,5,0.01,"","mirage_joint","trait2","bfdr_discoveries",0.1,0
20260839,27,500,15,3000,3000,3000,3000,"fast","control_informative",0.05,5,0.01,"","mirage_joint","trait2","bfdr_observed_fdp",0.2,0
20260839,27,500,15,3000,3000,3000,3000,"fast","control_informative",0.05,5,0.01,"","mirage_joint","trait2","bfdr_estimate",0.2,0
20260839,27,500,15,3000,3000,3000,3000,"fast","control_informative",0.05,5,0.01,"","mirage_joint","trait2","bfdr_power",0.2,0
20260839,27,500,15,3000,3000,3000,3000,"fast","control_informative",0.05,5,0.01,"","mirage_joint","trait2","bfdr_discoveries",0.2,0
20260839,27,500,15,3000,3000,3000,3000,"fast","control_informative",0.05,5,0.01,"","mirage_joint","pleiotropy","bfdr_observed_fdp",0.01,0
20260839,27,500,15,3000,3000,3000,3000,"fast","control_informative",0.05,5,0.01,"","mirage_joint","pleiotropy","bfdr_estimate",0.01,0
20260839,27,500,15,3000,3000,3000,3000,"fast","control_informative",0.05,5,0.01,"","mirage_joint","pleiotropy","bfdr_power",0.01,0
20260839,27,500,15,3000,3000,3000,3000,"fast","control_informative",0.05,5,0.01,"","mirage_joint","pleiotropy","bfdr_discoveries",0.01,0
20260839,27,500,15,3000,3000,3000,3000,"fast","control_informative",0.05,5,0.01,"","mirage_joint","pleiotropy","bfdr_observed_fdp",0.05,0
20260839,27,500,15,3000,3000,3000,3000,"fast","control_informative",0.05,5,0.01,"","mirage_joint","pleiotropy","bfdr_estimate",0.05,0
20260839,27,500,15,3000,3000,3000,3000,"fast","control_informative",0.05,5,0.01,"","mirage_joint","pleiotropy","bfdr_power",0.05,0
20260839,27,500,15,3000,3000,3000,3000,"fast","control_informative",0.05,5,0.01,"","mirage_joint","pleiotropy","bfdr_discoveries",0.05,0
20260839,27,500,15,3000,3000,3000,3000,"fast","control_informative",0.05,5,0.01,"","mirage_joint","pleiotropy","bfdr_observed_fdp",0.1,0
20260839,27,500,15,3000,3000,3000,3000,"fast","control_informative",0.05,5,0.01,"","mirage_joint","pleiotropy","bfdr_estimate",0.1,0
20260839,27,500,15,3000,3000,3000,3000,"fast","control_informative",0.05,5,0.01,"","mirage_joint","pleiotropy","bfdr_power",0.1,0
20260839,27,500,15,3000,3000,3000,3000,"fast","control_informative",0.05,5,0.01,"","mirage_joint","pleiotropy","bfdr_discoveries",0.1,0
20260839,27,500,15,3000,3000,3000,3000,"fast","control_informative",0.05,5,0.01,"","mirage_joint","pleiotropy","bfdr_observed_fdp",0.2,0
20260839,27,500,15,3000,3000,3000,3000,"fast","control_informative",0.05,5,0.01,"","mirage_joint","pleiotropy","bfdr_estimate",0.2,0
20260839,27,500,15,3000,3000,3000,3000,"fast","control_informative",0.05,5,0.01,"","mirage_joint","pleiotropy","bfdr_power",0.2,0
20260839,27,500,15,3000,3000,3000,3000,"fast","control_informative",0.05,5,0.01,"","mirage_joint","pleiotropy","bfdr_discoveries",0.2,0
20260839,27,500,15,3000,3000,3000,3000,"fast","control_informative",0.05,5,0.01,"","mirage_joint","global","runtime_seconds",NA,18.026
20260839,27,500,15,3000,3000,3000,3000,"fast","control_informative",0.05,5,0.01,"","mirage_joint","pleiotropy","pi11_estimate",NA,0.00408965881711923
20260839,27,500,15,3000,3000,3000,3000,"fast","control_informative",0.05,5,0.01,"","separate_mirage","trait1","auc",NA,0.677305263157895
20260839,27,500,15,3000,3000,3000,3000,"fast","control_informative",0.05,5,0.01,"","separate_mirage","trait2","auc",NA,0.676326530612245
20260839,27,500,15,3000,3000,3000,3000,"fast","control_informative",0.05,5,0.01,"","separate_mirage","pleiotropy","auc",NA,0.831111111111111
20260839,27,500,15,3000,3000,3000,3000,"fast","control_informative",0.05,5,0.01,"","separate_mirage","trait1","pp08_power",0.8,0.28
20260839,27,500,15,3000,3000,3000,3000,"fast","control_informative",0.05,5,0.01,"","separate_mirage","trait1","pp08_fdp",0.8,0.125
20260839,27,500,15,3000,3000,3000,3000,"fast","control_informative",0.05,5,0.01,"","separate_mirage","trait1","pp08_discoveries",0.8,8
20260839,27,500,15,3000,3000,3000,3000,"fast","control_informative",0.05,5,0.01,"","separate_mirage","trait2","pp08_power",0.8,0
20260839,27,500,15,3000,3000,3000,3000,"fast","control_informative",0.05,5,0.01,"","separate_mirage","trait2","pp08_fdp",0.8,0
20260839,27,500,15,3000,3000,3000,3000,"fast","control_informative",0.05,5,0.01,"","separate_mirage","trait2","pp08_discoveries",0.8,0
20260839,27,500,15,3000,3000,3000,3000,"fast","control_informative",0.05,5,0.01,"","separate_mirage","pleiotropy","pp08_power",0.8,0
20260839,27,500,15,3000,3000,3000,3000,"fast","control_informative",0.05,5,0.01,"","separate_mirage","pleiotropy","pp08_fdp",0.8,0
20260839,27,500,15,3000,3000,3000,3000,"fast","control_informative",0.05,5,0.01,"","separate_mirage","pleiotropy","pp08_discoveries",0.8,0
20260839,27,500,15,3000,3000,3000,3000,"fast","control_informative",0.05,5,0.01,"","separate_mirage","trait1","bfdr_observed_fdp",0.01,0
20260839,27,500,15,3000,3000,3000,3000,"fast","control_informative",0.05,5,0.01,"","separate_mirage","trait1","bfdr_estimate",0.01,0.00518195132040203
20260839,27,500,15,3000,3000,3000,3000,"fast","control_informative",0.05,5,0.01,"","separate_mirage","trait1","bfdr_power",0.01,0.16
20260839,27,500,15,3000,3000,3000,3000,"fast","control_informative",0.05,5,0.01,"","separate_mirage","trait1","bfdr_discoveries",0.01,4
20260839,27,500,15,3000,3000,3000,3000,"fast","control_informative",0.05,5,0.01,"","separate_mirage","trait1","bfdr_observed_fdp",0.05,0.142857142857143
20260839,27,500,15,3000,3000,3000,3000,"fast","control_informative",0.05,5,0.01,"","separate_mirage","trait1","bfdr_estimate",0.05,0.0346536149130321
20260839,27,500,15,3000,3000,3000,3000,"fast","control_informative",0.05,5,0.01,"","separate_mirage","trait1","bfdr_power",0.05,0.24
20260839,27,500,15,3000,3000,3000,3000,"fast","control_informative",0.05,5,0.01,"","separate_mirage","trait1","bfdr_discoveries",0.05,7
20260839,27,500,15,3000,3000,3000,3000,"fast","control_informative",0.05,5,0.01,"","separate_mirage","trait1","bfdr_observed_fdp",0.1,0.125
20260839,27,500,15,3000,3000,3000,3000,"fast","control_informative",0.05,5,0.01,"","separate_mirage","trait1","bfdr_estimate",0.1,0.0511815499218222
20260839,27,500,15,3000,3000,3000,3000,"fast","control_informative",0.05,5,0.01,"","separate_mirage","trait1","bfdr_power",0.1,0.28
20260839,27,500,15,3000,3000,3000,3000,"fast","control_informative",0.05,5,0.01,"","separate_mirage","trait1","bfdr_discoveries",0.1,8
20260839,27,500,15,3000,3000,3000,3000,"fast","control_informative",0.05,5,0.01,"","separate_mirage","trait1","bfdr_observed_fdp",0.2,0.363636363636364
20260839,27,500,15,3000,3000,3000,3000,"fast","control_informative",0.05,5,0.01,"","separate_mirage","trait1","bfdr_estimate",0.2,0.196245769348467
20260839,27,500,15,3000,3000,3000,3000,"fast","control_informative",0.05,5,0.01,"","separate_mirage","trait1","bfdr_power",0.2,0.28
20260839,27,500,15,3000,3000,3000,3000,"fast","control_informative",0.05,5,0.01,"","separate_mirage","trait1","bfdr_discoveries",0.2,11
20260839,27,500,15,3000,3000,3000,3000,"fast","control_informative",0.05,5,0.01,"","separate_mirage","trait2","bfdr_observed_fdp",0.01,0
20260839,27,500,15,3000,3000,3000,3000,"fast","control_informative",0.05,5,0.01,"","separate_mirage","trait2","bfdr_estimate",0.01,0
20260839,27,500,15,3000,3000,3000,3000,"fast","control_informative",0.05,5,0.01,"","separate_mirage","trait2","bfdr_power",0.01,0
20260839,27,500,15,3000,3000,3000,3000,"fast","control_informative",0.05,5,0.01,"","separate_mirage","trait2","bfdr_discoveries",0.01,0
20260839,27,500,15,3000,3000,3000,3000,"fast","control_informative",0.05,5,0.01,"","separate_mirage","trait2","bfdr_observed_fdp",0.05,0
20260839,27,500,15,3000,3000,3000,3000,"fast","control_informative",0.05,5,0.01,"","separate_mirage","trait2","bfdr_estimate",0.05,0
20260839,27,500,15,3000,3000,3000,3000,"fast","control_informative",0.05,5,0.01,"","separate_mirage","trait2","bfdr_power",0.05,0
20260839,27,500,15,3000,3000,3000,3000,"fast","control_informative",0.05,5,0.01,"","separate_mirage","trait2","bfdr_discoveries",0.05,0
20260839,27,500,15,3000,3000,3000,3000,"fast","control_informative",0.05,5,0.01,"","separate_mirage","trait2","bfdr_observed_fdp",0.1,0
20260839,27,500,15,3000,3000,3000,3000,"fast","control_informative",0.05,5,0.01,"","separate_mirage","trait2","bfdr_estimate",0.1,0
20260839,27,500,15,3000,3000,3000,3000,"fast","control_informative",0.05,5,0.01,"","separate_mirage","trait2","bfdr_power",0.1,0
20260839,27,500,15,3000,3000,3000,3000,"fast","control_informative",0.05,5,0.01,"","separate_mirage","trait2","bfdr_discoveries",0.1,0
20260839,27,500,15,3000,3000,3000,3000,"fast","control_informative",0.05,5,0.01,"","separate_mirage","trait2","bfdr_observed_fdp",0.2,0
20260839,27,500,15,3000,3000,3000,3000,"fast","control_informative",0.05,5,0.01,"","separate_mirage","trait2","bfdr_estimate",0.2,0
20260839,27,500,15,3000,3000,3000,3000,"fast","control_informative",0.05,5,0.01,"","separate_mirage","trait2","bfdr_power",0.2,0
20260839,27,500,15,3000,3000,3000,3000,"fast","control_informative",0.05,5,0.01,"","separate_mirage","trait2","bfdr_discoveries",0.2,0
20260839,27,500,15,3000,3000,3000,3000,"fast","control_informative",0.05,5,0.01,"","separate_mirage","pleiotropy","bfdr_observed_fdp",0.01,0
20260839,27,500,15,3000,3000,3000,3000,"fast","control_informative",0.05,5,0.01,"","separate_mirage","pleiotropy","bfdr_estimate",0.01,0
20260839,27,500,15,3000,3000,3000,3000,"fast","control_informative",0.05,5,0.01,"","separate_mirage","pleiotropy","bfdr_power",0.01,0
20260839,27,500,15,3000,3000,3000,3000,"fast","control_informative",0.05,5,0.01,"","separate_mirage","pleiotropy","bfdr_discoveries",0.01,0
20260839,27,500,15,3000,3000,3000,3000,"fast","control_informative",0.05,5,0.01,"","separate_mirage","pleiotropy","bfdr_observed_fdp",0.05,0
20260839,27,500,15,3000,3000,3000,3000,"fast","control_informative",0.05,5,0.01,"","separate_mirage","pleiotropy","bfdr_estimate",0.05,0
20260839,27,500,15,3000,3000,3000,3000,"fast","control_informative",0.05,5,0.01,"","separate_mirage","pleiotropy","bfdr_power",0.05,0
20260839,27,500,15,3000,3000,3000,3000,"fast","control_informative",0.05,5,0.01,"","separate_mirage","pleiotropy","bfdr_discoveries",0.05,0
20260839,27,500,15,3000,3000,3000,3000,"fast","control_informative",0.05,5,0.01,"","separate_mirage","pleiotropy","bfdr_observed_fdp",0.1,0
20260839,27,500,15,3000,3000,3000,3000,"fast","control_informative",0.05,5,0.01,"","separate_mirage","pleiotropy","bfdr_estimate",0.1,0
20260839,27,500,15,3000,3000,3000,3000,"fast","control_informative",0.05,5,0.01,"","separate_mirage","pleiotropy","bfdr_power",0.1,0
20260839,27,500,15,3000,3000,3000,3000,"fast","control_informative",0.05,5,0.01,"","separate_mirage","pleiotropy","bfdr_discoveries",0.1,0
20260839,27,500,15,3000,3000,3000,3000,"fast","control_informative",0.05,5,0.01,"","separate_mirage","pleiotropy","bfdr_observed_fdp",0.2,0
20260839,27,500,15,3000,3000,3000,3000,"fast","control_informative",0.05,5,0.01,"","separate_mirage","pleiotropy","bfdr_estimate",0.2,0
20260839,27,500,15,3000,3000,3000,3000,"fast","control_informative",0.05,5,0.01,"","separate_mirage","pleiotropy","bfdr_power",0.2,0
20260839,27,500,15,3000,3000,3000,3000,"fast","control_informative",0.05,5,0.01,"","separate_mirage","pleiotropy","bfdr_discoveries",0.2,0
20260839,27,500,15,3000,3000,3000,3000,"fast","control_informative",0.05,5,0.01,"","separate_mirage","global","runtime_seconds",NA,17.9780000000001
20260839,27,500,15,3000,3000,3000,3000,"fast","control_informative",0.05,5,0.01,"","separate_mirage","pleiotropy","pi11_estimate",NA,0.001
20260839,27,500,15,3000,3000,3000,3000,"fast","control_informative",0.05,5,0.01,"","mtada_aggregated","trait1","auc",NA,0.684673684210526
20260839,27,500,15,3000,3000,3000,3000,"fast","control_informative",0.05,5,0.01,"","mtada_aggregated","trait2","auc",NA,0.70469387755102
20260839,27,500,15,3000,3000,3000,3000,"fast","control_informative",0.05,5,0.01,"","mtada_aggregated","pleiotropy","auc",NA,0.795555555555556
20260839,27,500,15,3000,3000,3000,3000,"fast","control_informative",0.05,5,0.01,"","mtada_aggregated","trait1","pp08_power",0.8,0.28
20260839,27,500,15,3000,3000,3000,3000,"fast","control_informative",0.05,5,0.01,"","mtada_aggregated","trait1","pp08_fdp",0.8,0.865384615384615
20260839,27,500,15,3000,3000,3000,3000,"fast","control_informative",0.05,5,0.01,"","mtada_aggregated","trait1","pp08_discoveries",0.8,52
20260839,27,500,15,3000,3000,3000,3000,"fast","control_informative",0.05,5,0.01,"","mtada_aggregated","trait2","pp08_power",0.8,0.4
20260839,27,500,15,3000,3000,3000,3000,"fast","control_informative",0.05,5,0.01,"","mtada_aggregated","trait2","pp08_fdp",0.8,0.885714285714286
20260839,27,500,15,3000,3000,3000,3000,"fast","control_informative",0.05,5,0.01,"","mtada_aggregated","trait2","pp08_discoveries",0.8,35
20260839,27,500,15,3000,3000,3000,3000,"fast","control_informative",0.05,5,0.01,"","mtada_aggregated","pleiotropy","pp08_power",0.8,0
20260839,27,500,15,3000,3000,3000,3000,"fast","control_informative",0.05,5,0.01,"","mtada_aggregated","pleiotropy","pp08_fdp",0.8,1
20260839,27,500,15,3000,3000,3000,3000,"fast","control_informative",0.05,5,0.01,"","mtada_aggregated","pleiotropy","pp08_discoveries",0.8,1
20260839,27,500,15,3000,3000,3000,3000,"fast","control_informative",0.05,5,0.01,"","mtada_aggregated","trait1","bfdr_observed_fdp",0.01,0.86
20260839,27,500,15,3000,3000,3000,3000,"fast","control_informative",0.05,5,0.01,"","mtada_aggregated","trait1","bfdr_estimate",0.01,0.00974985830896504
20260839,27,500,15,3000,3000,3000,3000,"fast","control_informative",0.05,5,0.01,"","mtada_aggregated","trait1","bfdr_power",0.01,0.28
20260839,27,500,15,3000,3000,3000,3000,"fast","control_informative",0.05,5,0.01,"","mtada_aggregated","trait1","bfdr_discoveries",0.01,50
20260839,27,500,15,3000,3000,3000,3000,"fast","control_informative",0.05,5,0.01,"","mtada_aggregated","trait1","bfdr_observed_fdp",0.05,0.862068965517241
20260839,27,500,15,3000,3000,3000,3000,"fast","control_informative",0.05,5,0.01,"","mtada_aggregated","trait1","bfdr_estimate",0.05,0.0493194988945828
20260839,27,500,15,3000,3000,3000,3000,"fast","control_informative",0.05,5,0.01,"","mtada_aggregated","trait1","bfdr_power",0.05,0.32
20260839,27,500,15,3000,3000,3000,3000,"fast","control_informative",0.05,5,0.01,"","mtada_aggregated","trait1","bfdr_discoveries",0.05,58
20260839,27,500,15,3000,3000,3000,3000,"fast","control_informative",0.05,5,0.01,"","mtada_aggregated","trait1","bfdr_observed_fdp",0.1,0.875
20260839,27,500,15,3000,3000,3000,3000,"fast","control_informative",0.05,5,0.01,"","mtada_aggregated","trait1","bfdr_estimate",0.1,0.0974778752141299
20260839,27,500,15,3000,3000,3000,3000,"fast","control_informative",0.05,5,0.01,"","mtada_aggregated","trait1","bfdr_power",0.1,0.32
20260839,27,500,15,3000,3000,3000,3000,"fast","control_informative",0.05,5,0.01,"","mtada_aggregated","trait1","bfdr_discoveries",0.1,64
20260839,27,500,15,3000,3000,3000,3000,"fast","control_informative",0.05,5,0.01,"","mtada_aggregated","trait1","bfdr_observed_fdp",0.2,0.866666666666667
20260839,27,500,15,3000,3000,3000,3000,"fast","control_informative",0.05,5,0.01,"","mtada_aggregated","trait1","bfdr_estimate",0.2,0.192960792809055
20260839,27,500,15,3000,3000,3000,3000,"fast","control_informative",0.05,5,0.01,"","mtada_aggregated","trait1","bfdr_power",0.2,0.4
20260839,27,500,15,3000,3000,3000,3000,"fast","control_informative",0.05,5,0.01,"","mtada_aggregated","trait1","bfdr_discoveries",0.2,75
20260839,27,500,15,3000,3000,3000,3000,"fast","control_informative",0.05,5,0.01,"","mtada_aggregated","trait2","bfdr_observed_fdp",0.01,0.909090909090909
20260839,27,500,15,3000,3000,3000,3000,"fast","control_informative",0.05,5,0.01,"","mtada_aggregated","trait2","bfdr_estimate",0.01,0.00650995857988443
20260839,27,500,15,3000,3000,3000,3000,"fast","control_informative",0.05,5,0.01,"","mtada_aggregated","trait2","bfdr_power",0.01,0.3
20260839,27,500,15,3000,3000,3000,3000,"fast","control_informative",0.05,5,0.01,"","mtada_aggregated","trait2","bfdr_discoveries",0.01,33
20260839,27,500,15,3000,3000,3000,3000,"fast","control_informative",0.05,5,0.01,"","mtada_aggregated","trait2","bfdr_observed_fdp",0.05,0.875
20260839,27,500,15,3000,3000,3000,3000,"fast","control_informative",0.05,5,0.01,"","mtada_aggregated","trait2","bfdr_estimate",0.05,0.0443586822873022
20260839,27,500,15,3000,3000,3000,3000,"fast","control_informative",0.05,5,0.01,"","mtada_aggregated","trait2","bfdr_power",0.05,0.5
20260839,27,500,15,3000,3000,3000,3000,"fast","control_informative",0.05,5,0.01,"","mtada_aggregated","trait2","bfdr_discoveries",0.05,40
20260839,27,500,15,3000,3000,3000,3000,"fast","control_informative",0.05,5,0.01,"","mtada_aggregated","trait2","bfdr_observed_fdp",0.1,0.888888888888889
20260839,27,500,15,3000,3000,3000,3000,"fast","control_informative",0.05,5,0.01,"","mtada_aggregated","trait2","bfdr_estimate",0.1,0.0934585823999456
20260839,27,500,15,3000,3000,3000,3000,"fast","control_informative",0.05,5,0.01,"","mtada_aggregated","trait2","bfdr_power",0.1,0.5
20260839,27,500,15,3000,3000,3000,3000,"fast","control_informative",0.05,5,0.01,"","mtada_aggregated","trait2","bfdr_discoveries",0.1,45
20260839,27,500,15,3000,3000,3000,3000,"fast","control_informative",0.05,5,0.01,"","mtada_aggregated","trait2","bfdr_observed_fdp",0.2,0.903846153846154
20260839,27,500,15,3000,3000,3000,3000,"fast","control_informative",0.05,5,0.01,"","mtada_aggregated","trait2","bfdr_estimate",0.2,0.191770607346375
20260839,27,500,15,3000,3000,3000,3000,"fast","control_informative",0.05,5,0.01,"","mtada_aggregated","trait2","bfdr_power",0.2,0.5
20260839,27,500,15,3000,3000,3000,3000,"fast","control_informative",0.05,5,0.01,"","mtada_aggregated","trait2","bfdr_discoveries",0.2,52
20260839,27,500,15,3000,3000,3000,3000,"fast","control_informative",0.05,5,0.01,"","mtada_aggregated","pleiotropy","bfdr_observed_fdp",0.01,1
20260839,27,500,15,3000,3000,3000,3000,"fast","control_informative",0.05,5,0.01,"","mtada_aggregated","pleiotropy","bfdr_estimate",0.01,2.24921665403777e-07
20260839,27,500,15,3000,3000,3000,3000,"fast","control_informative",0.05,5,0.01,"","mtada_aggregated","pleiotropy","bfdr_power",0.01,0
20260839,27,500,15,3000,3000,3000,3000,"fast","control_informative",0.05,5,0.01,"","mtada_aggregated","pleiotropy","bfdr_discoveries",0.01,1
20260839,27,500,15,3000,3000,3000,3000,"fast","control_informative",0.05,5,0.01,"","mtada_aggregated","pleiotropy","bfdr_observed_fdp",0.05,1
20260839,27,500,15,3000,3000,3000,3000,"fast","control_informative",0.05,5,0.01,"","mtada_aggregated","pleiotropy","bfdr_estimate",0.05,2.24921665403777e-07
20260839,27,500,15,3000,3000,3000,3000,"fast","control_informative",0.05,5,0.01,"","mtada_aggregated","pleiotropy","bfdr_power",0.05,0
20260839,27,500,15,3000,3000,3000,3000,"fast","control_informative",0.05,5,0.01,"","mtada_aggregated","pleiotropy","bfdr_discoveries",0.05,1
20260839,27,500,15,3000,3000,3000,3000,"fast","control_informative",0.05,5,0.01,"","mtada_aggregated","pleiotropy","bfdr_observed_fdp",0.1,1
20260839,27,500,15,3000,3000,3000,3000,"fast","control_informative",0.05,5,0.01,"","mtada_aggregated","pleiotropy","bfdr_estimate",0.1,2.24921665403777e-07
20260839,27,500,15,3000,3000,3000,3000,"fast","control_informative",0.05,5,0.01,"","mtada_aggregated","pleiotropy","bfdr_power",0.1,0
20260839,27,500,15,3000,3000,3000,3000,"fast","control_informative",0.05,5,0.01,"","mtada_aggregated","pleiotropy","bfdr_discoveries",0.1,1
20260839,27,500,15,3000,3000,3000,3000,"fast","control_informative",0.05,5,0.01,"","mtada_aggregated","pleiotropy","bfdr_observed_fdp",0.2,1
20260839,27,500,15,3000,3000,3000,3000,"fast","control_informative",0.05,5,0.01,"","mtada_aggregated","pleiotropy","bfdr_estimate",0.2,0.187923734643004
20260839,27,500,15,3000,3000,3000,3000,"fast","control_informative",0.05,5,0.01,"","mtada_aggregated","pleiotropy","bfdr_power",0.2,0
20260839,27,500,15,3000,3000,3000,3000,"fast","control_informative",0.05,5,0.01,"","mtada_aggregated","pleiotropy","bfdr_discoveries",0.2,4
20260839,27,500,15,3000,3000,3000,3000,"fast","control_informative",0.05,5,0.01,"","mtada_aggregated","global","runtime_seconds",NA,0.706000000000017
20260839,27,500,15,3000,3000,3000,3000,"fast","control_informative",0.05,5,0.01,"","mtada_aggregated","pleiotropy","pi11_estimate",NA,0.00123219
20260840,28,500,15,3000,3000,3000,3000,"fast","control_informative",0.05,5,0.01,"","mirage_joint","trait1","auc",NA,0.5968
20260840,28,500,15,3000,3000,3000,3000,"fast","control_informative",0.05,5,0.01,"","mirage_joint","trait2","auc",NA,0.666326530612245
20260840,28,500,15,3000,3000,3000,3000,"fast","control_informative",0.05,5,0.01,"","mirage_joint","pleiotropy","auc",NA,0.697777777777778
20260840,28,500,15,3000,3000,3000,3000,"fast","control_informative",0.05,5,0.01,"","mirage_joint","trait1","pp08_power",0.8,0.04
20260840,28,500,15,3000,3000,3000,3000,"fast","control_informative",0.05,5,0.01,"","mirage_joint","trait1","pp08_fdp",0.8,0
20260840,28,500,15,3000,3000,3000,3000,"fast","control_informative",0.05,5,0.01,"","mirage_joint","trait1","pp08_discoveries",0.8,1
20260840,28,500,15,3000,3000,3000,3000,"fast","control_informative",0.05,5,0.01,"","mirage_joint","trait2","pp08_power",0.8,0.1
20260840,28,500,15,3000,3000,3000,3000,"fast","control_informative",0.05,5,0.01,"","mirage_joint","trait2","pp08_fdp",0.8,0
20260840,28,500,15,3000,3000,3000,3000,"fast","control_informative",0.05,5,0.01,"","mirage_joint","trait2","pp08_discoveries",0.8,1
20260840,28,500,15,3000,3000,3000,3000,"fast","control_informative",0.05,5,0.01,"","mirage_joint","pleiotropy","pp08_power",0.8,0
20260840,28,500,15,3000,3000,3000,3000,"fast","control_informative",0.05,5,0.01,"","mirage_joint","pleiotropy","pp08_fdp",0.8,0
20260840,28,500,15,3000,3000,3000,3000,"fast","control_informative",0.05,5,0.01,"","mirage_joint","pleiotropy","pp08_discoveries",0.8,0
20260840,28,500,15,3000,3000,3000,3000,"fast","control_informative",0.05,5,0.01,"","mirage_joint","trait1","bfdr_observed_fdp",0.01,0
20260840,28,500,15,3000,3000,3000,3000,"fast","control_informative",0.05,5,0.01,"","mirage_joint","trait1","bfdr_estimate",0.01,0
20260840,28,500,15,3000,3000,3000,3000,"fast","control_informative",0.05,5,0.01,"","mirage_joint","trait1","bfdr_power",0.01,0
20260840,28,500,15,3000,3000,3000,3000,"fast","control_informative",0.05,5,0.01,"","mirage_joint","trait1","bfdr_discoveries",0.01,0
20260840,28,500,15,3000,3000,3000,3000,"fast","control_informative",0.05,5,0.01,"","mirage_joint","trait1","bfdr_observed_fdp",0.05,0
20260840,28,500,15,3000,3000,3000,3000,"fast","control_informative",0.05,5,0.01,"","mirage_joint","trait1","bfdr_estimate",0.05,0.0195955738466683
20260840,28,500,15,3000,3000,3000,3000,"fast","control_informative",0.05,5,0.01,"","mirage_joint","trait1","bfdr_power",0.05,0.04
20260840,28,500,15,3000,3000,3000,3000,"fast","control_informative",0.05,5,0.01,"","mirage_joint","trait1","bfdr_discoveries",0.05,1
20260840,28,500,15,3000,3000,3000,3000,"fast","control_informative",0.05,5,0.01,"","mirage_joint","trait1","bfdr_observed_fdp",0.1,0
20260840,28,500,15,3000,3000,3000,3000,"fast","control_informative",0.05,5,0.01,"","mirage_joint","trait1","bfdr_estimate",0.1,0.0195955738466683
20260840,28,500,15,3000,3000,3000,3000,"fast","control_informative",0.05,5,0.01,"","mirage_joint","trait1","bfdr_power",0.1,0.04
20260840,28,500,15,3000,3000,3000,3000,"fast","control_informative",0.05,5,0.01,"","mirage_joint","trait1","bfdr_discoveries",0.1,1
20260840,28,500,15,3000,3000,3000,3000,"fast","control_informative",0.05,5,0.01,"","mirage_joint","trait1","bfdr_observed_fdp",0.2,0
20260840,28,500,15,3000,3000,3000,3000,"fast","control_informative",0.05,5,0.01,"","mirage_joint","trait1","bfdr_estimate",0.2,0.0195955738466683
20260840,28,500,15,3000,3000,3000,3000,"fast","control_informative",0.05,5,0.01,"","mirage_joint","trait1","bfdr_power",0.2,0.04
20260840,28,500,15,3000,3000,3000,3000,"fast","control_informative",0.05,5,0.01,"","mirage_joint","trait1","bfdr_discoveries",0.2,1
20260840,28,500,15,3000,3000,3000,3000,"fast","control_informative",0.05,5,0.01,"","mirage_joint","trait2","bfdr_observed_fdp",0.01,0
20260840,28,500,15,3000,3000,3000,3000,"fast","control_informative",0.05,5,0.01,"","mirage_joint","trait2","bfdr_estimate",0.01,3.01066802752548e-05
20260840,28,500,15,3000,3000,3000,3000,"fast","control_informative",0.05,5,0.01,"","mirage_joint","trait2","bfdr_power",0.01,0.1
20260840,28,500,15,3000,3000,3000,3000,"fast","control_informative",0.05,5,0.01,"","mirage_joint","trait2","bfdr_discoveries",0.01,1
20260840,28,500,15,3000,3000,3000,3000,"fast","control_informative",0.05,5,0.01,"","mirage_joint","trait2","bfdr_observed_fdp",0.05,0
20260840,28,500,15,3000,3000,3000,3000,"fast","control_informative",0.05,5,0.01,"","mirage_joint","trait2","bfdr_estimate",0.05,3.01066802752548e-05
20260840,28,500,15,3000,3000,3000,3000,"fast","control_informative",0.05,5,0.01,"","mirage_joint","trait2","bfdr_power",0.05,0.1
20260840,28,500,15,3000,3000,3000,3000,"fast","control_informative",0.05,5,0.01,"","mirage_joint","trait2","bfdr_discoveries",0.05,1
20260840,28,500,15,3000,3000,3000,3000,"fast","control_informative",0.05,5,0.01,"","mirage_joint","trait2","bfdr_observed_fdp",0.1,0
20260840,28,500,15,3000,3000,3000,3000,"fast","control_informative",0.05,5,0.01,"","mirage_joint","trait2","bfdr_estimate",0.1,3.01066802752548e-05
20260840,28,500,15,3000,3000,3000,3000,"fast","control_informative",0.05,5,0.01,"","mirage_joint","trait2","bfdr_power",0.1,0.1
20260840,28,500,15,3000,3000,3000,3000,"fast","control_informative",0.05,5,0.01,"","mirage_joint","trait2","bfdr_discoveries",0.1,1
20260840,28,500,15,3000,3000,3000,3000,"fast","control_informative",0.05,5,0.01,"","mirage_joint","trait2","bfdr_observed_fdp",0.2,0
20260840,28,500,15,3000,3000,3000,3000,"fast","control_informative",0.05,5,0.01,"","mirage_joint","trait2","bfdr_estimate",0.2,3.01066802752548e-05
20260840,28,500,15,3000,3000,3000,3000,"fast","control_informative",0.05,5,0.01,"","mirage_joint","trait2","bfdr_power",0.2,0.1
20260840,28,500,15,3000,3000,3000,3000,"fast","control_informative",0.05,5,0.01,"","mirage_joint","trait2","bfdr_discoveries",0.2,1
20260840,28,500,15,3000,3000,3000,3000,"fast","control_informative",0.05,5,0.01,"","mirage_joint","pleiotropy","bfdr_observed_fdp",0.01,0
20260840,28,500,15,3000,3000,3000,3000,"fast","control_informative",0.05,5,0.01,"","mirage_joint","pleiotropy","bfdr_estimate",0.01,0
20260840,28,500,15,3000,3000,3000,3000,"fast","control_informative",0.05,5,0.01,"","mirage_joint","pleiotropy","bfdr_power",0.01,0
20260840,28,500,15,3000,3000,3000,3000,"fast","control_informative",0.05,5,0.01,"","mirage_joint","pleiotropy","bfdr_discoveries",0.01,0
20260840,28,500,15,3000,3000,3000,3000,"fast","control_informative",0.05,5,0.01,"","mirage_joint","pleiotropy","bfdr_observed_fdp",0.05,0
20260840,28,500,15,3000,3000,3000,3000,"fast","control_informative",0.05,5,0.01,"","mirage_joint","pleiotropy","bfdr_estimate",0.05,0
20260840,28,500,15,3000,3000,3000,3000,"fast","control_informative",0.05,5,0.01,"","mirage_joint","pleiotropy","bfdr_power",0.05,0
20260840,28,500,15,3000,3000,3000,3000,"fast","control_informative",0.05,5,0.01,"","mirage_joint","pleiotropy","bfdr_discoveries",0.05,0
20260840,28,500,15,3000,3000,3000,3000,"fast","control_informative",0.05,5,0.01,"","mirage_joint","pleiotropy","bfdr_observed_fdp",0.1,0
20260840,28,500,15,3000,3000,3000,3000,"fast","control_informative",0.05,5,0.01,"","mirage_joint","pleiotropy","bfdr_estimate",0.1,0
20260840,28,500,15,3000,3000,3000,3000,"fast","control_informative",0.05,5,0.01,"","mirage_joint","pleiotropy","bfdr_power",0.1,0
20260840,28,500,15,3000,3000,3000,3000,"fast","control_informative",0.05,5,0.01,"","mirage_joint","pleiotropy","bfdr_discoveries",0.1,0
20260840,28,500,15,3000,3000,3000,3000,"fast","control_informative",0.05,5,0.01,"","mirage_joint","pleiotropy","bfdr_observed_fdp",0.2,0
20260840,28,500,15,3000,3000,3000,3000,"fast","control_informative",0.05,5,0.01,"","mirage_joint","pleiotropy","bfdr_estimate",0.2,0
20260840,28,500,15,3000,3000,3000,3000,"fast","control_informative",0.05,5,0.01,"","mirage_joint","pleiotropy","bfdr_power",0.2,0
20260840,28,500,15,3000,3000,3000,3000,"fast","control_informative",0.05,5,0.01,"","mirage_joint","pleiotropy","bfdr_discoveries",0.2,0
20260840,28,500,15,3000,3000,3000,3000,"fast","control_informative",0.05,5,0.01,"","mirage_joint","global","runtime_seconds",NA,17.992
20260840,28,500,15,3000,3000,3000,3000,"fast","control_informative",0.05,5,0.01,"","mirage_joint","pleiotropy","pi11_estimate",NA,0.00834648347868964
20260840,28,500,15,3000,3000,3000,3000,"fast","control_informative",0.05,5,0.01,"","separate_mirage","trait1","auc",NA,0.58298947368421
20260840,28,500,15,3000,3000,3000,3000,"fast","control_informative",0.05,5,0.01,"","separate_mirage","trait2","auc",NA,0.645918367346939
20260840,28,500,15,3000,3000,3000,3000,"fast","control_informative",0.05,5,0.01,"","separate_mirage","pleiotropy","auc",NA,0.65979797979798
20260840,28,500,15,3000,3000,3000,3000,"fast","control_informative",0.05,5,0.01,"","separate_mirage","trait1","pp08_power",0.8,0.04
20260840,28,500,15,3000,3000,3000,3000,"fast","control_informative",0.05,5,0.01,"","separate_mirage","trait1","pp08_fdp",0.8,0
20260840,28,500,15,3000,3000,3000,3000,"fast","control_informative",0.05,5,0.01,"","separate_mirage","trait1","pp08_discoveries",0.8,1
20260840,28,500,15,3000,3000,3000,3000,"fast","control_informative",0.05,5,0.01,"","separate_mirage","trait2","pp08_power",0.8,0.1
20260840,28,500,15,3000,3000,3000,3000,"fast","control_informative",0.05,5,0.01,"","separate_mirage","trait2","pp08_fdp",0.8,0
20260840,28,500,15,3000,3000,3000,3000,"fast","control_informative",0.05,5,0.01,"","separate_mirage","trait2","pp08_discoveries",0.8,1
20260840,28,500,15,3000,3000,3000,3000,"fast","control_informative",0.05,5,0.01,"","separate_mirage","pleiotropy","pp08_power",0.8,0
20260840,28,500,15,3000,3000,3000,3000,"fast","control_informative",0.05,5,0.01,"","separate_mirage","pleiotropy","pp08_fdp",0.8,0
20260840,28,500,15,3000,3000,3000,3000,"fast","control_informative",0.05,5,0.01,"","separate_mirage","pleiotropy","pp08_discoveries",0.8,0
20260840,28,500,15,3000,3000,3000,3000,"fast","control_informative",0.05,5,0.01,"","separate_mirage","trait1","bfdr_observed_fdp",0.01,0
20260840,28,500,15,3000,3000,3000,3000,"fast","control_informative",0.05,5,0.01,"","separate_mirage","trait1","bfdr_estimate",0.01,0
20260840,28,500,15,3000,3000,3000,3000,"fast","control_informative",0.05,5,0.01,"","separate_mirage","trait1","bfdr_power",0.01,0
20260840,28,500,15,3000,3000,3000,3000,"fast","control_informative",0.05,5,0.01,"","separate_mirage","trait1","bfdr_discoveries",0.01,0
20260840,28,500,15,3000,3000,3000,3000,"fast","control_informative",0.05,5,0.01,"","separate_mirage","trait1","bfdr_observed_fdp",0.05,0
20260840,28,500,15,3000,3000,3000,3000,"fast","control_informative",0.05,5,0.01,"","separate_mirage","trait1","bfdr_estimate",0.05,0.0165828236357327
20260840,28,500,15,3000,3000,3000,3000,"fast","control_informative",0.05,5,0.01,"","separate_mirage","trait1","bfdr_power",0.05,0.04
20260840,28,500,15,3000,3000,3000,3000,"fast","control_informative",0.05,5,0.01,"","separate_mirage","trait1","bfdr_discoveries",0.05,1
20260840,28,500,15,3000,3000,3000,3000,"fast","control_informative",0.05,5,0.01,"","separate_mirage","trait1","bfdr_observed_fdp",0.1,0
20260840,28,500,15,3000,3000,3000,3000,"fast","control_informative",0.05,5,0.01,"","separate_mirage","trait1","bfdr_estimate",0.1,0.0165828236357327
20260840,28,500,15,3000,3000,3000,3000,"fast","control_informative",0.05,5,0.01,"","separate_mirage","trait1","bfdr_power",0.1,0.04
20260840,28,500,15,3000,3000,3000,3000,"fast","control_informative",0.05,5,0.01,"","separate_mirage","trait1","bfdr_discoveries",0.1,1
20260840,28,500,15,3000,3000,3000,3000,"fast","control_informative",0.05,5,0.01,"","separate_mirage","trait1","bfdr_observed_fdp",0.2,0
20260840,28,500,15,3000,3000,3000,3000,"fast","control_informative",0.05,5,0.01,"","separate_mirage","trait1","bfdr_estimate",0.2,0.0165828236357327
20260840,28,500,15,3000,3000,3000,3000,"fast","control_informative",0.05,5,0.01,"","separate_mirage","trait1","bfdr_power",0.2,0.04
20260840,28,500,15,3000,3000,3000,3000,"fast","control_informative",0.05,5,0.01,"","separate_mirage","trait1","bfdr_discoveries",0.2,1
20260840,28,500,15,3000,3000,3000,3000,"fast","control_informative",0.05,5,0.01,"","separate_mirage","trait2","bfdr_observed_fdp",0.01,0
20260840,28,500,15,3000,3000,3000,3000,"fast","control_informative",0.05,5,0.01,"","separate_mirage","trait2","bfdr_estimate",0.01,3.26102598344757e-05
20260840,28,500,15,3000,3000,3000,3000,"fast","control_informative",0.05,5,0.01,"","separate_mirage","trait2","bfdr_power",0.01,0.1
20260840,28,500,15,3000,3000,3000,3000,"fast","control_informative",0.05,5,0.01,"","separate_mirage","trait2","bfdr_discoveries",0.01,1
20260840,28,500,15,3000,3000,3000,3000,"fast","control_informative",0.05,5,0.01,"","separate_mirage","trait2","bfdr_observed_fdp",0.05,0
20260840,28,500,15,3000,3000,3000,3000,"fast","control_informative",0.05,5,0.01,"","separate_mirage","trait2","bfdr_estimate",0.05,3.26102598344757e-05
20260840,28,500,15,3000,3000,3000,3000,"fast","control_informative",0.05,5,0.01,"","separate_mirage","trait2","bfdr_power",0.05,0.1
20260840,28,500,15,3000,3000,3000,3000,"fast","control_informative",0.05,5,0.01,"","separate_mirage","trait2","bfdr_discoveries",0.05,1
20260840,28,500,15,3000,3000,3000,3000,"fast","control_informative",0.05,5,0.01,"","separate_mirage","trait2","bfdr_observed_fdp",0.1,0
20260840,28,500,15,3000,3000,3000,3000,"fast","control_informative",0.05,5,0.01,"","separate_mirage","trait2","bfdr_estimate",0.1,3.26102598344757e-05
20260840,28,500,15,3000,3000,3000,3000,"fast","control_informative",0.05,5,0.01,"","separate_mirage","trait2","bfdr_power",0.1,0.1
20260840,28,500,15,3000,3000,3000,3000,"fast","control_informative",0.05,5,0.01,"","separate_mirage","trait2","bfdr_discoveries",0.1,1
20260840,28,500,15,3000,3000,3000,3000,"fast","control_informative",0.05,5,0.01,"","separate_mirage","trait2","bfdr_observed_fdp",0.2,0.5
20260840,28,500,15,3000,3000,3000,3000,"fast","control_informative",0.05,5,0.01,"","separate_mirage","trait2","bfdr_estimate",0.2,0.191828913415335
20260840,28,500,15,3000,3000,3000,3000,"fast","control_informative",0.05,5,0.01,"","separate_mirage","trait2","bfdr_power",0.2,0.1
20260840,28,500,15,3000,3000,3000,3000,"fast","control_informative",0.05,5,0.01,"","separate_mirage","trait2","bfdr_discoveries",0.2,2
20260840,28,500,15,3000,3000,3000,3000,"fast","control_informative",0.05,5,0.01,"","separate_mirage","pleiotropy","bfdr_observed_fdp",0.01,0
20260840,28,500,15,3000,3000,3000,3000,"fast","control_informative",0.05,5,0.01,"","separate_mirage","pleiotropy","bfdr_estimate",0.01,0
20260840,28,500,15,3000,3000,3000,3000,"fast","control_informative",0.05,5,0.01,"","separate_mirage","pleiotropy","bfdr_power",0.01,0
20260840,28,500,15,3000,3000,3000,3000,"fast","control_informative",0.05,5,0.01,"","separate_mirage","pleiotropy","bfdr_discoveries",0.01,0
20260840,28,500,15,3000,3000,3000,3000,"fast","control_informative",0.05,5,0.01,"","separate_mirage","pleiotropy","bfdr_observed_fdp",0.05,0
20260840,28,500,15,3000,3000,3000,3000,"fast","control_informative",0.05,5,0.01,"","separate_mirage","pleiotropy","bfdr_estimate",0.05,0
20260840,28,500,15,3000,3000,3000,3000,"fast","control_informative",0.05,5,0.01,"","separate_mirage","pleiotropy","bfdr_power",0.05,0
20260840,28,500,15,3000,3000,3000,3000,"fast","control_informative",0.05,5,0.01,"","separate_mirage","pleiotropy","bfdr_discoveries",0.05,0
20260840,28,500,15,3000,3000,3000,3000,"fast","control_informative",0.05,5,0.01,"","separate_mirage","pleiotropy","bfdr_observed_fdp",0.1,0
20260840,28,500,15,3000,3000,3000,3000,"fast","control_informative",0.05,5,0.01,"","separate_mirage","pleiotropy","bfdr_estimate",0.1,0
20260840,28,500,15,3000,3000,3000,3000,"fast","control_informative",0.05,5,0.01,"","separate_mirage","pleiotropy","bfdr_power",0.1,0
20260840,28,500,15,3000,3000,3000,3000,"fast","control_informative",0.05,5,0.01,"","separate_mirage","pleiotropy","bfdr_discoveries",0.1,0
20260840,28,500,15,3000,3000,3000,3000,"fast","control_informative",0.05,5,0.01,"","separate_mirage","pleiotropy","bfdr_observed_fdp",0.2,0
20260840,28,500,15,3000,3000,3000,3000,"fast","control_informative",0.05,5,0.01,"","separate_mirage","pleiotropy","bfdr_estimate",0.2,0
20260840,28,500,15,3000,3000,3000,3000,"fast","control_informative",0.05,5,0.01,"","separate_mirage","pleiotropy","bfdr_power",0.2,0
20260840,28,500,15,3000,3000,3000,3000,"fast","control_informative",0.05,5,0.01,"","separate_mirage","pleiotropy","bfdr_discoveries",0.2,0
20260840,28,500,15,3000,3000,3000,3000,"fast","control_informative",0.05,5,0.01,"","separate_mirage","global","runtime_seconds",NA,18.0200000000001
20260840,28,500,15,3000,3000,3000,3000,"fast","control_informative",0.05,5,0.01,"","separate_mirage","pleiotropy","pi11_estimate",NA,0.001
20260840,28,500,15,3000,3000,3000,3000,"fast","control_informative",0.05,5,0.01,"","mtada_aggregated","trait1","auc",NA,0.55621052631579
20260840,28,500,15,3000,3000,3000,3000,"fast","control_informative",0.05,5,0.01,"","mtada_aggregated","trait2","auc",NA,0.720204081632653
20260840,28,500,15,3000,3000,3000,3000,"fast","control_informative",0.05,5,0.01,"","mtada_aggregated","pleiotropy","auc",NA,0.507070707070707
20260840,28,500,15,3000,3000,3000,3000,"fast","control_informative",0.05,5,0.01,"","mtada_aggregated","trait1","pp08_power",0.8,0.12
20260840,28,500,15,3000,3000,3000,3000,"fast","control_informative",0.05,5,0.01,"","mtada_aggregated","trait1","pp08_fdp",0.8,0.95
20260840,28,500,15,3000,3000,3000,3000,"fast","control_informative",0.05,5,0.01,"","mtada_aggregated","trait1","pp08_discoveries",0.8,60
20260840,28,500,15,3000,3000,3000,3000,"fast","control_informative",0.05,5,0.01,"","mtada_aggregated","trait2","pp08_power",0.8,0.3
20260840,28,500,15,3000,3000,3000,3000,"fast","control_informative",0.05,5,0.01,"","mtada_aggregated","trait2","pp08_fdp",0.8,0.925
20260840,28,500,15,3000,3000,3000,3000,"fast","control_informative",0.05,5,0.01,"","mtada_aggregated","trait2","pp08_discoveries",0.8,40
20260840,28,500,15,3000,3000,3000,3000,"fast","control_informative",0.05,5,0.01,"","mtada_aggregated","pleiotropy","pp08_power",0.8,0
20260840,28,500,15,3000,3000,3000,3000,"fast","control_informative",0.05,5,0.01,"","mtada_aggregated","pleiotropy","pp08_fdp",0.8,1
20260840,28,500,15,3000,3000,3000,3000,"fast","control_informative",0.05,5,0.01,"","mtada_aggregated","pleiotropy","pp08_discoveries",0.8,4
20260840,28,500,15,3000,3000,3000,3000,"fast","control_informative",0.05,5,0.01,"","mtada_aggregated","trait1","bfdr_observed_fdp",0.01,0.944444444444444
20260840,28,500,15,3000,3000,3000,3000,"fast","control_informative",0.05,5,0.01,"","mtada_aggregated","trait1","bfdr_estimate",0.01,0.00942243167706409
20260840,28,500,15,3000,3000,3000,3000,"fast","control_informative",0.05,5,0.01,"","mtada_aggregated","trait1","bfdr_power",0.01,0.12
20260840,28,500,15,3000,3000,3000,3000,"fast","control_informative",0.05,5,0.01,"","mtada_aggregated","trait1","bfdr_discoveries",0.01,54
20260840,28,500,15,3000,3000,3000,3000,"fast","control_informative",0.05,5,0.01,"","mtada_aggregated","trait1","bfdr_observed_fdp",0.05,0.93939393939394
20260840,28,500,15,3000,3000,3000,3000,"fast","control_informative",0.05,5,0.01,"","mtada_aggregated","trait1","bfdr_estimate",0.05,0.0458859327185517
20260840,28,500,15,3000,3000,3000,3000,"fast","control_informative",0.05,5,0.01,"","mtada_aggregated","trait1","bfdr_power",0.05,0.16
20260840,28,500,15,3000,3000,3000,3000,"fast","control_informative",0.05,5,0.01,"","mtada_aggregated","trait1","bfdr_discoveries",0.05,66
20260840,28,500,15,3000,3000,3000,3000,"fast","control_informative",0.05,5,0.01,"","mtada_aggregated","trait1","bfdr_observed_fdp",0.1,0.917808219178082
20260840,28,500,15,3000,3000,3000,3000,"fast","control_informative",0.05,5,0.01,"","mtada_aggregated","trait1","bfdr_estimate",0.1,0.0960813684583784
20260840,28,500,15,3000,3000,3000,3000,"fast","control_informative",0.05,5,0.01,"","mtada_aggregated","trait1","bfdr_power",0.1,0.24
20260840,28,500,15,3000,3000,3000,3000,"fast","control_informative",0.05,5,0.01,"","mtada_aggregated","trait1","bfdr_discoveries",0.1,73
20260840,28,500,15,3000,3000,3000,3000,"fast","control_informative",0.05,5,0.01,"","mtada_aggregated","trait1","bfdr_observed_fdp",0.2,0.917647058823529
20260840,28,500,15,3000,3000,3000,3000,"fast","control_informative",0.05,5,0.01,"","mtada_aggregated","trait1","bfdr_estimate",0.2,0.192646978652572
20260840,28,500,15,3000,3000,3000,3000,"fast","control_informative",0.05,5,0.01,"","mtada_aggregated","trait1","bfdr_power",0.2,0.28
20260840,28,500,15,3000,3000,3000,3000,"fast","control_informative",0.05,5,0.01,"","mtada_aggregated","trait1","bfdr_discoveries",0.2,85
20260840,28,500,15,3000,3000,3000,3000,"fast","control_informative",0.05,5,0.01,"","mtada_aggregated","trait2","bfdr_observed_fdp",0.01,0.93939393939394
20260840,28,500,15,3000,3000,3000,3000,"fast","control_informative",0.05,5,0.01,"","mtada_aggregated","trait2","bfdr_estimate",0.01,0.00974511522138411
20260840,28,500,15,3000,3000,3000,3000,"fast","control_informative",0.05,5,0.01,"","mtada_aggregated","trait2","bfdr_power",0.01,0.2
20260840,28,500,15,3000,3000,3000,3000,"fast","control_informative",0.05,5,0.01,"","mtada_aggregated","trait2","bfdr_discoveries",0.01,33
20260840,28,500,15,3000,3000,3000,3000,"fast","control_informative",0.05,5,0.01,"","mtada_aggregated","trait2","bfdr_observed_fdp",0.05,0.928571428571429
20260840,28,500,15,3000,3000,3000,3000,"fast","control_informative",0.05,5,0.01,"","mtada_aggregated","trait2","bfdr_estimate",0.05,0.0454058748568864
20260840,28,500,15,3000,3000,3000,3000,"fast","control_informative",0.05,5,0.01,"","mtada_aggregated","trait2","bfdr_power",0.05,0.3
20260840,28,500,15,3000,3000,3000,3000,"fast","control_informative",0.05,5,0.01,"","mtada_aggregated","trait2","bfdr_discoveries",0.05,42
20260840,28,500,15,3000,3000,3000,3000,"fast","control_informative",0.05,5,0.01,"","mtada_aggregated","trait2","bfdr_observed_fdp",0.1,0.938775510204082
20260840,28,500,15,3000,3000,3000,3000,"fast","control_informative",0.05,5,0.01,"","mtada_aggregated","trait2","bfdr_estimate",0.1,0.0918420536757934
20260840,28,500,15,3000,3000,3000,3000,"fast","control_informative",0.05,5,0.01,"","mtada_aggregated","trait2","bfdr_power",0.1,0.3
20260840,28,500,15,3000,3000,3000,3000,"fast","control_informative",0.05,5,0.01,"","mtada_aggregated","trait2","bfdr_discoveries",0.1,49
20260840,28,500,15,3000,3000,3000,3000,"fast","control_informative",0.05,5,0.01,"","mtada_aggregated","trait2","bfdr_observed_fdp",0.2,0.916666666666667
20260840,28,500,15,3000,3000,3000,3000,"fast","control_informative",0.05,5,0.01,"","mtada_aggregated","trait2","bfdr_estimate",0.2,0.19701680116744
20260840,28,500,15,3000,3000,3000,3000,"fast","control_informative",0.05,5,0.01,"","mtada_aggregated","trait2","bfdr_power",0.2,0.5
20260840,28,500,15,3000,3000,3000,3000,"fast","control_informative",0.05,5,0.01,"","mtada_aggregated","trait2","bfdr_discoveries",0.2,60
20260840,28,500,15,3000,3000,3000,3000,"fast","control_informative",0.05,5,0.01,"","mtada_aggregated","pleiotropy","bfdr_observed_fdp",0.01,1
20260840,28,500,15,3000,3000,3000,3000,"fast","control_informative",0.05,5,0.01,"","mtada_aggregated","pleiotropy","bfdr_estimate",0.01,0.00357118574229559
20260840,28,500,15,3000,3000,3000,3000,"fast","control_informative",0.05,5,0.01,"","mtada_aggregated","pleiotropy","bfdr_power",0.01,0
20260840,28,500,15,3000,3000,3000,3000,"fast","control_informative",0.05,5,0.01,"","mtada_aggregated","pleiotropy","bfdr_discoveries",0.01,2
20260840,28,500,15,3000,3000,3000,3000,"fast","control_informative",0.05,5,0.01,"","mtada_aggregated","pleiotropy","bfdr_observed_fdp",0.05,1
20260840,28,500,15,3000,3000,3000,3000,"fast","control_informative",0.05,5,0.01,"","mtada_aggregated","pleiotropy","bfdr_estimate",0.05,0.00357118574229559
20260840,28,500,15,3000,3000,3000,3000,"fast","control_informative",0.05,5,0.01,"","mtada_aggregated","pleiotropy","bfdr_power",0.05,0
20260840,28,500,15,3000,3000,3000,3000,"fast","control_informative",0.05,5,0.01,"","mtada_aggregated","pleiotropy","bfdr_discoveries",0.05,2
20260840,28,500,15,3000,3000,3000,3000,"fast","control_informative",0.05,5,0.01,"","mtada_aggregated","pleiotropy","bfdr_observed_fdp",0.1,1
20260840,28,500,15,3000,3000,3000,3000,"fast","control_informative",0.05,5,0.01,"","mtada_aggregated","pleiotropy","bfdr_estimate",0.1,0.0892667907892755
20260840,28,500,15,3000,3000,3000,3000,"fast","control_informative",0.05,5,0.01,"","mtada_aggregated","pleiotropy","bfdr_power",0.1,0
20260840,28,500,15,3000,3000,3000,3000,"fast","control_informative",0.05,5,0.01,"","mtada_aggregated","pleiotropy","bfdr_discoveries",0.1,4
20260840,28,500,15,3000,3000,3000,3000,"fast","control_informative",0.05,5,0.01,"","mtada_aggregated","pleiotropy","bfdr_observed_fdp",0.2,1
20260840,28,500,15,3000,3000,3000,3000,"fast","control_informative",0.05,5,0.01,"","mtada_aggregated","pleiotropy","bfdr_estimate",0.2,0.184967837200945
20260840,28,500,15,3000,3000,3000,3000,"fast","control_informative",0.05,5,0.01,"","mtada_aggregated","pleiotropy","bfdr_power",0.2,0
20260840,28,500,15,3000,3000,3000,3000,"fast","control_informative",0.05,5,0.01,"","mtada_aggregated","pleiotropy","bfdr_discoveries",0.2,7
20260840,28,500,15,3000,3000,3000,3000,"fast","control_informative",0.05,5,0.01,"","mtada_aggregated","global","runtime_seconds",NA,0.710000000000036
20260840,28,500,15,3000,3000,3000,3000,"fast","control_informative",0.05,5,0.01,"","mtada_aggregated","pleiotropy","pi11_estimate",NA,0.00227237
20260841,29,500,15,3000,3000,3000,3000,"fast","control_informative",0.05,5,0.01,"","mirage_joint","trait1","auc",NA,0.666947368421053
20260841,29,500,15,3000,3000,3000,3000,"fast","control_informative",0.05,5,0.01,"","mirage_joint","trait2","auc",NA,0.606734693877551
20260841,29,500,15,3000,3000,3000,3000,"fast","control_informative",0.05,5,0.01,"","mirage_joint","pleiotropy","auc",NA,0.523232323232323
20260841,29,500,15,3000,3000,3000,3000,"fast","control_informative",0.05,5,0.01,"","mirage_joint","trait1","pp08_power",0.8,0.12
20260841,29,500,15,3000,3000,3000,3000,"fast","control_informative",0.05,5,0.01,"","mirage_joint","trait1","pp08_fdp",0.8,0
20260841,29,500,15,3000,3000,3000,3000,"fast","control_informative",0.05,5,0.01,"","mirage_joint","trait1","pp08_discoveries",0.8,3
20260841,29,500,15,3000,3000,3000,3000,"fast","control_informative",0.05,5,0.01,"","mirage_joint","trait2","pp08_power",0.8,0.1
20260841,29,500,15,3000,3000,3000,3000,"fast","control_informative",0.05,5,0.01,"","mirage_joint","trait2","pp08_fdp",0.8,0.666666666666667
20260841,29,500,15,3000,3000,3000,3000,"fast","control_informative",0.05,5,0.01,"","mirage_joint","trait2","pp08_discoveries",0.8,3
20260841,29,500,15,3000,3000,3000,3000,"fast","control_informative",0.05,5,0.01,"","mirage_joint","pleiotropy","pp08_power",0.8,0.2
20260841,29,500,15,3000,3000,3000,3000,"fast","control_informative",0.05,5,0.01,"","mirage_joint","pleiotropy","pp08_fdp",0.8,0.666666666666667
20260841,29,500,15,3000,3000,3000,3000,"fast","control_informative",0.05,5,0.01,"","mirage_joint","pleiotropy","pp08_discoveries",0.8,3
20260841,29,500,15,3000,3000,3000,3000,"fast","control_informative",0.05,5,0.01,"","mirage_joint","trait1","bfdr_observed_fdp",0.01,0
20260841,29,500,15,3000,3000,3000,3000,"fast","control_informative",0.05,5,0.01,"","mirage_joint","trait1","bfdr_estimate",0.01,0.00683432997030301
20260841,29,500,15,3000,3000,3000,3000,"fast","control_informative",0.05,5,0.01,"","mirage_joint","trait1","bfdr_power",0.01,0.12
20260841,29,500,15,3000,3000,3000,3000,"fast","control_informative",0.05,5,0.01,"","mirage_joint","trait1","bfdr_discoveries",0.01,3
20260841,29,500,15,3000,3000,3000,3000,"fast","control_informative",0.05,5,0.01,"","mirage_joint","trait1","bfdr_observed_fdp",0.05,0
20260841,29,500,15,3000,3000,3000,3000,"fast","control_informative",0.05,5,0.01,"","mirage_joint","trait1","bfdr_estimate",0.05,0.00683432997030301
20260841,29,500,15,3000,3000,3000,3000,"fast","control_informative",0.05,5,0.01,"","mirage_joint","trait1","bfdr_power",0.05,0.12
20260841,29,500,15,3000,3000,3000,3000,"fast","control_informative",0.05,5,0.01,"","mirage_joint","trait1","bfdr_discoveries",0.05,3
20260841,29,500,15,3000,3000,3000,3000,"fast","control_informative",0.05,5,0.01,"","mirage_joint","trait1","bfdr_observed_fdp",0.1,0.25
20260841,29,500,15,3000,3000,3000,3000,"fast","control_informative",0.05,5,0.01,"","mirage_joint","trait1","bfdr_estimate",0.1,0.061267484458106
20260841,29,500,15,3000,3000,3000,3000,"fast","control_informative",0.05,5,0.01,"","mirage_joint","trait1","bfdr_power",0.1,0.12
20260841,29,500,15,3000,3000,3000,3000,"fast","control_informative",0.05,5,0.01,"","mirage_joint","trait1","bfdr_discoveries",0.1,4
20260841,29,500,15,3000,3000,3000,3000,"fast","control_informative",0.05,5,0.01,"","mirage_joint","trait1","bfdr_observed_fdp",0.2,0.333333333333333
20260841,29,500,15,3000,3000,3000,3000,"fast","control_informative",0.05,5,0.01,"","mirage_joint","trait1","bfdr_estimate",0.2,0.162260723247502
20260841,29,500,15,3000,3000,3000,3000,"fast","control_informative",0.05,5,0.01,"","mirage_joint","trait1","bfdr_power",0.2,0.16
20260841,29,500,15,3000,3000,3000,3000,"fast","control_informative",0.05,5,0.01,"","mirage_joint","trait1","bfdr_discoveries",0.2,6
20260841,29,500,15,3000,3000,3000,3000,"fast","control_informative",0.05,5,0.01,"","mirage_joint","trait2","bfdr_observed_fdp",0.01,0
20260841,29,500,15,3000,3000,3000,3000,"fast","control_informative",0.05,5,0.01,"","mirage_joint","trait2","bfdr_estimate",0.01,1.52249455442899e-06
20260841,29,500,15,3000,3000,3000,3000,"fast","control_informative",0.05,5,0.01,"","mirage_joint","trait2","bfdr_power",0.01,0.1
20260841,29,500,15,3000,3000,3000,3000,"fast","control_informative",0.05,5,0.01,"","mirage_joint","trait2","bfdr_discoveries",0.01,1
20260841,29,500,15,3000,3000,3000,3000,"fast","control_informative",0.05,5,0.01,"","mirage_joint","trait2","bfdr_observed_fdp",0.05,0
20260841,29,500,15,3000,3000,3000,3000,"fast","control_informative",0.05,5,0.01,"","mirage_joint","trait2","bfdr_estimate",0.05,1.52249455442899e-06
20260841,29,500,15,3000,3000,3000,3000,"fast","control_informative",0.05,5,0.01,"","mirage_joint","trait2","bfdr_power",0.05,0.1
20260841,29,500,15,3000,3000,3000,3000,"fast","control_informative",0.05,5,0.01,"","mirage_joint","trait2","bfdr_discoveries",0.05,1
20260841,29,500,15,3000,3000,3000,3000,"fast","control_informative",0.05,5,0.01,"","mirage_joint","trait2","bfdr_observed_fdp",0.1,0.5
20260841,29,500,15,3000,3000,3000,3000,"fast","control_informative",0.05,5,0.01,"","mirage_joint","trait2","bfdr_estimate",0.1,0.0625187022708776
20260841,29,500,15,3000,3000,3000,3000,"fast","control_informative",0.05,5,0.01,"","mirage_joint","trait2","bfdr_power",0.1,0.1
20260841,29,500,15,3000,3000,3000,3000,"fast","control_informative",0.05,5,0.01,"","mirage_joint","trait2","bfdr_discoveries",0.1,2
20260841,29,500,15,3000,3000,3000,3000,"fast","control_informative",0.05,5,0.01,"","mirage_joint","trait2","bfdr_observed_fdp",0.2,0.75
20260841,29,500,15,3000,3000,3000,3000,"fast","control_informative",0.05,5,0.01,"","mirage_joint","trait2","bfdr_estimate",0.2,0.162488440505106
20260841,29,500,15,3000,3000,3000,3000,"fast","control_informative",0.05,5,0.01,"","mirage_joint","trait2","bfdr_power",0.2,0.1
20260841,29,500,15,3000,3000,3000,3000,"fast","control_informative",0.05,5,0.01,"","mirage_joint","trait2","bfdr_discoveries",0.2,4
20260841,29,500,15,3000,3000,3000,3000,"fast","control_informative",0.05,5,0.01,"","mirage_joint","pleiotropy","bfdr_observed_fdp",0.01,0
20260841,29,500,15,3000,3000,3000,3000,"fast","control_informative",0.05,5,0.01,"","mirage_joint","pleiotropy","bfdr_estimate",0.01,0.00811688672900501
20260841,29,500,15,3000,3000,3000,3000,"fast","control_informative",0.05,5,0.01,"","mirage_joint","pleiotropy","bfdr_power",0.01,0.2
20260841,29,500,15,3000,3000,3000,3000,"fast","control_informative",0.05,5,0.01,"","mirage_joint","pleiotropy","bfdr_discoveries",0.01,1
20260841,29,500,15,3000,3000,3000,3000,"fast","control_informative",0.05,5,0.01,"","mirage_joint","pleiotropy","bfdr_observed_fdp",0.05,0
20260841,29,500,15,3000,3000,3000,3000,"fast","control_informative",0.05,5,0.01,"","mirage_joint","pleiotropy","bfdr_estimate",0.05,0.00811688672900501
20260841,29,500,15,3000,3000,3000,3000,"fast","control_informative",0.05,5,0.01,"","mirage_joint","pleiotropy","bfdr_power",0.05,0.2
20260841,29,500,15,3000,3000,3000,3000,"fast","control_informative",0.05,5,0.01,"","mirage_joint","pleiotropy","bfdr_discoveries",0.05,1
20260841,29,500,15,3000,3000,3000,3000,"fast","control_informative",0.05,5,0.01,"","mirage_joint","pleiotropy","bfdr_observed_fdp",0.1,0.5
20260841,29,500,15,3000,3000,3000,3000,"fast","control_informative",0.05,5,0.01,"","mirage_joint","pleiotropy","bfdr_estimate",0.1,0.0666372933562394
20260841,29,500,15,3000,3000,3000,3000,"fast","control_informative",0.05,5,0.01,"","mirage_joint","pleiotropy","bfdr_power",0.1,0.2
20260841,29,500,15,3000,3000,3000,3000,"fast","control_informative",0.05,5,0.01,"","mirage_joint","pleiotropy","bfdr_discoveries",0.1,2
20260841,29,500,15,3000,3000,3000,3000,"fast","control_informative",0.05,5,0.01,"","mirage_joint","pleiotropy","bfdr_observed_fdp",0.2,0.75
20260841,29,500,15,3000,3000,3000,3000,"fast","control_informative",0.05,5,0.01,"","mirage_joint","pleiotropy","bfdr_estimate",0.2,0.164971948244664
20260841,29,500,15,3000,3000,3000,3000,"fast","control_informative",0.05,5,0.01,"","mirage_joint","pleiotropy","bfdr_power",0.2,0.2
20260841,29,500,15,3000,3000,3000,3000,"fast","control_informative",0.05,5,0.01,"","mirage_joint","pleiotropy","bfdr_discoveries",0.2,4
20260841,29,500,15,3000,3000,3000,3000,"fast","control_informative",0.05,5,0.01,"","mirage_joint","global","runtime_seconds",NA,17.999
20260841,29,500,15,3000,3000,3000,3000,"fast","control_informative",0.05,5,0.01,"","mirage_joint","pleiotropy","pi11_estimate",NA,0.0740614308374955
20260841,29,500,15,3000,3000,3000,3000,"fast","control_informative",0.05,5,0.01,"","separate_mirage","trait1","auc",NA,0.667536842105263
20260841,29,500,15,3000,3000,3000,3000,"fast","control_informative",0.05,5,0.01,"","separate_mirage","trait2","auc",NA,0.561836734693878
20260841,29,500,15,3000,3000,3000,3000,"fast","control_informative",0.05,5,0.01,"","separate_mirage","pleiotropy","auc",NA,0.498585858585859
20260841,29,500,15,3000,3000,3000,3000,"fast","control_informative",0.05,5,0.01,"","separate_mirage","trait1","pp08_power",0.8,0.08
20260841,29,500,15,3000,3000,3000,3000,"fast","control_informative",0.05,5,0.01,"","separate_mirage","trait1","pp08_fdp",0.8,0
20260841,29,500,15,3000,3000,3000,3000,"fast","control_informative",0.05,5,0.01,"","separate_mirage","trait1","pp08_discoveries",0.8,2
20260841,29,500,15,3000,3000,3000,3000,"fast","control_informative",0.05,5,0.01,"","separate_mirage","trait2","pp08_power",0.8,0.1
20260841,29,500,15,3000,3000,3000,3000,"fast","control_informative",0.05,5,0.01,"","separate_mirage","trait2","pp08_fdp",0.8,0
20260841,29,500,15,3000,3000,3000,3000,"fast","control_informative",0.05,5,0.01,"","separate_mirage","trait2","pp08_discoveries",0.8,1
20260841,29,500,15,3000,3000,3000,3000,"fast","control_informative",0.05,5,0.01,"","separate_mirage","pleiotropy","pp08_power",0.8,0
20260841,29,500,15,3000,3000,3000,3000,"fast","control_informative",0.05,5,0.01,"","separate_mirage","pleiotropy","pp08_fdp",0.8,0
20260841,29,500,15,3000,3000,3000,3000,"fast","control_informative",0.05,5,0.01,"","separate_mirage","pleiotropy","pp08_discoveries",0.8,0
20260841,29,500,15,3000,3000,3000,3000,"fast","control_informative",0.05,5,0.01,"","separate_mirage","trait1","bfdr_observed_fdp",0.01,0
20260841,29,500,15,3000,3000,3000,3000,"fast","control_informative",0.05,5,0.01,"","separate_mirage","trait1","bfdr_estimate",0.01,0.000422009437994197
20260841,29,500,15,3000,3000,3000,3000,"fast","control_informative",0.05,5,0.01,"","separate_mirage","trait1","bfdr_power",0.01,0.04
20260841,29,500,15,3000,3000,3000,3000,"fast","control_informative",0.05,5,0.01,"","separate_mirage","trait1","bfdr_discoveries",0.01,1
20260841,29,500,15,3000,3000,3000,3000,"fast","control_informative",0.05,5,0.01,"","separate_mirage","trait1","bfdr_observed_fdp",0.05,0
20260841,29,500,15,3000,3000,3000,3000,"fast","control_informative",0.05,5,0.01,"","separate_mirage","trait1","bfdr_estimate",0.05,0.0113784638774603
20260841,29,500,15,3000,3000,3000,3000,"fast","control_informative",0.05,5,0.01,"","separate_mirage","trait1","bfdr_power",0.05,0.08
20260841,29,500,15,3000,3000,3000,3000,"fast","control_informative",0.05,5,0.01,"","separate_mirage","trait1","bfdr_discoveries",0.05,2
20260841,29,500,15,3000,3000,3000,3000,"fast","control_informative",0.05,5,0.01,"","separate_mirage","trait1","bfdr_observed_fdp",0.1,0.333333333333333
20260841,29,500,15,3000,3000,3000,3000,"fast","control_informative",0.05,5,0.01,"","separate_mirage","trait1","bfdr_estimate",0.1,0.0965068944671949
20260841,29,500,15,3000,3000,3000,3000,"fast","control_informative",0.05,5,0.01,"","separate_mirage","trait1","bfdr_power",0.1,0.08
20260841,29,500,15,3000,3000,3000,3000,"fast","control_informative",0.05,5,0.01,"","separate_mirage","trait1","bfdr_discoveries",0.1,3
20260841,29,500,15,3000,3000,3000,3000,"fast","control_informative",0.05,5,0.01,"","separate_mirage","trait1","bfdr_observed_fdp",0.2,0.25
20260841,29,500,15,3000,3000,3000,3000,"fast","control_informative",0.05,5,0.01,"","separate_mirage","trait1","bfdr_estimate",0.2,0.174745650574047
20260841,29,500,15,3000,3000,3000,3000,"fast","control_informative",0.05,5,0.01,"","separate_mirage","trait1","bfdr_power",0.2,0.12
20260841,29,500,15,3000,3000,3000,3000,"fast","control_informative",0.05,5,0.01,"","separate_mirage","trait1","bfdr_discoveries",0.2,4
20260841,29,500,15,3000,3000,3000,3000,"fast","control_informative",0.05,5,0.01,"","separate_mirage","trait2","bfdr_observed_fdp",0.01,0
20260841,29,500,15,3000,3000,3000,3000,"fast","control_informative",0.05,5,0.01,"","separate_mirage","trait2","bfdr_estimate",0.01,2.54839222102454e-05
20260841,29,500,15,3000,3000,3000,3000,"fast","control_informative",0.05,5,0.01,"","separate_mirage","trait2","bfdr_power",0.01,0.1
20260841,29,500,15,3000,3000,3000,3000,"fast","control_informative",0.05,5,0.01,"","separate_mirage","trait2","bfdr_discoveries",0.01,1
20260841,29,500,15,3000,3000,3000,3000,"fast","control_informative",0.05,5,0.01,"","separate_mirage","trait2","bfdr_observed_fdp",0.05,0
20260841,29,500,15,3000,3000,3000,3000,"fast","control_informative",0.05,5,0.01,"","separate_mirage","trait2","bfdr_estimate",0.05,2.54839222102454e-05
20260841,29,500,15,3000,3000,3000,3000,"fast","control_informative",0.05,5,0.01,"","separate_mirage","trait2","bfdr_power",0.05,0.1
20260841,29,500,15,3000,3000,3000,3000,"fast","control_informative",0.05,5,0.01,"","separate_mirage","trait2","bfdr_discoveries",0.05,1
20260841,29,500,15,3000,3000,3000,3000,"fast","control_informative",0.05,5,0.01,"","separate_mirage","trait2","bfdr_observed_fdp",0.1,0
20260841,29,500,15,3000,3000,3000,3000,"fast","control_informative",0.05,5,0.01,"","separate_mirage","trait2","bfdr_estimate",0.1,2.54839222102454e-05
20260841,29,500,15,3000,3000,3000,3000,"fast","control_informative",0.05,5,0.01,"","separate_mirage","trait2","bfdr_power",0.1,0.1
20260841,29,500,15,3000,3000,3000,3000,"fast","control_informative",0.05,5,0.01,"","separate_mirage","trait2","bfdr_discoveries",0.1,1
20260841,29,500,15,3000,3000,3000,3000,"fast","control_informative",0.05,5,0.01,"","separate_mirage","trait2","bfdr_observed_fdp",0.2,0
20260841,29,500,15,3000,3000,3000,3000,"fast","control_informative",0.05,5,0.01,"","separate_mirage","trait2","bfdr_estimate",0.2,2.54839222102454e-05
20260841,29,500,15,3000,3000,3000,3000,"fast","control_informative",0.05,5,0.01,"","separate_mirage","trait2","bfdr_power",0.2,0.1
20260841,29,500,15,3000,3000,3000,3000,"fast","control_informative",0.05,5,0.01,"","separate_mirage","trait2","bfdr_discoveries",0.2,1
20260841,29,500,15,3000,3000,3000,3000,"fast","control_informative",0.05,5,0.01,"","separate_mirage","pleiotropy","bfdr_observed_fdp",0.01,0
20260841,29,500,15,3000,3000,3000,3000,"fast","control_informative",0.05,5,0.01,"","separate_mirage","pleiotropy","bfdr_estimate",0.01,0
20260841,29,500,15,3000,3000,3000,3000,"fast","control_informative",0.05,5,0.01,"","separate_mirage","pleiotropy","bfdr_power",0.01,0
20260841,29,500,15,3000,3000,3000,3000,"fast","control_informative",0.05,5,0.01,"","separate_mirage","pleiotropy","bfdr_discoveries",0.01,0
20260841,29,500,15,3000,3000,3000,3000,"fast","control_informative",0.05,5,0.01,"","separate_mirage","pleiotropy","bfdr_observed_fdp",0.05,0
20260841,29,500,15,3000,3000,3000,3000,"fast","control_informative",0.05,5,0.01,"","separate_mirage","pleiotropy","bfdr_estimate",0.05,0
20260841,29,500,15,3000,3000,3000,3000,"fast","control_informative",0.05,5,0.01,"","separate_mirage","pleiotropy","bfdr_power",0.05,0
20260841,29,500,15,3000,3000,3000,3000,"fast","control_informative",0.05,5,0.01,"","separate_mirage","pleiotropy","bfdr_discoveries",0.05,0
20260841,29,500,15,3000,3000,3000,3000,"fast","control_informative",0.05,5,0.01,"","separate_mirage","pleiotropy","bfdr_observed_fdp",0.1,0
20260841,29,500,15,3000,3000,3000,3000,"fast","control_informative",0.05,5,0.01,"","separate_mirage","pleiotropy","bfdr_estimate",0.1,0
20260841,29,500,15,3000,3000,3000,3000,"fast","control_informative",0.05,5,0.01,"","separate_mirage","pleiotropy","bfdr_power",0.1,0
20260841,29,500,15,3000,3000,3000,3000,"fast","control_informative",0.05,5,0.01,"","separate_mirage","pleiotropy","bfdr_discoveries",0.1,0
20260841,29,500,15,3000,3000,3000,3000,"fast","control_informative",0.05,5,0.01,"","separate_mirage","pleiotropy","bfdr_observed_fdp",0.2,0
20260841,29,500,15,3000,3000,3000,3000,"fast","control_informative",0.05,5,0.01,"","separate_mirage","pleiotropy","bfdr_estimate",0.2,0
20260841,29,500,15,3000,3000,3000,3000,"fast","control_informative",0.05,5,0.01,"","separate_mirage","pleiotropy","bfdr_power",0.2,0
20260841,29,500,15,3000,3000,3000,3000,"fast","control_informative",0.05,5,0.01,"","separate_mirage","pleiotropy","bfdr_discoveries",0.2,0
20260841,29,500,15,3000,3000,3000,3000,"fast","control_informative",0.05,5,0.01,"","separate_mirage","global","runtime_seconds",NA,17.99
20260841,29,500,15,3000,3000,3000,3000,"fast","control_informative",0.05,5,0.01,"","separate_mirage","pleiotropy","pi11_estimate",NA,0.001
20260841,29,500,15,3000,3000,3000,3000,"fast","control_informative",0.05,5,0.01,"","mtada_aggregated","trait1","auc",NA,0.596463157894737
20260841,29,500,15,3000,3000,3000,3000,"fast","control_informative",0.05,5,0.01,"","mtada_aggregated","trait2","auc",NA,0.595612244897959
20260841,29,500,15,3000,3000,3000,3000,"fast","control_informative",0.05,5,0.01,"","mtada_aggregated","pleiotropy","auc",NA,0.632727272727273
20260841,29,500,15,3000,3000,3000,3000,"fast","control_informative",0.05,5,0.01,"","mtada_aggregated","trait1","pp08_power",0.8,0.32
20260841,29,500,15,3000,3000,3000,3000,"fast","control_informative",0.05,5,0.01,"","mtada_aggregated","trait1","pp08_fdp",0.8,0.843137254901961
20260841,29,500,15,3000,3000,3000,3000,"fast","control_informative",0.05,5,0.01,"","mtada_aggregated","trait1","pp08_discoveries",0.8,51
20260841,29,500,15,3000,3000,3000,3000,"fast","control_informative",0.05,5,0.01,"","mtada_aggregated","trait2","pp08_power",0.8,0.2
20260841,29,500,15,3000,3000,3000,3000,"fast","control_informative",0.05,5,0.01,"","mtada_aggregated","trait2","pp08_fdp",0.8,0.93939393939394
20260841,29,500,15,3000,3000,3000,3000,"fast","control_informative",0.05,5,0.01,"","mtada_aggregated","trait2","pp08_discoveries",0.8,33
20260841,29,500,15,3000,3000,3000,3000,"fast","control_informative",0.05,5,0.01,"","mtada_aggregated","pleiotropy","pp08_power",0.8,0.2
20260841,29,500,15,3000,3000,3000,3000,"fast","control_informative",0.05,5,0.01,"","mtada_aggregated","pleiotropy","pp08_fdp",0.8,0.8
20260841,29,500,15,3000,3000,3000,3000,"fast","control_informative",0.05,5,0.01,"","mtada_aggregated","pleiotropy","pp08_discoveries",0.8,5
20260841,29,500,15,3000,3000,3000,3000,"fast","control_informative",0.05,5,0.01,"","mtada_aggregated","trait1","bfdr_observed_fdp",0.01,0.826086956521739
20260841,29,500,15,3000,3000,3000,3000,"fast","control_informative",0.05,5,0.01,"","mtada_aggregated","trait1","bfdr_estimate",0.01,0.00987222288283506
20260841,29,500,15,3000,3000,3000,3000,"fast","control_informative",0.05,5,0.01,"","mtada_aggregated","trait1","bfdr_power",0.01,0.32
20260841,29,500,15,3000,3000,3000,3000,"fast","control_informative",0.05,5,0.01,"","mtada_aggregated","trait1","bfdr_discoveries",0.01,46
20260841,29,500,15,3000,3000,3000,3000,"fast","control_informative",0.05,5,0.01,"","mtada_aggregated","trait1","bfdr_observed_fdp",0.05,0.859649122807018
20260841,29,500,15,3000,3000,3000,3000,"fast","control_informative",0.05,5,0.01,"","mtada_aggregated","trait1","bfdr_estimate",0.05,0.0475610146762183
20260841,29,500,15,3000,3000,3000,3000,"fast","control_informative",0.05,5,0.01,"","mtada_aggregated","trait1","bfdr_power",0.05,0.32
20260841,29,500,15,3000,3000,3000,3000,"fast","control_informative",0.05,5,0.01,"","mtada_aggregated","trait1","bfdr_discoveries",0.05,57
20260841,29,500,15,3000,3000,3000,3000,"fast","control_informative",0.05,5,0.01,"","mtada_aggregated","trait1","bfdr_observed_fdp",0.1,0.857142857142857
20260841,29,500,15,3000,3000,3000,3000,"fast","control_informative",0.05,5,0.01,"","mtada_aggregated","trait1","bfdr_estimate",0.1,0.0937769795429967
20260841,29,500,15,3000,3000,3000,3000,"fast","control_informative",0.05,5,0.01,"","mtada_aggregated","trait1","bfdr_power",0.1,0.36
20260841,29,500,15,3000,3000,3000,3000,"fast","control_informative",0.05,5,0.01,"","mtada_aggregated","trait1","bfdr_discoveries",0.1,63
20260841,29,500,15,3000,3000,3000,3000,"fast","control_informative",0.05,5,0.01,"","mtada_aggregated","trait1","bfdr_observed_fdp",0.2,0.866666666666667
20260841,29,500,15,3000,3000,3000,3000,"fast","control_informative",0.05,5,0.01,"","mtada_aggregated","trait1","bfdr_estimate",0.2,0.196404348755274
20260841,29,500,15,3000,3000,3000,3000,"fast","control_informative",0.05,5,0.01,"","mtada_aggregated","trait1","bfdr_power",0.2,0.4
20260841,29,500,15,3000,3000,3000,3000,"fast","control_informative",0.05,5,0.01,"","mtada_aggregated","trait1","bfdr_discoveries",0.2,75
20260841,29,500,15,3000,3000,3000,3000,"fast","control_informative",0.05,5,0.01,"","mtada_aggregated","trait2","bfdr_observed_fdp",0.01,0.933333333333333
20260841,29,500,15,3000,3000,3000,3000,"fast","control_informative",0.05,5,0.01,"","mtada_aggregated","trait2","bfdr_estimate",0.01,0.00626172779434242
20260841,29,500,15,3000,3000,3000,3000,"fast","control_informative",0.05,5,0.01,"","mtada_aggregated","trait2","bfdr_power",0.01,0.2
20260841,29,500,15,3000,3000,3000,3000,"fast","control_informative",0.05,5,0.01,"","mtada_aggregated","trait2","bfdr_discoveries",0.01,30
20260841,29,500,15,3000,3000,3000,3000,"fast","control_informative",0.05,5,0.01,"","mtada_aggregated","trait2","bfdr_observed_fdp",0.05,0.942857142857143
20260841,29,500,15,3000,3000,3000,3000,"fast","control_informative",0.05,5,0.01,"","mtada_aggregated","trait2","bfdr_estimate",0.05,0.0425888059519855
20260841,29,500,15,3000,3000,3000,3000,"fast","control_informative",0.05,5,0.01,"","mtada_aggregated","trait2","bfdr_power",0.05,0.2
20260841,29,500,15,3000,3000,3000,3000,"fast","control_informative",0.05,5,0.01,"","mtada_aggregated","trait2","bfdr_discoveries",0.05,35
20260841,29,500,15,3000,3000,3000,3000,"fast","control_informative",0.05,5,0.01,"","mtada_aggregated","trait2","bfdr_observed_fdp",0.1,0.947368421052632
20260841,29,500,15,3000,3000,3000,3000,"fast","control_informative",0.05,5,0.01,"","mtada_aggregated","trait2","bfdr_estimate",0.1,0.087045338027225
20260841,29,500,15,3000,3000,3000,3000,"fast","control_informative",0.05,5,0.01,"","mtada_aggregated","trait2","bfdr_power",0.1,0.2
20260841,29,500,15,3000,3000,3000,3000,"fast","control_informative",0.05,5,0.01,"","mtada_aggregated","trait2","bfdr_discoveries",0.1,38
20260841,29,500,15,3000,3000,3000,3000,"fast","control_informative",0.05,5,0.01,"","mtada_aggregated","trait2","bfdr_observed_fdp",0.2,0.955555555555556
20260841,29,500,15,3000,3000,3000,3000,"fast","control_informative",0.05,5,0.01,"","mtada_aggregated","trait2","bfdr_estimate",0.2,0.191500836154975
20260841,29,500,15,3000,3000,3000,3000,"fast","control_informative",0.05,5,0.01,"","mtada_aggregated","trait2","bfdr_power",0.2,0.2
20260841,29,500,15,3000,3000,3000,3000,"fast","control_informative",0.05,5,0.01,"","mtada_aggregated","trait2","bfdr_discoveries",0.2,45
20260841,29,500,15,3000,3000,3000,3000,"fast","control_informative",0.05,5,0.01,"","mtada_aggregated","pleiotropy","bfdr_observed_fdp",0.01,0.75
20260841,29,500,15,3000,3000,3000,3000,"fast","control_informative",0.05,5,0.01,"","mtada_aggregated","pleiotropy","bfdr_estimate",0.01,0.00244123811959351
20260841,29,500,15,3000,3000,3000,3000,"fast","control_informative",0.05,5,0.01,"","mtada_aggregated","pleiotropy","bfdr_power",0.01,0.2
20260841,29,500,15,3000,3000,3000,3000,"fast","control_informative",0.05,5,0.01,"","mtada_aggregated","pleiotropy","bfdr_discoveries",0.01,4
20260841,29,500,15,3000,3000,3000,3000,"fast","control_informative",0.05,5,0.01,"","mtada_aggregated","pleiotropy","bfdr_observed_fdp",0.05,0.8
20260841,29,500,15,3000,3000,3000,3000,"fast","control_informative",0.05,5,0.01,"","mtada_aggregated","pleiotropy","bfdr_estimate",0.05,0.0118931928381318
20260841,29,500,15,3000,3000,3000,3000,"fast","control_informative",0.05,5,0.01,"","mtada_aggregated","pleiotropy","bfdr_power",0.05,0.2
20260841,29,500,15,3000,3000,3000,3000,"fast","control_informative",0.05,5,0.01,"","mtada_aggregated","pleiotropy","bfdr_discoveries",0.05,5
20260841,29,500,15,3000,3000,3000,3000,"fast","control_informative",0.05,5,0.01,"","mtada_aggregated","pleiotropy","bfdr_observed_fdp",0.1,0.833333333333333
20260841,29,500,15,3000,3000,3000,3000,"fast","control_informative",0.05,5,0.01,"","mtada_aggregated","pleiotropy","bfdr_estimate",0.1,0.0602592704211407
20260841,29,500,15,3000,3000,3000,3000,"fast","control_informative",0.05,5,0.01,"","mtada_aggregated","pleiotropy","bfdr_power",0.1,0.2
20260841,29,500,15,3000,3000,3000,3000,"fast","control_informative",0.05,5,0.01,"","mtada_aggregated","pleiotropy","bfdr_discoveries",0.1,6
20260841,29,500,15,3000,3000,3000,3000,"fast","control_informative",0.05,5,0.01,"","mtada_aggregated","pleiotropy","bfdr_observed_fdp",0.2,0.857142857142857
20260841,29,500,15,3000,3000,3000,3000,"fast","control_informative",0.05,5,0.01,"","mtada_aggregated","pleiotropy","bfdr_estimate",0.2,0.1459160655994
20260841,29,500,15,3000,3000,3000,3000,"fast","control_informative",0.05,5,0.01,"","mtada_aggregated","pleiotropy","bfdr_power",0.2,0.2
20260841,29,500,15,3000,3000,3000,3000,"fast","control_informative",0.05,5,0.01,"","mtada_aggregated","pleiotropy","bfdr_discoveries",0.2,7
20260841,29,500,15,3000,3000,3000,3000,"fast","control_informative",0.05,5,0.01,"","mtada_aggregated","global","runtime_seconds",NA,0.810999999999922
20260841,29,500,15,3000,3000,3000,3000,"fast","control_informative",0.05,5,0.01,"","mtada_aggregated","pleiotropy","pi11_estimate",NA,0.00251711
20260842,30,500,15,3000,3000,3000,3000,"fast","control_informative",0.05,5,0.01,"","mirage_joint","trait1","auc",NA,0.625347368421053
20260842,30,500,15,3000,3000,3000,3000,"fast","control_informative",0.05,5,0.01,"","mirage_joint","trait2","auc",NA,0.706938775510204
20260842,30,500,15,3000,3000,3000,3000,"fast","control_informative",0.05,5,0.01,"","mirage_joint","pleiotropy","auc",NA,0.637171717171717
20260842,30,500,15,3000,3000,3000,3000,"fast","control_informative",0.05,5,0.01,"","mirage_joint","trait1","pp08_power",0.8,0.16
20260842,30,500,15,3000,3000,3000,3000,"fast","control_informative",0.05,5,0.01,"","mirage_joint","trait1","pp08_fdp",0.8,0.333333333333333
20260842,30,500,15,3000,3000,3000,3000,"fast","control_informative",0.05,5,0.01,"","mirage_joint","trait1","pp08_discoveries",0.8,6
20260842,30,500,15,3000,3000,3000,3000,"fast","control_informative",0.05,5,0.01,"","mirage_joint","trait2","pp08_power",0.8,0.2
20260842,30,500,15,3000,3000,3000,3000,"fast","control_informative",0.05,5,0.01,"","mirage_joint","trait2","pp08_fdp",0.8,0
20260842,30,500,15,3000,3000,3000,3000,"fast","control_informative",0.05,5,0.01,"","mirage_joint","trait2","pp08_discoveries",0.8,2
20260842,30,500,15,3000,3000,3000,3000,"fast","control_informative",0.05,5,0.01,"","mirage_joint","pleiotropy","pp08_power",0.8,0
20260842,30,500,15,3000,3000,3000,3000,"fast","control_informative",0.05,5,0.01,"","mirage_joint","pleiotropy","pp08_fdp",0.8,0
20260842,30,500,15,3000,3000,3000,3000,"fast","control_informative",0.05,5,0.01,"","mirage_joint","pleiotropy","pp08_discoveries",0.8,0
20260842,30,500,15,3000,3000,3000,3000,"fast","control_informative",0.05,5,0.01,"","mirage_joint","trait1","bfdr_observed_fdp",0.01,0
20260842,30,500,15,3000,3000,3000,3000,"fast","control_informative",0.05,5,0.01,"","mirage_joint","trait1","bfdr_estimate",0.01,0.0088173436317954
20260842,30,500,15,3000,3000,3000,3000,"fast","control_informative",0.05,5,0.01,"","mirage_joint","trait1","bfdr_power",0.01,0.16
20260842,30,500,15,3000,3000,3000,3000,"fast","control_informative",0.05,5,0.01,"","mirage_joint","trait1","bfdr_discoveries",0.01,4
20260842,30,500,15,3000,3000,3000,3000,"fast","control_informative",0.05,5,0.01,"","mirage_joint","trait1","bfdr_observed_fdp",0.05,0.333333333333333
20260842,30,500,15,3000,3000,3000,3000,"fast","control_informative",0.05,5,0.01,"","mirage_joint","trait1","bfdr_estimate",0.05,0.0442873856472884
20260842,30,500,15,3000,3000,3000,3000,"fast","control_informative",0.05,5,0.01,"","mirage_joint","trait1","bfdr_power",0.05,0.16
20260842,30,500,15,3000,3000,3000,3000,"fast","control_informative",0.05,5,0.01,"","mirage_joint","trait1","bfdr_discoveries",0.05,6
20260842,30,500,15,3000,3000,3000,3000,"fast","control_informative",0.05,5,0.01,"","mirage_joint","trait1","bfdr_observed_fdp",0.1,0.285714285714286
20260842,30,500,15,3000,3000,3000,3000,"fast","control_informative",0.05,5,0.01,"","mirage_joint","trait1","bfdr_estimate",0.1,0.0710199652367597
20260842,30,500,15,3000,3000,3000,3000,"fast","control_informative",0.05,5,0.01,"","mirage_joint","trait1","bfdr_power",0.1,0.2
20260842,30,500,15,3000,3000,3000,3000,"fast","control_informative",0.05,5,0.01,"","mirage_joint","trait1","bfdr_discoveries",0.1,7
20260842,30,500,15,3000,3000,3000,3000,"fast","control_informative",0.05,5,0.01,"","mirage_joint","trait1","bfdr_observed_fdp",0.2,0.583333333333333
20260842,30,500,15,3000,3000,3000,3000,"fast","control_informative",0.05,5,0.01,"","mirage_joint","trait1","bfdr_estimate",0.2,0.187008112672465
20260842,30,500,15,3000,3000,3000,3000,"fast","control_informative",0.05,5,0.01,"","mirage_joint","trait1","bfdr_power",0.2,0.2
20260842,30,500,15,3000,3000,3000,3000,"fast","control_informative",0.05,5,0.01,"","mirage_joint","trait1","bfdr_discoveries",0.2,12
20260842,30,500,15,3000,3000,3000,3000,"fast","control_informative",0.05,5,0.01,"","mirage_joint","trait2","bfdr_observed_fdp",0.01,0
20260842,30,500,15,3000,3000,3000,3000,"fast","control_informative",0.05,5,0.01,"","mirage_joint","trait2","bfdr_estimate",0.01,0
20260842,30,500,15,3000,3000,3000,3000,"fast","control_informative",0.05,5,0.01,"","mirage_joint","trait2","bfdr_power",0.01,0
20260842,30,500,15,3000,3000,3000,3000,"fast","control_informative",0.05,5,0.01,"","mirage_joint","trait2","bfdr_discoveries",0.01,0
20260842,30,500,15,3000,3000,3000,3000,"fast","control_informative",0.05,5,0.01,"","mirage_joint","trait2","bfdr_observed_fdp",0.05,0
20260842,30,500,15,3000,3000,3000,3000,"fast","control_informative",0.05,5,0.01,"","mirage_joint","trait2","bfdr_estimate",0.05,0
20260842,30,500,15,3000,3000,3000,3000,"fast","control_informative",0.05,5,0.01,"","mirage_joint","trait2","bfdr_power",0.05,0
20260842,30,500,15,3000,3000,3000,3000,"fast","control_informative",0.05,5,0.01,"","mirage_joint","trait2","bfdr_discoveries",0.05,0
20260842,30,500,15,3000,3000,3000,3000,"fast","control_informative",0.05,5,0.01,"","mirage_joint","trait2","bfdr_observed_fdp",0.1,0
20260842,30,500,15,3000,3000,3000,3000,"fast","control_informative",0.05,5,0.01,"","mirage_joint","trait2","bfdr_estimate",0.1,0
20260842,30,500,15,3000,3000,3000,3000,"fast","control_informative",0.05,5,0.01,"","mirage_joint","trait2","bfdr_power",0.1,0
20260842,30,500,15,3000,3000,3000,3000,"fast","control_informative",0.05,5,0.01,"","mirage_joint","trait2","bfdr_discoveries",0.1,0
20260842,30,500,15,3000,3000,3000,3000,"fast","control_informative",0.05,5,0.01,"","mirage_joint","trait2","bfdr_observed_fdp",0.2,0
20260842,30,500,15,3000,3000,3000,3000,"fast","control_informative",0.05,5,0.01,"","mirage_joint","trait2","bfdr_estimate",0.2,0.141856565778832
20260842,30,500,15,3000,3000,3000,3000,"fast","control_informative",0.05,5,0.01,"","mirage_joint","trait2","bfdr_power",0.2,0.2
20260842,30,500,15,3000,3000,3000,3000,"fast","control_informative",0.05,5,0.01,"","mirage_joint","trait2","bfdr_discoveries",0.2,2
20260842,30,500,15,3000,3000,3000,3000,"fast","control_informative",0.05,5,0.01,"","mirage_joint","pleiotropy","bfdr_observed_fdp",0.01,0
20260842,30,500,15,3000,3000,3000,3000,"fast","control_informative",0.05,5,0.01,"","mirage_joint","pleiotropy","bfdr_estimate",0.01,0
20260842,30,500,15,3000,3000,3000,3000,"fast","control_informative",0.05,5,0.01,"","mirage_joint","pleiotropy","bfdr_power",0.01,0
20260842,30,500,15,3000,3000,3000,3000,"fast","control_informative",0.05,5,0.01,"","mirage_joint","pleiotropy","bfdr_discoveries",0.01,0
20260842,30,500,15,3000,3000,3000,3000,"fast","control_informative",0.05,5,0.01,"","mirage_joint","pleiotropy","bfdr_observed_fdp",0.05,0
20260842,30,500,15,3000,3000,3000,3000,"fast","control_informative",0.05,5,0.01,"","mirage_joint","pleiotropy","bfdr_estimate",0.05,0
20260842,30,500,15,3000,3000,3000,3000,"fast","control_informative",0.05,5,0.01,"","mirage_joint","pleiotropy","bfdr_power",0.05,0
20260842,30,500,15,3000,3000,3000,3000,"fast","control_informative",0.05,5,0.01,"","mirage_joint","pleiotropy","bfdr_discoveries",0.05,0
20260842,30,500,15,3000,3000,3000,3000,"fast","control_informative",0.05,5,0.01,"","mirage_joint","pleiotropy","bfdr_observed_fdp",0.1,0
20260842,30,500,15,3000,3000,3000,3000,"fast","control_informative",0.05,5,0.01,"","mirage_joint","pleiotropy","bfdr_estimate",0.1,0
20260842,30,500,15,3000,3000,3000,3000,"fast","control_informative",0.05,5,0.01,"","mirage_joint","pleiotropy","bfdr_power",0.1,0
20260842,30,500,15,3000,3000,3000,3000,"fast","control_informative",0.05,5,0.01,"","mirage_joint","pleiotropy","bfdr_discoveries",0.1,0
20260842,30,500,15,3000,3000,3000,3000,"fast","control_informative",0.05,5,0.01,"","mirage_joint","pleiotropy","bfdr_observed_fdp",0.2,0
20260842,30,500,15,3000,3000,3000,3000,"fast","control_informative",0.05,5,0.01,"","mirage_joint","pleiotropy","bfdr_estimate",0.2,0
20260842,30,500,15,3000,3000,3000,3000,"fast","control_informative",0.05,5,0.01,"","mirage_joint","pleiotropy","bfdr_power",0.2,0
20260842,30,500,15,3000,3000,3000,3000,"fast","control_informative",0.05,5,0.01,"","mirage_joint","pleiotropy","bfdr_discoveries",0.2,0
20260842,30,500,15,3000,3000,3000,3000,"fast","control_informative",0.05,5,0.01,"","mirage_joint","global","runtime_seconds",NA,17.957
20260842,30,500,15,3000,3000,3000,3000,"fast","control_informative",0.05,5,0.01,"","mirage_joint","pleiotropy","pi11_estimate",NA,0.0378616654336683
20260842,30,500,15,3000,3000,3000,3000,"fast","control_informative",0.05,5,0.01,"","separate_mirage","trait1","auc",NA,0.640168421052632
20260842,30,500,15,3000,3000,3000,3000,"fast","control_informative",0.05,5,0.01,"","separate_mirage","trait2","auc",NA,0.67
20260842,30,500,15,3000,3000,3000,3000,"fast","control_informative",0.05,5,0.01,"","separate_mirage","pleiotropy","auc",NA,0.58020202020202
20260842,30,500,15,3000,3000,3000,3000,"fast","control_informative",0.05,5,0.01,"","separate_mirage","trait1","pp08_power",0.8,0.16
20260842,30,500,15,3000,3000,3000,3000,"fast","control_informative",0.05,5,0.01,"","separate_mirage","trait1","pp08_fdp",0.8,0
20260842,30,500,15,3000,3000,3000,3000,"fast","control_informative",0.05,5,0.01,"","separate_mirage","trait1","pp08_discoveries",0.8,4
20260842,30,500,15,3000,3000,3000,3000,"fast","control_informative",0.05,5,0.01,"","separate_mirage","trait2","pp08_power",0.8,0
20260842,30,500,15,3000,3000,3000,3000,"fast","control_informative",0.05,5,0.01,"","separate_mirage","trait2","pp08_fdp",0.8,0
20260842,30,500,15,3000,3000,3000,3000,"fast","control_informative",0.05,5,0.01,"","separate_mirage","trait2","pp08_discoveries",0.8,0
20260842,30,500,15,3000,3000,3000,3000,"fast","control_informative",0.05,5,0.01,"","separate_mirage","pleiotropy","pp08_power",0.8,0
20260842,30,500,15,3000,3000,3000,3000,"fast","control_informative",0.05,5,0.01,"","separate_mirage","pleiotropy","pp08_fdp",0.8,0
20260842,30,500,15,3000,3000,3000,3000,"fast","control_informative",0.05,5,0.01,"","separate_mirage","pleiotropy","pp08_discoveries",0.8,0
20260842,30,500,15,3000,3000,3000,3000,"fast","control_informative",0.05,5,0.01,"","separate_mirage","trait1","bfdr_observed_fdp",0.01,0
20260842,30,500,15,3000,3000,3000,3000,"fast","control_informative",0.05,5,0.01,"","separate_mirage","trait1","bfdr_estimate",0.01,0.00111518579683501
20260842,30,500,15,3000,3000,3000,3000,"fast","control_informative",0.05,5,0.01,"","separate_mirage","trait1","bfdr_power",0.01,0.08
20260842,30,500,15,3000,3000,3000,3000,"fast","control_informative",0.05,5,0.01,"","separate_mirage","trait1","bfdr_discoveries",0.01,2
20260842,30,500,15,3000,3000,3000,3000,"fast","control_informative",0.05,5,0.01,"","separate_mirage","trait1","bfdr_observed_fdp",0.05,0
20260842,30,500,15,3000,3000,3000,3000,"fast","control_informative",0.05,5,0.01,"","separate_mirage","trait1","bfdr_estimate",0.05,0.0198623044226065
20260842,30,500,15,3000,3000,3000,3000,"fast","control_informative",0.05,5,0.01,"","separate_mirage","trait1","bfdr_power",0.05,0.16
20260842,30,500,15,3000,3000,3000,3000,"fast","control_informative",0.05,5,0.01,"","separate_mirage","trait1","bfdr_discoveries",0.05,4
20260842,30,500,15,3000,3000,3000,3000,"fast","control_informative",0.05,5,0.01,"","separate_mirage","trait1","bfdr_observed_fdp",0.1,0.2
20260842,30,500,15,3000,3000,3000,3000,"fast","control_informative",0.05,5,0.01,"","separate_mirage","trait1","bfdr_estimate",0.1,0.0680021720490616
20260842,30,500,15,3000,3000,3000,3000,"fast","control_informative",0.05,5,0.01,"","separate_mirage","trait1","bfdr_power",0.1,0.16
20260842,30,500,15,3000,3000,3000,3000,"fast","control_informative",0.05,5,0.01,"","separate_mirage","trait1","bfdr_discoveries",0.1,5
20260842,30,500,15,3000,3000,3000,3000,"fast","control_informative",0.05,5,0.01,"","separate_mirage","trait1","bfdr_observed_fdp",0.2,0.428571428571429
20260842,30,500,15,3000,3000,3000,3000,"fast","control_informative",0.05,5,0.01,"","separate_mirage","trait1","bfdr_estimate",0.2,0.187175086727924
20260842,30,500,15,3000,3000,3000,3000,"fast","control_informative",0.05,5,0.01,"","separate_mirage","trait1","bfdr_power",0.2,0.16
20260842,30,500,15,3000,3000,3000,3000,"fast","control_informative",0.05,5,0.01,"","separate_mirage","trait1","bfdr_discoveries",0.2,7
20260842,30,500,15,3000,3000,3000,3000,"fast","control_informative",0.05,5,0.01,"","separate_mirage","trait2","bfdr_observed_fdp",0.01,0
20260842,30,500,15,3000,3000,3000,3000,"fast","control_informative",0.05,5,0.01,"","separate_mirage","trait2","bfdr_estimate",0.01,0
20260842,30,500,15,3000,3000,3000,3000,"fast","control_informative",0.05,5,0.01,"","separate_mirage","trait2","bfdr_power",0.01,0
20260842,30,500,15,3000,3000,3000,3000,"fast","control_informative",0.05,5,0.01,"","separate_mirage","trait2","bfdr_discoveries",0.01,0
20260842,30,500,15,3000,3000,3000,3000,"fast","control_informative",0.05,5,0.01,"","separate_mirage","trait2","bfdr_observed_fdp",0.05,0
20260842,30,500,15,3000,3000,3000,3000,"fast","control_informative",0.05,5,0.01,"","separate_mirage","trait2","bfdr_estimate",0.05,0
20260842,30,500,15,3000,3000,3000,3000,"fast","control_informative",0.05,5,0.01,"","separate_mirage","trait2","bfdr_power",0.05,0
20260842,30,500,15,3000,3000,3000,3000,"fast","control_informative",0.05,5,0.01,"","separate_mirage","trait2","bfdr_discoveries",0.05,0
20260842,30,500,15,3000,3000,3000,3000,"fast","control_informative",0.05,5,0.01,"","separate_mirage","trait2","bfdr_observed_fdp",0.1,0
20260842,30,500,15,3000,3000,3000,3000,"fast","control_informative",0.05,5,0.01,"","separate_mirage","trait2","bfdr_estimate",0.1,0
20260842,30,500,15,3000,3000,3000,3000,"fast","control_informative",0.05,5,0.01,"","separate_mirage","trait2","bfdr_power",0.1,0
20260842,30,500,15,3000,3000,3000,3000,"fast","control_informative",0.05,5,0.01,"","separate_mirage","trait2","bfdr_discoveries",0.1,0
20260842,30,500,15,3000,3000,3000,3000,"fast","control_informative",0.05,5,0.01,"","separate_mirage","trait2","bfdr_observed_fdp",0.2,0
20260842,30,500,15,3000,3000,3000,3000,"fast","control_informative",0.05,5,0.01,"","separate_mirage","trait2","bfdr_estimate",0.2,0
20260842,30,500,15,3000,3000,3000,3000,"fast","control_informative",0.05,5,0.01,"","separate_mirage","trait2","bfdr_power",0.2,0
20260842,30,500,15,3000,3000,3000,3000,"fast","control_informative",0.05,5,0.01,"","separate_mirage","trait2","bfdr_discoveries",0.2,0
20260842,30,500,15,3000,3000,3000,3000,"fast","control_informative",0.05,5,0.01,"","separate_mirage","pleiotropy","bfdr_observed_fdp",0.01,0
20260842,30,500,15,3000,3000,3000,3000,"fast","control_informative",0.05,5,0.01,"","separate_mirage","pleiotropy","bfdr_estimate",0.01,0
20260842,30,500,15,3000,3000,3000,3000,"fast","control_informative",0.05,5,0.01,"","separate_mirage","pleiotropy","bfdr_power",0.01,0
20260842,30,500,15,3000,3000,3000,3000,"fast","control_informative",0.05,5,0.01,"","separate_mirage","pleiotropy","bfdr_discoveries",0.01,0
20260842,30,500,15,3000,3000,3000,3000,"fast","control_informative",0.05,5,0.01,"","separate_mirage","pleiotropy","bfdr_observed_fdp",0.05,0
20260842,30,500,15,3000,3000,3000,3000,"fast","control_informative",0.05,5,0.01,"","separate_mirage","pleiotropy","bfdr_estimate",0.05,0
20260842,30,500,15,3000,3000,3000,3000,"fast","control_informative",0.05,5,0.01,"","separate_mirage","pleiotropy","bfdr_power",0.05,0
20260842,30,500,15,3000,3000,3000,3000,"fast","control_informative",0.05,5,0.01,"","separate_mirage","pleiotropy","bfdr_discoveries",0.05,0
20260842,30,500,15,3000,3000,3000,3000,"fast","control_informative",0.05,5,0.01,"","separate_mirage","pleiotropy","bfdr_observed_fdp",0.1,0
20260842,30,500,15,3000,3000,3000,3000,"fast","control_informative",0.05,5,0.01,"","separate_mirage","pleiotropy","bfdr_estimate",0.1,0
20260842,30,500,15,3000,3000,3000,3000,"fast","control_informative",0.05,5,0.01,"","separate_mirage","pleiotropy","bfdr_power",0.1,0
20260842,30,500,15,3000,3000,3000,3000,"fast","control_informative",0.05,5,0.01,"","separate_mirage","pleiotropy","bfdr_discoveries",0.1,0
20260842,30,500,15,3000,3000,3000,3000,"fast","control_informative",0.05,5,0.01,"","separate_mirage","pleiotropy","bfdr_observed_fdp",0.2,0
20260842,30,500,15,3000,3000,3000,3000,"fast","control_informative",0.05,5,0.01,"","separate_mirage","pleiotropy","bfdr_estimate",0.2,0
20260842,30,500,15,3000,3000,3000,3000,"fast","control_informative",0.05,5,0.01,"","separate_mirage","pleiotropy","bfdr_power",0.2,0
20260842,30,500,15,3000,3000,3000,3000,"fast","control_informative",0.05,5,0.01,"","separate_mirage","pleiotropy","bfdr_discoveries",0.2,0
20260842,30,500,15,3000,3000,3000,3000,"fast","control_informative",0.05,5,0.01,"","separate_mirage","global","runtime_seconds",NA,18.01
20260842,30,500,15,3000,3000,3000,3000,"fast","control_informative",0.05,5,0.01,"","separate_mirage","pleiotropy","pi11_estimate",NA,0.001
20260842,30,500,15,3000,3000,3000,3000,"fast","control_informative",0.05,5,0.01,"","mtada_aggregated","trait1","auc",NA,0.720842105263158
20260842,30,500,15,3000,3000,3000,3000,"fast","control_informative",0.05,5,0.01,"","mtada_aggregated","trait2","auc",NA,0.64265306122449
20260842,30,500,15,3000,3000,3000,3000,"fast","control_informative",0.05,5,0.01,"","mtada_aggregated","pleiotropy","auc",NA,0.533737373737374
20260842,30,500,15,3000,3000,3000,3000,"fast","control_informative",0.05,5,0.01,"","mtada_aggregated","trait1","pp08_power",0.8,0.28
20260842,30,500,15,3000,3000,3000,3000,"fast","control_informative",0.05,5,0.01,"","mtada_aggregated","trait1","pp08_fdp",0.8,0.885245901639344
20260842,30,500,15,3000,3000,3000,3000,"fast","control_informative",0.05,5,0.01,"","mtada_aggregated","trait1","pp08_discoveries",0.8,61
20260842,30,500,15,3000,3000,3000,3000,"fast","control_informative",0.05,5,0.01,"","mtada_aggregated","trait2","pp08_power",0.8,0.3
20260842,30,500,15,3000,3000,3000,3000,"fast","control_informative",0.05,5,0.01,"","mtada_aggregated","trait2","pp08_fdp",0.8,0.921052631578947
20260842,30,500,15,3000,3000,3000,3000,"fast","control_informative",0.05,5,0.01,"","mtada_aggregated","trait2","pp08_discoveries",0.8,38
20260842,30,500,15,3000,3000,3000,3000,"fast","control_informative",0.05,5,0.01,"","mtada_aggregated","pleiotropy","pp08_power",0.8,0
20260842,30,500,15,3000,3000,3000,3000,"fast","control_informative",0.05,5,0.01,"","mtada_aggregated","pleiotropy","pp08_fdp",0.8,1
20260842,30,500,15,3000,3000,3000,3000,"fast","control_informative",0.05,5,0.01,"","mtada_aggregated","pleiotropy","pp08_discoveries",0.8,4
20260842,30,500,15,3000,3000,3000,3000,"fast","control_informative",0.05,5,0.01,"","mtada_aggregated","trait1","bfdr_observed_fdp",0.01,0.875
20260842,30,500,15,3000,3000,3000,3000,"fast","control_informative",0.05,5,0.01,"","mtada_aggregated","trait1","bfdr_estimate",0.01,0.008671659545406
20260842,30,500,15,3000,3000,3000,3000,"fast","control_informative",0.05,5,0.01,"","mtada_aggregated","trait1","bfdr_power",0.01,0.28
20260842,30,500,15,3000,3000,3000,3000,"fast","control_informative",0.05,5,0.01,"","mtada_aggregated","trait1","bfdr_discoveries",0.01,56
20260842,30,500,15,3000,3000,3000,3000,"fast","control_informative",0.05,5,0.01,"","mtada_aggregated","trait1","bfdr_observed_fdp",0.05,0.897058823529412
20260842,30,500,15,3000,3000,3000,3000,"fast","control_informative",0.05,5,0.01,"","mtada_aggregated","trait1","bfdr_estimate",0.05,0.0450203679836703
20260842,30,500,15,3000,3000,3000,3000,"fast","control_informative",0.05,5,0.01,"","mtada_aggregated","trait1","bfdr_power",0.05,0.28
20260842,30,500,15,3000,3000,3000,3000,"fast","control_informative",0.05,5,0.01,"","mtada_aggregated","trait1","bfdr_discoveries",0.05,68
20260842,30,500,15,3000,3000,3000,3000,"fast","control_informative",0.05,5,0.01,"","mtada_aggregated","trait1","bfdr_observed_fdp",0.1,0.883116883116883
20260842,30,500,15,3000,3000,3000,3000,"fast","control_informative",0.05,5,0.01,"","mtada_aggregated","trait1","bfdr_estimate",0.1,0.0963506152389793
20260842,30,500,15,3000,3000,3000,3000,"fast","control_informative",0.05,5,0.01,"","mtada_aggregated","trait1","bfdr_power",0.1,0.36
20260842,30,500,15,3000,3000,3000,3000,"fast","control_informative",0.05,5,0.01,"","mtada_aggregated","trait1","bfdr_discoveries",0.1,77
20260842,30,500,15,3000,3000,3000,3000,"fast","control_informative",0.05,5,0.01,"","mtada_aggregated","trait1","bfdr_observed_fdp",0.2,0.857142857142857
20260842,30,500,15,3000,3000,3000,3000,"fast","control_informative",0.05,5,0.01,"","mtada_aggregated","trait1","bfdr_estimate",0.2,0.196217307344046
20260842,30,500,15,3000,3000,3000,3000,"fast","control_informative",0.05,5,0.01,"","mtada_aggregated","trait1","bfdr_power",0.2,0.52
20260842,30,500,15,3000,3000,3000,3000,"fast","control_informative",0.05,5,0.01,"","mtada_aggregated","trait1","bfdr_discoveries",0.2,91
20260842,30,500,15,3000,3000,3000,3000,"fast","control_informative",0.05,5,0.01,"","mtada_aggregated","trait2","bfdr_observed_fdp",0.01,0.931034482758621
20260842,30,500,15,3000,3000,3000,3000,"fast","control_informative",0.05,5,0.01,"","mtada_aggregated","trait2","bfdr_estimate",0.01,0.00948347410101019
20260842,30,500,15,3000,3000,3000,3000,"fast","control_informative",0.05,5,0.01,"","mtada_aggregated","trait2","bfdr_power",0.01,0.2
20260842,30,500,15,3000,3000,3000,3000,"fast","control_informative",0.05,5,0.01,"","mtada_aggregated","trait2","bfdr_discoveries",0.01,29
20260842,30,500,15,3000,3000,3000,3000,"fast","control_informative",0.05,5,0.01,"","mtada_aggregated","trait2","bfdr_observed_fdp",0.05,0.925
20260842,30,500,15,3000,3000,3000,3000,"fast","control_informative",0.05,5,0.01,"","mtada_aggregated","trait2","bfdr_estimate",0.05,0.048597097043991
20260842,30,500,15,3000,3000,3000,3000,"fast","control_informative",0.05,5,0.01,"","mtada_aggregated","trait2","bfdr_power",0.05,0.3
20260842,30,500,15,3000,3000,3000,3000,"fast","control_informative",0.05,5,0.01,"","mtada_aggregated","trait2","bfdr_discoveries",0.05,40
20260842,30,500,15,3000,3000,3000,3000,"fast","control_informative",0.05,5,0.01,"","mtada_aggregated","trait2","bfdr_observed_fdp",0.1,0.933333333333333
20260842,30,500,15,3000,3000,3000,3000,"fast","control_informative",0.05,5,0.01,"","mtada_aggregated","trait2","bfdr_estimate",0.1,0.0922877148484259
20260842,30,500,15,3000,3000,3000,3000,"fast","control_informative",0.05,5,0.01,"","mtada_aggregated","trait2","bfdr_power",0.1,0.3
20260842,30,500,15,3000,3000,3000,3000,"fast","control_informative",0.05,5,0.01,"","mtada_aggregated","trait2","bfdr_discoveries",0.1,45
20260842,30,500,15,3000,3000,3000,3000,"fast","control_informative",0.05,5,0.01,"","mtada_aggregated","trait2","bfdr_observed_fdp",0.2,0.928571428571429
20260842,30,500,15,3000,3000,3000,3000,"fast","control_informative",0.05,5,0.01,"","mtada_aggregated","trait2","bfdr_estimate",0.2,0.194121578412712
20260842,30,500,15,3000,3000,3000,3000,"fast","control_informative",0.05,5,0.01,"","mtada_aggregated","trait2","bfdr_power",0.2,0.4
20260842,30,500,15,3000,3000,3000,3000,"fast","control_informative",0.05,5,0.01,"","mtada_aggregated","trait2","bfdr_discoveries",0.2,56
20260842,30,500,15,3000,3000,3000,3000,"fast","control_informative",0.05,5,0.01,"","mtada_aggregated","pleiotropy","bfdr_observed_fdp",0.01,1
20260842,30,500,15,3000,3000,3000,3000,"fast","control_informative",0.05,5,0.01,"","mtada_aggregated","pleiotropy","bfdr_estimate",0.01,8.69109355243018e-06
20260842,30,500,15,3000,3000,3000,3000,"fast","control_informative",0.05,5,0.01,"","mtada_aggregated","pleiotropy","bfdr_power",0.01,0
20260842,30,500,15,3000,3000,3000,3000,"fast","control_informative",0.05,5,0.01,"","mtada_aggregated","pleiotropy","bfdr_discoveries",0.01,3
20260842,30,500,15,3000,3000,3000,3000,"fast","control_informative",0.05,5,0.01,"","mtada_aggregated","pleiotropy","bfdr_observed_fdp",0.05,1
20260842,30,500,15,3000,3000,3000,3000,"fast","control_informative",0.05,5,0.01,"","mtada_aggregated","pleiotropy","bfdr_estimate",0.05,0.012882345869144
20260842,30,500,15,3000,3000,3000,3000,"fast","control_informative",0.05,5,0.01,"","mtada_aggregated","pleiotropy","bfdr_power",0.05,0
20260842,30,500,15,3000,3000,3000,3000,"fast","control_informative",0.05,5,0.01,"","mtada_aggregated","pleiotropy","bfdr_discoveries",0.05,4
20260842,30,500,15,3000,3000,3000,3000,"fast","control_informative",0.05,5,0.01,"","mtada_aggregated","pleiotropy","bfdr_observed_fdp",0.1,1
20260842,30,500,15,3000,3000,3000,3000,"fast","control_informative",0.05,5,0.01,"","mtada_aggregated","pleiotropy","bfdr_estimate",0.1,0.071815007747222
20260842,30,500,15,3000,3000,3000,3000,"fast","control_informative",0.05,5,0.01,"","mtada_aggregated","pleiotropy","bfdr_power",0.1,0
20260842,30,500,15,3000,3000,3000,3000,"fast","control_informative",0.05,5,0.01,"","mtada_aggregated","pleiotropy","bfdr_discoveries",0.1,5
20260842,30,500,15,3000,3000,3000,3000,"fast","control_informative",0.05,5,0.01,"","mtada_aggregated","pleiotropy","bfdr_observed_fdp",0.2,1
20260842,30,500,15,3000,3000,3000,3000,"fast","control_informative",0.05,5,0.01,"","mtada_aggregated","pleiotropy","bfdr_estimate",0.2,0.158151920799228
20260842,30,500,15,3000,3000,3000,3000,"fast","control_informative",0.05,5,0.01,"","mtada_aggregated","pleiotropy","bfdr_power",0.2,0
20260842,30,500,15,3000,3000,3000,3000,"fast","control_informative",0.05,5,0.01,"","mtada_aggregated","pleiotropy","bfdr_discoveries",0.2,7
20260842,30,500,15,3000,3000,3000,3000,"fast","control_informative",0.05,5,0.01,"","mtada_aggregated","global","runtime_seconds",NA,0.913999999999987
20260842,30,500,15,3000,3000,3000,3000,"fast","control_informative",0.05,5,0.01,"","mtada_aggregated","pleiotropy","pi11_estimate",NA,0.00168239
20260843,31,500,15,3000,3000,3000,3000,"fast","control_informative",0.05,5,0.01,"","mirage_joint","trait1","auc",NA,0.759242105263158
20260843,31,500,15,3000,3000,3000,3000,"fast","control_informative",0.05,5,0.01,"","mirage_joint","trait2","auc",NA,0.83469387755102
20260843,31,500,15,3000,3000,3000,3000,"fast","control_informative",0.05,5,0.01,"","mirage_joint","pleiotropy","auc",NA,0.884444444444444
20260843,31,500,15,3000,3000,3000,3000,"fast","control_informative",0.05,5,0.01,"","mirage_joint","trait1","pp08_power",0.8,0.4
20260843,31,500,15,3000,3000,3000,3000,"fast","control_informative",0.05,5,0.01,"","mirage_joint","trait1","pp08_fdp",0.8,0.0909090909090909
20260843,31,500,15,3000,3000,3000,3000,"fast","control_informative",0.05,5,0.01,"","mirage_joint","trait1","pp08_discoveries",0.8,11
20260843,31,500,15,3000,3000,3000,3000,"fast","control_informative",0.05,5,0.01,"","mirage_joint","trait2","pp08_power",0.8,0.3
20260843,31,500,15,3000,3000,3000,3000,"fast","control_informative",0.05,5,0.01,"","mirage_joint","trait2","pp08_fdp",0.8,0.571428571428571
20260843,31,500,15,3000,3000,3000,3000,"fast","control_informative",0.05,5,0.01,"","mirage_joint","trait2","pp08_discoveries",0.8,7
20260843,31,500,15,3000,3000,3000,3000,"fast","control_informative",0.05,5,0.01,"","mirage_joint","pleiotropy","pp08_power",0.8,0.4
20260843,31,500,15,3000,3000,3000,3000,"fast","control_informative",0.05,5,0.01,"","mirage_joint","pleiotropy","pp08_fdp",0.8,0.666666666666667
20260843,31,500,15,3000,3000,3000,3000,"fast","control_informative",0.05,5,0.01,"","mirage_joint","pleiotropy","pp08_discoveries",0.8,6
20260843,31,500,15,3000,3000,3000,3000,"fast","control_informative",0.05,5,0.01,"","mirage_joint","trait1","bfdr_observed_fdp",0.01,0
20260843,31,500,15,3000,3000,3000,3000,"fast","control_informative",0.05,5,0.01,"","mirage_joint","trait1","bfdr_estimate",0.01,0.00896989949274822
20260843,31,500,15,3000,3000,3000,3000,"fast","control_informative",0.05,5,0.01,"","mirage_joint","trait1","bfdr_power",0.01,0.2
20260843,31,500,15,3000,3000,3000,3000,"fast","control_informative",0.05,5,0.01,"","mirage_joint","trait1","bfdr_discoveries",0.01,5
20260843,31,500,15,3000,3000,3000,3000,"fast","control_informative",0.05,5,0.01,"","mirage_joint","trait1","bfdr_observed_fdp",0.05,0
20260843,31,500,15,3000,3000,3000,3000,"fast","control_informative",0.05,5,0.01,"","mirage_joint","trait1","bfdr_estimate",0.05,0.0436915044709875
20260843,31,500,15,3000,3000,3000,3000,"fast","control_informative",0.05,5,0.01,"","mirage_joint","trait1","bfdr_power",0.05,0.4
20260843,31,500,15,3000,3000,3000,3000,"fast","control_informative",0.05,5,0.01,"","mirage_joint","trait1","bfdr_discoveries",0.05,10
20260843,31,500,15,3000,3000,3000,3000,"fast","control_informative",0.05,5,0.01,"","mirage_joint","trait1","bfdr_observed_fdp",0.1,0.230769230769231
20260843,31,500,15,3000,3000,3000,3000,"fast","control_informative",0.05,5,0.01,"","mirage_joint","trait1","bfdr_estimate",0.1,0.0923234147609343
20260843,31,500,15,3000,3000,3000,3000,"fast","control_informative",0.05,5,0.01,"","mirage_joint","trait1","bfdr_power",0.1,0.4
20260843,31,500,15,3000,3000,3000,3000,"fast","control_informative",0.05,5,0.01,"","mirage_joint","trait1","bfdr_discoveries",0.1,13
20260843,31,500,15,3000,3000,3000,3000,"fast","control_informative",0.05,5,0.01,"","mirage_joint","trait1","bfdr_observed_fdp",0.2,0.444444444444444
20260843,31,500,15,3000,3000,3000,3000,"fast","control_informative",0.05,5,0.01,"","mirage_joint","trait1","bfdr_estimate",0.2,0.180831618412554
20260843,31,500,15,3000,3000,3000,3000,"fast","control_informative",0.05,5,0.01,"","mirage_joint","trait1","bfdr_power",0.2,0.4
20260843,31,500,15,3000,3000,3000,3000,"fast","control_informative",0.05,5,0.01,"","mirage_joint","trait1","bfdr_discoveries",0.2,18
20260843,31,500,15,3000,3000,3000,3000,"fast","control_informative",0.05,5,0.01,"","mirage_joint","trait2","bfdr_observed_fdp",0.01,0
20260843,31,500,15,3000,3000,3000,3000,"fast","control_informative",0.05,5,0.01,"","mirage_joint","trait2","bfdr_estimate",0.01,0
20260843,31,500,15,3000,3000,3000,3000,"fast","control_informative",0.05,5,0.01,"","mirage_joint","trait2","bfdr_power",0.01,0
20260843,31,500,15,3000,3000,3000,3000,"fast","control_informative",0.05,5,0.01,"","mirage_joint","trait2","bfdr_discoveries",0.01,0
20260843,31,500,15,3000,3000,3000,3000,"fast","control_informative",0.05,5,0.01,"","mirage_joint","trait2","bfdr_observed_fdp",0.05,0
20260843,31,500,15,3000,3000,3000,3000,"fast","control_informative",0.05,5,0.01,"","mirage_joint","trait2","bfdr_estimate",0.05,0.0141398728457136
20260843,31,500,15,3000,3000,3000,3000,"fast","control_informative",0.05,5,0.01,"","mirage_joint","trait2","bfdr_power",0.05,0.2
20260843,31,500,15,3000,3000,3000,3000,"fast","control_informative",0.05,5,0.01,"","mirage_joint","trait2","bfdr_discoveries",0.05,2
20260843,31,500,15,3000,3000,3000,3000,"fast","control_informative",0.05,5,0.01,"","mirage_joint","trait2","bfdr_observed_fdp",0.1,0.4
20260843,31,500,15,3000,3000,3000,3000,"fast","control_informative",0.05,5,0.01,"","mirage_joint","trait2","bfdr_estimate",0.1,0.0950247709360934
20260843,31,500,15,3000,3000,3000,3000,"fast","control_informative",0.05,5,0.01,"","mirage_joint","trait2","bfdr_power",0.1,0.3
20260843,31,500,15,3000,3000,3000,3000,"fast","control_informative",0.05,5,0.01,"","mirage_joint","trait2","bfdr_discoveries",0.1,5
20260843,31,500,15,3000,3000,3000,3000,"fast","control_informative",0.05,5,0.01,"","mirage_joint","trait2","bfdr_observed_fdp",0.2,0.714285714285714
20260843,31,500,15,3000,3000,3000,3000,"fast","control_informative",0.05,5,0.01,"","mirage_joint","trait2","bfdr_estimate",0.2,0.188511456049574
20260843,31,500,15,3000,3000,3000,3000,"fast","control_informative",0.05,5,0.01,"","mirage_joint","trait2","bfdr_power",0.2,0.4
20260843,31,500,15,3000,3000,3000,3000,"fast","control_informative",0.05,5,0.01,"","mirage_joint","trait2","bfdr_discoveries",0.2,14
20260843,31,500,15,3000,3000,3000,3000,"fast","control_informative",0.05,5,0.01,"","mirage_joint","pleiotropy","bfdr_observed_fdp",0.01,0
20260843,31,500,15,3000,3000,3000,3000,"fast","control_informative",0.05,5,0.01,"","mirage_joint","pleiotropy","bfdr_estimate",0.01,0
20260843,31,500,15,3000,3000,3000,3000,"fast","control_informative",0.05,5,0.01,"","mirage_joint","pleiotropy","bfdr_power",0.01,0
20260843,31,500,15,3000,3000,3000,3000,"fast","control_informative",0.05,5,0.01,"","mirage_joint","pleiotropy","bfdr_discoveries",0.01,0
20260843,31,500,15,3000,3000,3000,3000,"fast","control_informative",0.05,5,0.01,"","mirage_joint","pleiotropy","bfdr_observed_fdp",0.05,0
20260843,31,500,15,3000,3000,3000,3000,"fast","control_informative",0.05,5,0.01,"","mirage_joint","pleiotropy","bfdr_estimate",0.05,0
20260843,31,500,15,3000,3000,3000,3000,"fast","control_informative",0.05,5,0.01,"","mirage_joint","pleiotropy","bfdr_power",0.05,0
20260843,31,500,15,3000,3000,3000,3000,"fast","control_informative",0.05,5,0.01,"","mirage_joint","pleiotropy","bfdr_discoveries",0.05,0
20260843,31,500,15,3000,3000,3000,3000,"fast","control_informative",0.05,5,0.01,"","mirage_joint","pleiotropy","bfdr_observed_fdp",0.1,0
20260843,31,500,15,3000,3000,3000,3000,"fast","control_informative",0.05,5,0.01,"","mirage_joint","pleiotropy","bfdr_estimate",0.1,0.0891726376648428
20260843,31,500,15,3000,3000,3000,3000,"fast","control_informative",0.05,5,0.01,"","mirage_joint","pleiotropy","bfdr_power",0.1,0.2
20260843,31,500,15,3000,3000,3000,3000,"fast","control_informative",0.05,5,0.01,"","mirage_joint","pleiotropy","bfdr_discoveries",0.1,1
20260843,31,500,15,3000,3000,3000,3000,"fast","control_informative",0.05,5,0.01,"","mirage_joint","pleiotropy","bfdr_observed_fdp",0.2,0.727272727272727
20260843,31,500,15,3000,3000,3000,3000,"fast","control_informative",0.05,5,0.01,"","mirage_joint","pleiotropy","bfdr_estimate",0.2,0.191325137725064
20260843,31,500,15,3000,3000,3000,3000,"fast","control_informative",0.05,5,0.01,"","mirage_joint","pleiotropy","bfdr_power",0.2,0.6
20260843,31,500,15,3000,3000,3000,3000,"fast","control_informative",0.05,5,0.01,"","mirage_joint","pleiotropy","bfdr_discoveries",0.2,11
20260843,31,500,15,3000,3000,3000,3000,"fast","control_informative",0.05,5,0.01,"","mirage_joint","global","runtime_seconds",NA,18.761
20260843,31,500,15,3000,3000,3000,3000,"fast","control_informative",0.05,5,0.01,"","mirage_joint","pleiotropy","pi11_estimate",NA,0.138363689202026
20260843,31,500,15,3000,3000,3000,3000,"fast","control_informative",0.05,5,0.01,"","separate_mirage","trait1","auc",NA,0.772378947368421
20260843,31,500,15,3000,3000,3000,3000,"fast","control_informative",0.05,5,0.01,"","separate_mirage","trait2","auc",NA,0.69734693877551
20260843,31,500,15,3000,3000,3000,3000,"fast","control_informative",0.05,5,0.01,"","separate_mirage","pleiotropy","auc",NA,0.894949494949495
20260843,31,500,15,3000,3000,3000,3000,"fast","control_informative",0.05,5,0.01,"","separate_mirage","trait1","pp08_power",0.8,0.28
20260843,31,500,15,3000,3000,3000,3000,"fast","control_informative",0.05,5,0.01,"","separate_mirage","trait1","pp08_fdp",0.8,0
20260843,31,500,15,3000,3000,3000,3000,"fast","control_informative",0.05,5,0.01,"","separate_mirage","trait1","pp08_discoveries",0.8,7
20260843,31,500,15,3000,3000,3000,3000,"fast","control_informative",0.05,5,0.01,"","separate_mirage","trait2","pp08_power",0.8,0.2
20260843,31,500,15,3000,3000,3000,3000,"fast","control_informative",0.05,5,0.01,"","separate_mirage","trait2","pp08_fdp",0.8,0
20260843,31,500,15,3000,3000,3000,3000,"fast","control_informative",0.05,5,0.01,"","separate_mirage","trait2","pp08_discoveries",0.8,2
20260843,31,500,15,3000,3000,3000,3000,"fast","control_informative",0.05,5,0.01,"","separate_mirage","pleiotropy","pp08_power",0.8,0
20260843,31,500,15,3000,3000,3000,3000,"fast","control_informative",0.05,5,0.01,"","separate_mirage","pleiotropy","pp08_fdp",0.8,0
20260843,31,500,15,3000,3000,3000,3000,"fast","control_informative",0.05,5,0.01,"","separate_mirage","pleiotropy","pp08_discoveries",0.8,0
20260843,31,500,15,3000,3000,3000,3000,"fast","control_informative",0.05,5,0.01,"","separate_mirage","trait1","bfdr_observed_fdp",0.01,0
20260843,31,500,15,3000,3000,3000,3000,"fast","control_informative",0.05,5,0.01,"","separate_mirage","trait1","bfdr_estimate",0.01,0.00828465138360648
20260843,31,500,15,3000,3000,3000,3000,"fast","control_informative",0.05,5,0.01,"","separate_mirage","trait1","bfdr_power",0.01,0.16
20260843,31,500,15,3000,3000,3000,3000,"fast","control_informative",0.05,5,0.01,"","separate_mirage","trait1","bfdr_discoveries",0.01,4
20260843,31,500,15,3000,3000,3000,3000,"fast","control_informative",0.05,5,0.01,"","separate_mirage","trait1","bfdr_observed_fdp",0.05,0
20260843,31,500,15,3000,3000,3000,3000,"fast","control_informative",0.05,5,0.01,"","separate_mirage","trait1","bfdr_estimate",0.05,0.034571267630372
20260843,31,500,15,3000,3000,3000,3000,"fast","control_informative",0.05,5,0.01,"","separate_mirage","trait1","bfdr_power",0.05,0.24
20260843,31,500,15,3000,3000,3000,3000,"fast","control_informative",0.05,5,0.01,"","separate_mirage","trait1","bfdr_discoveries",0.05,6
20260843,31,500,15,3000,3000,3000,3000,"fast","control_informative",0.05,5,0.01,"","separate_mirage","trait1","bfdr_observed_fdp",0.1,0
20260843,31,500,15,3000,3000,3000,3000,"fast","control_informative",0.05,5,0.01,"","separate_mirage","trait1","bfdr_estimate",0.1,0.0792835717514281
20260843,31,500,15,3000,3000,3000,3000,"fast","control_informative",0.05,5,0.01,"","separate_mirage","trait1","bfdr_power",0.1,0.32
20260843,31,500,15,3000,3000,3000,3000,"fast","control_informative",0.05,5,0.01,"","separate_mirage","trait1","bfdr_discoveries",0.1,8
20260843,31,500,15,3000,3000,3000,3000,"fast","control_informative",0.05,5,0.01,"","separate_mirage","trait1","bfdr_observed_fdp",0.2,0.181818181818182
20260843,31,500,15,3000,3000,3000,3000,"fast","control_informative",0.05,5,0.01,"","separate_mirage","trait1","bfdr_estimate",0.2,0.171168197787203
20260843,31,500,15,3000,3000,3000,3000,"fast","control_informative",0.05,5,0.01,"","separate_mirage","trait1","bfdr_power",0.2,0.36
20260843,31,500,15,3000,3000,3000,3000,"fast","control_informative",0.05,5,0.01,"","separate_mirage","trait1","bfdr_discoveries",0.2,11
20260843,31,500,15,3000,3000,3000,3000,"fast","control_informative",0.05,5,0.01,"","separate_mirage","trait2","bfdr_observed_fdp",0.01,0
20260843,31,500,15,3000,3000,3000,3000,"fast","control_informative",0.05,5,0.01,"","separate_mirage","trait2","bfdr_estimate",0.01,0
20260843,31,500,15,3000,3000,3000,3000,"fast","control_informative",0.05,5,0.01,"","separate_mirage","trait2","bfdr_power",0.01,0
20260843,31,500,15,3000,3000,3000,3000,"fast","control_informative",0.05,5,0.01,"","separate_mirage","trait2","bfdr_discoveries",0.01,0
20260843,31,500,15,3000,3000,3000,3000,"fast","control_informative",0.05,5,0.01,"","separate_mirage","trait2","bfdr_observed_fdp",0.05,0
20260843,31,500,15,3000,3000,3000,3000,"fast","control_informative",0.05,5,0.01,"","separate_mirage","trait2","bfdr_estimate",0.05,0
20260843,31,500,15,3000,3000,3000,3000,"fast","control_informative",0.05,5,0.01,"","separate_mirage","trait2","bfdr_power",0.05,0
20260843,31,500,15,3000,3000,3000,3000,"fast","control_informative",0.05,5,0.01,"","separate_mirage","trait2","bfdr_discoveries",0.05,0
20260843,31,500,15,3000,3000,3000,3000,"fast","control_informative",0.05,5,0.01,"","separate_mirage","trait2","bfdr_observed_fdp",0.1,0
20260843,31,500,15,3000,3000,3000,3000,"fast","control_informative",0.05,5,0.01,"","separate_mirage","trait2","bfdr_estimate",0.1,0.0762442113983948
20260843,31,500,15,3000,3000,3000,3000,"fast","control_informative",0.05,5,0.01,"","separate_mirage","trait2","bfdr_power",0.1,0.2
20260843,31,500,15,3000,3000,3000,3000,"fast","control_informative",0.05,5,0.01,"","separate_mirage","trait2","bfdr_discoveries",0.1,2
20260843,31,500,15,3000,3000,3000,3000,"fast","control_informative",0.05,5,0.01,"","separate_mirage","trait2","bfdr_observed_fdp",0.2,0
20260843,31,500,15,3000,3000,3000,3000,"fast","control_informative",0.05,5,0.01,"","separate_mirage","trait2","bfdr_estimate",0.2,0.0762442113983948
20260843,31,500,15,3000,3000,3000,3000,"fast","control_informative",0.05,5,0.01,"","separate_mirage","trait2","bfdr_power",0.2,0.2
20260843,31,500,15,3000,3000,3000,3000,"fast","control_informative",0.05,5,0.01,"","separate_mirage","trait2","bfdr_discoveries",0.2,2
20260843,31,500,15,3000,3000,3000,3000,"fast","control_informative",0.05,5,0.01,"","separate_mirage","pleiotropy","bfdr_observed_fdp",0.01,0
20260843,31,500,15,3000,3000,3000,3000,"fast","control_informative",0.05,5,0.01,"","separate_mirage","pleiotropy","bfdr_estimate",0.01,0
20260843,31,500,15,3000,3000,3000,3000,"fast","control_informative",0.05,5,0.01,"","separate_mirage","pleiotropy","bfdr_power",0.01,0
20260843,31,500,15,3000,3000,3000,3000,"fast","control_informative",0.05,5,0.01,"","separate_mirage","pleiotropy","bfdr_discoveries",0.01,0
20260843,31,500,15,3000,3000,3000,3000,"fast","control_informative",0.05,5,0.01,"","separate_mirage","pleiotropy","bfdr_observed_fdp",0.05,0
20260843,31,500,15,3000,3000,3000,3000,"fast","control_informative",0.05,5,0.01,"","separate_mirage","pleiotropy","bfdr_estimate",0.05,0
20260843,31,500,15,3000,3000,3000,3000,"fast","control_informative",0.05,5,0.01,"","separate_mirage","pleiotropy","bfdr_power",0.05,0
20260843,31,500,15,3000,3000,3000,3000,"fast","control_informative",0.05,5,0.01,"","separate_mirage","pleiotropy","bfdr_discoveries",0.05,0
20260843,31,500,15,3000,3000,3000,3000,"fast","control_informative",0.05,5,0.01,"","separate_mirage","pleiotropy","bfdr_observed_fdp",0.1,0
20260843,31,500,15,3000,3000,3000,3000,"fast","control_informative",0.05,5,0.01,"","separate_mirage","pleiotropy","bfdr_estimate",0.1,0
20260843,31,500,15,3000,3000,3000,3000,"fast","control_informative",0.05,5,0.01,"","separate_mirage","pleiotropy","bfdr_power",0.1,0
20260843,31,500,15,3000,3000,3000,3000,"fast","control_informative",0.05,5,0.01,"","separate_mirage","pleiotropy","bfdr_discoveries",0.1,0
20260843,31,500,15,3000,3000,3000,3000,"fast","control_informative",0.05,5,0.01,"","separate_mirage","pleiotropy","bfdr_observed_fdp",0.2,0
20260843,31,500,15,3000,3000,3000,3000,"fast","control_informative",0.05,5,0.01,"","separate_mirage","pleiotropy","bfdr_estimate",0.2,0
20260843,31,500,15,3000,3000,3000,3000,"fast","control_informative",0.05,5,0.01,"","separate_mirage","pleiotropy","bfdr_power",0.2,0
20260843,31,500,15,3000,3000,3000,3000,"fast","control_informative",0.05,5,0.01,"","separate_mirage","pleiotropy","bfdr_discoveries",0.2,0
20260843,31,500,15,3000,3000,3000,3000,"fast","control_informative",0.05,5,0.01,"","separate_mirage","global","runtime_seconds",NA,18.189
20260843,31,500,15,3000,3000,3000,3000,"fast","control_informative",0.05,5,0.01,"","separate_mirage","pleiotropy","pi11_estimate",NA,0.001
20260843,31,500,15,3000,3000,3000,3000,"fast","control_informative",0.05,5,0.01,"","mtada_aggregated","trait1","auc",NA,0.779915789473684
20260843,31,500,15,3000,3000,3000,3000,"fast","control_informative",0.05,5,0.01,"","mtada_aggregated","trait2","auc",NA,0.802040816326531
20260843,31,500,15,3000,3000,3000,3000,"fast","control_informative",0.05,5,0.01,"","mtada_aggregated","pleiotropy","auc",NA,0.924444444444444
20260843,31,500,15,3000,3000,3000,3000,"fast","control_informative",0.05,5,0.01,"","mtada_aggregated","trait1","pp08_power",0.8,0.44
20260843,31,500,15,3000,3000,3000,3000,"fast","control_informative",0.05,5,0.01,"","mtada_aggregated","trait1","pp08_fdp",0.8,0.731707317073171
20260843,31,500,15,3000,3000,3000,3000,"fast","control_informative",0.05,5,0.01,"","mtada_aggregated","trait1","pp08_discoveries",0.8,41
20260843,31,500,15,3000,3000,3000,3000,"fast","control_informative",0.05,5,0.01,"","mtada_aggregated","trait2","pp08_power",0.8,0.2
20260843,31,500,15,3000,3000,3000,3000,"fast","control_informative",0.05,5,0.01,"","mtada_aggregated","trait2","pp08_fdp",0.8,0.947368421052632
20260843,31,500,15,3000,3000,3000,3000,"fast","control_informative",0.05,5,0.01,"","mtada_aggregated","trait2","pp08_discoveries",0.8,38
20260843,31,500,15,3000,3000,3000,3000,"fast","control_informative",0.05,5,0.01,"","mtada_aggregated","pleiotropy","pp08_power",0.8,0
20260843,31,500,15,3000,3000,3000,3000,"fast","control_informative",0.05,5,0.01,"","mtada_aggregated","pleiotropy","pp08_fdp",0.8,1
20260843,31,500,15,3000,3000,3000,3000,"fast","control_informative",0.05,5,0.01,"","mtada_aggregated","pleiotropy","pp08_discoveries",0.8,5
20260843,31,500,15,3000,3000,3000,3000,"fast","control_informative",0.05,5,0.01,"","mtada_aggregated","trait1","bfdr_observed_fdp",0.01,0.714285714285714
20260843,31,500,15,3000,3000,3000,3000,"fast","control_informative",0.05,5,0.01,"","mtada_aggregated","trait1","bfdr_estimate",0.01,0.00836766929317015
20260843,31,500,15,3000,3000,3000,3000,"fast","control_informative",0.05,5,0.01,"","mtada_aggregated","trait1","bfdr_power",0.01,0.4
20260843,31,500,15,3000,3000,3000,3000,"fast","control_informative",0.05,5,0.01,"","mtada_aggregated","trait1","bfdr_discoveries",0.01,35
20260843,31,500,15,3000,3000,3000,3000,"fast","control_informative",0.05,5,0.01,"","mtada_aggregated","trait1","bfdr_observed_fdp",0.05,0.75
20260843,31,500,15,3000,3000,3000,3000,"fast","control_informative",0.05,5,0.01,"","mtada_aggregated","trait1","bfdr_estimate",0.05,0.0462249400266315
20260843,31,500,15,3000,3000,3000,3000,"fast","control_informative",0.05,5,0.01,"","mtada_aggregated","trait1","bfdr_power",0.05,0.44
20260843,31,500,15,3000,3000,3000,3000,"fast","control_informative",0.05,5,0.01,"","mtada_aggregated","trait1","bfdr_discoveries",0.05,44
20260843,31,500,15,3000,3000,3000,3000,"fast","control_informative",0.05,5,0.01,"","mtada_aggregated","trait1","bfdr_observed_fdp",0.1,0.76
20260843,31,500,15,3000,3000,3000,3000,"fast","control_informative",0.05,5,0.01,"","mtada_aggregated","trait1","bfdr_estimate",0.1,0.0956131563498706
20260843,31,500,15,3000,3000,3000,3000,"fast","control_informative",0.05,5,0.01,"","mtada_aggregated","trait1","bfdr_power",0.1,0.48
20260843,31,500,15,3000,3000,3000,3000,"fast","control_informative",0.05,5,0.01,"","mtada_aggregated","trait1","bfdr_discoveries",0.1,50
20260843,31,500,15,3000,3000,3000,3000,"fast","control_informative",0.05,5,0.01,"","mtada_aggregated","trait1","bfdr_observed_fdp",0.2,0.8
20260843,31,500,15,3000,3000,3000,3000,"fast","control_informative",0.05,5,0.01,"","mtada_aggregated","trait1","bfdr_estimate",0.2,0.1934018275669
20260843,31,500,15,3000,3000,3000,3000,"fast","control_informative",0.05,5,0.01,"","mtada_aggregated","trait1","bfdr_power",0.2,0.48
20260843,31,500,15,3000,3000,3000,3000,"fast","control_informative",0.05,5,0.01,"","mtada_aggregated","trait1","bfdr_discoveries",0.2,60
20260843,31,500,15,3000,3000,3000,3000,"fast","control_informative",0.05,5,0.01,"","mtada_aggregated","trait2","bfdr_observed_fdp",0.01,0.944444444444444
20260843,31,500,15,3000,3000,3000,3000,"fast","control_informative",0.05,5,0.01,"","mtada_aggregated","trait2","bfdr_estimate",0.01,0.00972294796704471
20260843,31,500,15,3000,3000,3000,3000,"fast","control_informative",0.05,5,0.01,"","mtada_aggregated","trait2","bfdr_power",0.01,0.2
20260843,31,500,15,3000,3000,3000,3000,"fast","control_informative",0.05,5,0.01,"","mtada_aggregated","trait2","bfdr_discoveries",0.01,36
20260843,31,500,15,3000,3000,3000,3000,"fast","control_informative",0.05,5,0.01,"","mtada_aggregated","trait2","bfdr_observed_fdp",0.05,0.952380952380952
20260843,31,500,15,3000,3000,3000,3000,"fast","control_informative",0.05,5,0.01,"","mtada_aggregated","trait2","bfdr_estimate",0.05,0.0427272784254354
20260843,31,500,15,3000,3000,3000,3000,"fast","control_informative",0.05,5,0.01,"","mtada_aggregated","trait2","bfdr_power",0.05,0.2
20260843,31,500,15,3000,3000,3000,3000,"fast","control_informative",0.05,5,0.01,"","mtada_aggregated","trait2","bfdr_discoveries",0.05,42
20260843,31,500,15,3000,3000,3000,3000,"fast","control_informative",0.05,5,0.01,"","mtada_aggregated","trait2","bfdr_observed_fdp",0.1,0.9375
20260843,31,500,15,3000,3000,3000,3000,"fast","control_informative",0.05,5,0.01,"","mtada_aggregated","trait2","bfdr_estimate",0.1,0.0916092291877219
20260843,31,500,15,3000,3000,3000,3000,"fast","control_informative",0.05,5,0.01,"","mtada_aggregated","trait2","bfdr_power",0.1,0.3
20260843,31,500,15,3000,3000,3000,3000,"fast","control_informative",0.05,5,0.01,"","mtada_aggregated","trait2","bfdr_discoveries",0.1,48
20260843,31,500,15,3000,3000,3000,3000,"fast","control_informative",0.05,5,0.01,"","mtada_aggregated","trait2","bfdr_observed_fdp",0.2,0.913793103448276
20260843,31,500,15,3000,3000,3000,3000,"fast","control_informative",0.05,5,0.01,"","mtada_aggregated","trait2","bfdr_estimate",0.2,0.196971100832257
20260843,31,500,15,3000,3000,3000,3000,"fast","control_informative",0.05,5,0.01,"","mtada_aggregated","trait2","bfdr_power",0.2,0.5
20260843,31,500,15,3000,3000,3000,3000,"fast","control_informative",0.05,5,0.01,"","mtada_aggregated","trait2","bfdr_discoveries",0.2,58
20260843,31,500,15,3000,3000,3000,3000,"fast","control_informative",0.05,5,0.01,"","mtada_aggregated","pleiotropy","bfdr_observed_fdp",0.01,1
20260843,31,500,15,3000,3000,3000,3000,"fast","control_informative",0.05,5,0.01,"","mtada_aggregated","pleiotropy","bfdr_estimate",0.01,0.00094412468453838
20260843,31,500,15,3000,3000,3000,3000,"fast","control_informative",0.05,5,0.01,"","mtada_aggregated","pleiotropy","bfdr_power",0.01,0
20260843,31,500,15,3000,3000,3000,3000,"fast","control_informative",0.05,5,0.01,"","mtada_aggregated","pleiotropy","bfdr_discoveries",0.01,3
20260843,31,500,15,3000,3000,3000,3000,"fast","control_informative",0.05,5,0.01,"","mtada_aggregated","pleiotropy","bfdr_observed_fdp",0.05,1
20260843,31,500,15,3000,3000,3000,3000,"fast","control_informative",0.05,5,0.01,"","mtada_aggregated","pleiotropy","bfdr_estimate",0.05,0.0381969014170572
20260843,31,500,15,3000,3000,3000,3000,"fast","control_informative",0.05,5,0.01,"","mtada_aggregated","pleiotropy","bfdr_power",0.05,0
20260843,31,500,15,3000,3000,3000,3000,"fast","control_informative",0.05,5,0.01,"","mtada_aggregated","pleiotropy","bfdr_discoveries",0.05,5
20260843,31,500,15,3000,3000,3000,3000,"fast","control_informative",0.05,5,0.01,"","mtada_aggregated","pleiotropy","bfdr_observed_fdp",0.1,1
20260843,31,500,15,3000,3000,3000,3000,"fast","control_informative",0.05,5,0.01,"","mtada_aggregated","pleiotropy","bfdr_estimate",0.1,0.0939865112304783
20260843,31,500,15,3000,3000,3000,3000,"fast","control_informative",0.05,5,0.01,"","mtada_aggregated","pleiotropy","bfdr_power",0.1,0
20260843,31,500,15,3000,3000,3000,3000,"fast","control_informative",0.05,5,0.01,"","mtada_aggregated","pleiotropy","bfdr_discoveries",0.1,6
20260843,31,500,15,3000,3000,3000,3000,"fast","control_informative",0.05,5,0.01,"","mtada_aggregated","pleiotropy","bfdr_observed_fdp",0.2,1
20260843,31,500,15,3000,3000,3000,3000,"fast","control_informative",0.05,5,0.01,"","mtada_aggregated","pleiotropy","bfdr_estimate",0.2,0.19426686522194
20260843,31,500,15,3000,3000,3000,3000,"fast","control_informative",0.05,5,0.01,"","mtada_aggregated","pleiotropy","bfdr_power",0.2,0
20260843,31,500,15,3000,3000,3000,3000,"fast","control_informative",0.05,5,0.01,"","mtada_aggregated","pleiotropy","bfdr_discoveries",0.2,8
20260843,31,500,15,3000,3000,3000,3000,"fast","control_informative",0.05,5,0.01,"","mtada_aggregated","global","runtime_seconds",NA,0.763999999999996
20260843,31,500,15,3000,3000,3000,3000,"fast","control_informative",0.05,5,0.01,"","mtada_aggregated","pleiotropy","pi11_estimate",NA,0.00194072
20260844,32,500,15,3000,3000,3000,3000,"fast","control_informative",0.05,5,0.01,"","mirage_joint","trait1","auc",NA,0.746273684210526
20260844,32,500,15,3000,3000,3000,3000,"fast","control_informative",0.05,5,0.01,"","mirage_joint","trait2","auc",NA,0.55265306122449
20260844,32,500,15,3000,3000,3000,3000,"fast","control_informative",0.05,5,0.01,"","mirage_joint","pleiotropy","auc",NA,0.732525252525253
20260844,32,500,15,3000,3000,3000,3000,"fast","control_informative",0.05,5,0.01,"","mirage_joint","trait1","pp08_power",0.8,0.16
20260844,32,500,15,3000,3000,3000,3000,"fast","control_informative",0.05,5,0.01,"","mirage_joint","trait1","pp08_fdp",0.8,0
20260844,32,500,15,3000,3000,3000,3000,"fast","control_informative",0.05,5,0.01,"","mirage_joint","trait1","pp08_discoveries",0.8,4
20260844,32,500,15,3000,3000,3000,3000,"fast","control_informative",0.05,5,0.01,"","mirage_joint","trait2","pp08_power",0.8,0.1
20260844,32,500,15,3000,3000,3000,3000,"fast","control_informative",0.05,5,0.01,"","mirage_joint","trait2","pp08_fdp",0.8,0.5
20260844,32,500,15,3000,3000,3000,3000,"fast","control_informative",0.05,5,0.01,"","mirage_joint","trait2","pp08_discoveries",0.8,2
20260844,32,500,15,3000,3000,3000,3000,"fast","control_informative",0.05,5,0.01,"","mirage_joint","pleiotropy","pp08_power",0.8,0
20260844,32,500,15,3000,3000,3000,3000,"fast","control_informative",0.05,5,0.01,"","mirage_joint","pleiotropy","pp08_fdp",0.8,1
20260844,32,500,15,3000,3000,3000,3000,"fast","control_informative",0.05,5,0.01,"","mirage_joint","pleiotropy","pp08_discoveries",0.8,1
20260844,32,500,15,3000,3000,3000,3000,"fast","control_informative",0.05,5,0.01,"","mirage_joint","trait1","bfdr_observed_fdp",0.01,0
20260844,32,500,15,3000,3000,3000,3000,"fast","control_informative",0.05,5,0.01,"","mirage_joint","trait1","bfdr_estimate",0.01,1.61043196256205e-05
20260844,32,500,15,3000,3000,3000,3000,"fast","control_informative",0.05,5,0.01,"","mirage_joint","trait1","bfdr_power",0.01,0.04
20260844,32,500,15,3000,3000,3000,3000,"fast","control_informative",0.05,5,0.01,"","mirage_joint","trait1","bfdr_discoveries",0.01,1
20260844,32,500,15,3000,3000,3000,3000,"fast","control_informative",0.05,5,0.01,"","mirage_joint","trait1","bfdr_observed_fdp",0.05,0
20260844,32,500,15,3000,3000,3000,3000,"fast","control_informative",0.05,5,0.01,"","mirage_joint","trait1","bfdr_estimate",0.05,0.0329555008245787
20260844,32,500,15,3000,3000,3000,3000,"fast","control_informative",0.05,5,0.01,"","mirage_joint","trait1","bfdr_power",0.05,0.12
20260844,32,500,15,3000,3000,3000,3000,"fast","control_informative",0.05,5,0.01,"","mirage_joint","trait1","bfdr_discoveries",0.05,3
20260844,32,500,15,3000,3000,3000,3000,"fast","control_informative",0.05,5,0.01,"","mirage_joint","trait1","bfdr_observed_fdp",0.1,0
20260844,32,500,15,3000,3000,3000,3000,"fast","control_informative",0.05,5,0.01,"","mirage_joint","trait1","bfdr_estimate",0.1,0.0947553196039473
20260844,32,500,15,3000,3000,3000,3000,"fast","control_informative",0.05,5,0.01,"","mirage_joint","trait1","bfdr_power",0.1,0.2
20260844,32,500,15,3000,3000,3000,3000,"fast","control_informative",0.05,5,0.01,"","mirage_joint","trait1","bfdr_discoveries",0.1,5
20260844,32,500,15,3000,3000,3000,3000,"fast","control_informative",0.05,5,0.01,"","mirage_joint","trait1","bfdr_observed_fdp",0.2,0.142857142857143
20260844,32,500,15,3000,3000,3000,3000,"fast","control_informative",0.05,5,0.01,"","mirage_joint","trait1","bfdr_estimate",0.2,0.183142696241427
20260844,32,500,15,3000,3000,3000,3000,"fast","control_informative",0.05,5,0.01,"","mirage_joint","trait1","bfdr_power",0.2,0.24
20260844,32,500,15,3000,3000,3000,3000,"fast","control_informative",0.05,5,0.01,"","mirage_joint","trait1","bfdr_discoveries",0.2,7
20260844,32,500,15,3000,3000,3000,3000,"fast","control_informative",0.05,5,0.01,"","mirage_joint","trait2","bfdr_observed_fdp",0.01,0
20260844,32,500,15,3000,3000,3000,3000,"fast","control_informative",0.05,5,0.01,"","mirage_joint","trait2","bfdr_estimate",0.01,0
20260844,32,500,15,3000,3000,3000,3000,"fast","control_informative",0.05,5,0.01,"","mirage_joint","trait2","bfdr_power",0.01,0
20260844,32,500,15,3000,3000,3000,3000,"fast","control_informative",0.05,5,0.01,"","mirage_joint","trait2","bfdr_discoveries",0.01,0
20260844,32,500,15,3000,3000,3000,3000,"fast","control_informative",0.05,5,0.01,"","mirage_joint","trait2","bfdr_observed_fdp",0.05,0
20260844,32,500,15,3000,3000,3000,3000,"fast","control_informative",0.05,5,0.01,"","mirage_joint","trait2","bfdr_estimate",0.05,0.025209877001753
20260844,32,500,15,3000,3000,3000,3000,"fast","control_informative",0.05,5,0.01,"","mirage_joint","trait2","bfdr_power",0.05,0.1
20260844,32,500,15,3000,3000,3000,3000,"fast","control_informative",0.05,5,0.01,"","mirage_joint","trait2","bfdr_discoveries",0.05,1
20260844,32,500,15,3000,3000,3000,3000,"fast","control_informative",0.05,5,0.01,"","mirage_joint","trait2","bfdr_observed_fdp",0.1,0
20260844,32,500,15,3000,3000,3000,3000,"fast","control_informative",0.05,5,0.01,"","mirage_joint","trait2","bfdr_estimate",0.1,0.025209877001753
20260844,32,500,15,3000,3000,3000,3000,"fast","control_informative",0.05,5,0.01,"","mirage_joint","trait2","bfdr_power",0.1,0.1
20260844,32,500,15,3000,3000,3000,3000,"fast","control_informative",0.05,5,0.01,"","mirage_joint","trait2","bfdr_discoveries",0.1,1
20260844,32,500,15,3000,3000,3000,3000,"fast","control_informative",0.05,5,0.01,"","mirage_joint","trait2","bfdr_observed_fdp",0.2,0.666666666666667
20260844,32,500,15,3000,3000,3000,3000,"fast","control_informative",0.05,5,0.01,"","mirage_joint","trait2","bfdr_estimate",0.2,0.158722029363723
20260844,32,500,15,3000,3000,3000,3000,"fast","control_informative",0.05,5,0.01,"","mirage_joint","trait2","bfdr_power",0.2,0.1
20260844,32,500,15,3000,3000,3000,3000,"fast","control_informative",0.05,5,0.01,"","mirage_joint","trait2","bfdr_discoveries",0.2,3
20260844,32,500,15,3000,3000,3000,3000,"fast","control_informative",0.05,5,0.01,"","mirage_joint","pleiotropy","bfdr_observed_fdp",0.01,0
20260844,32,500,15,3000,3000,3000,3000,"fast","control_informative",0.05,5,0.01,"","mirage_joint","pleiotropy","bfdr_estimate",0.01,0
20260844,32,500,15,3000,3000,3000,3000,"fast","control_informative",0.05,5,0.01,"","mirage_joint","pleiotropy","bfdr_power",0.01,0
20260844,32,500,15,3000,3000,3000,3000,"fast","control_informative",0.05,5,0.01,"","mirage_joint","pleiotropy","bfdr_discoveries",0.01,0
20260844,32,500,15,3000,3000,3000,3000,"fast","control_informative",0.05,5,0.01,"","mirage_joint","pleiotropy","bfdr_observed_fdp",0.05,0
20260844,32,500,15,3000,3000,3000,3000,"fast","control_informative",0.05,5,0.01,"","mirage_joint","pleiotropy","bfdr_estimate",0.05,0
20260844,32,500,15,3000,3000,3000,3000,"fast","control_informative",0.05,5,0.01,"","mirage_joint","pleiotropy","bfdr_power",0.05,0
20260844,32,500,15,3000,3000,3000,3000,"fast","control_informative",0.05,5,0.01,"","mirage_joint","pleiotropy","bfdr_discoveries",0.05,0
20260844,32,500,15,3000,3000,3000,3000,"fast","control_informative",0.05,5,0.01,"","mirage_joint","pleiotropy","bfdr_observed_fdp",0.1,0
20260844,32,500,15,3000,3000,3000,3000,"fast","control_informative",0.05,5,0.01,"","mirage_joint","pleiotropy","bfdr_estimate",0.1,0
20260844,32,500,15,3000,3000,3000,3000,"fast","control_informative",0.05,5,0.01,"","mirage_joint","pleiotropy","bfdr_power",0.1,0
20260844,32,500,15,3000,3000,3000,3000,"fast","control_informative",0.05,5,0.01,"","mirage_joint","pleiotropy","bfdr_discoveries",0.1,0
20260844,32,500,15,3000,3000,3000,3000,"fast","control_informative",0.05,5,0.01,"","mirage_joint","pleiotropy","bfdr_observed_fdp",0.2,1
20260844,32,500,15,3000,3000,3000,3000,"fast","control_informative",0.05,5,0.01,"","mirage_joint","pleiotropy","bfdr_estimate",0.2,0.198422933444201
20260844,32,500,15,3000,3000,3000,3000,"fast","control_informative",0.05,5,0.01,"","mirage_joint","pleiotropy","bfdr_power",0.2,0
20260844,32,500,15,3000,3000,3000,3000,"fast","control_informative",0.05,5,0.01,"","mirage_joint","pleiotropy","bfdr_discoveries",0.2,1
20260844,32,500,15,3000,3000,3000,3000,"fast","control_informative",0.05,5,0.01,"","mirage_joint","global","runtime_seconds",NA,18.612
20260844,32,500,15,3000,3000,3000,3000,"fast","control_informative",0.05,5,0.01,"","mirage_joint","pleiotropy","pi11_estimate",NA,0.0333556498695278
20260844,32,500,15,3000,3000,3000,3000,"fast","control_informative",0.05,5,0.01,"","separate_mirage","trait1","auc",NA,0.701642105263158
20260844,32,500,15,3000,3000,3000,3000,"fast","control_informative",0.05,5,0.01,"","separate_mirage","trait2","auc",NA,0.494897959183673
20260844,32,500,15,3000,3000,3000,3000,"fast","control_informative",0.05,5,0.01,"","separate_mirage","pleiotropy","auc",NA,0.717171717171717
20260844,32,500,15,3000,3000,3000,3000,"fast","control_informative",0.05,5,0.01,"","separate_mirage","trait1","pp08_power",0.8,0.12
20260844,32,500,15,3000,3000,3000,3000,"fast","control_informative",0.05,5,0.01,"","separate_mirage","trait1","pp08_fdp",0.8,0
20260844,32,500,15,3000,3000,3000,3000,"fast","control_informative",0.05,5,0.01,"","separate_mirage","trait1","pp08_discoveries",0.8,3
20260844,32,500,15,3000,3000,3000,3000,"fast","control_informative",0.05,5,0.01,"","separate_mirage","trait2","pp08_power",0.8,0.1
20260844,32,500,15,3000,3000,3000,3000,"fast","control_informative",0.05,5,0.01,"","separate_mirage","trait2","pp08_fdp",0.8,0
20260844,32,500,15,3000,3000,3000,3000,"fast","control_informative",0.05,5,0.01,"","separate_mirage","trait2","pp08_discoveries",0.8,1
20260844,32,500,15,3000,3000,3000,3000,"fast","control_informative",0.05,5,0.01,"","separate_mirage","pleiotropy","pp08_power",0.8,0
20260844,32,500,15,3000,3000,3000,3000,"fast","control_informative",0.05,5,0.01,"","separate_mirage","pleiotropy","pp08_fdp",0.8,0
20260844,32,500,15,3000,3000,3000,3000,"fast","control_informative",0.05,5,0.01,"","separate_mirage","pleiotropy","pp08_discoveries",0.8,0
20260844,32,500,15,3000,3000,3000,3000,"fast","control_informative",0.05,5,0.01,"","separate_mirage","trait1","bfdr_observed_fdp",0.01,0
20260844,32,500,15,3000,3000,3000,3000,"fast","control_informative",0.05,5,0.01,"","separate_mirage","trait1","bfdr_estimate",0.01,3.07501284191325e-05
20260844,32,500,15,3000,3000,3000,3000,"fast","control_informative",0.05,5,0.01,"","separate_mirage","trait1","bfdr_power",0.01,0.04
20260844,32,500,15,3000,3000,3000,3000,"fast","control_informative",0.05,5,0.01,"","separate_mirage","trait1","bfdr_discoveries",0.01,1
20260844,32,500,15,3000,3000,3000,3000,"fast","control_informative",0.05,5,0.01,"","separate_mirage","trait1","bfdr_observed_fdp",0.05,0
20260844,32,500,15,3000,3000,3000,3000,"fast","control_informative",0.05,5,0.01,"","separate_mirage","trait1","bfdr_estimate",0.05,0.0240467832172226
20260844,32,500,15,3000,3000,3000,3000,"fast","control_informative",0.05,5,0.01,"","separate_mirage","trait1","bfdr_power",0.05,0.12
20260844,32,500,15,3000,3000,3000,3000,"fast","control_informative",0.05,5,0.01,"","separate_mirage","trait1","bfdr_discoveries",0.05,3
20260844,32,500,15,3000,3000,3000,3000,"fast","control_informative",0.05,5,0.01,"","separate_mirage","trait1","bfdr_observed_fdp",0.1,0
20260844,32,500,15,3000,3000,3000,3000,"fast","control_informative",0.05,5,0.01,"","separate_mirage","trait1","bfdr_estimate",0.1,0.0702722435583048
20260844,32,500,15,3000,3000,3000,3000,"fast","control_informative",0.05,5,0.01,"","separate_mirage","trait1","bfdr_power",0.1,0.16
20260844,32,500,15,3000,3000,3000,3000,"fast","control_informative",0.05,5,0.01,"","separate_mirage","trait1","bfdr_discoveries",0.1,4
20260844,32,500,15,3000,3000,3000,3000,"fast","control_informative",0.05,5,0.01,"","separate_mirage","trait1","bfdr_observed_fdp",0.2,0
20260844,32,500,15,3000,3000,3000,3000,"fast","control_informative",0.05,5,0.01,"","separate_mirage","trait1","bfdr_estimate",0.2,0.167863689154873
20260844,32,500,15,3000,3000,3000,3000,"fast","control_informative",0.05,5,0.01,"","separate_mirage","trait1","bfdr_power",0.2,0.24
20260844,32,500,15,3000,3000,3000,3000,"fast","control_informative",0.05,5,0.01,"","separate_mirage","trait1","bfdr_discoveries",0.2,6
20260844,32,500,15,3000,3000,3000,3000,"fast","control_informative",0.05,5,0.01,"","separate_mirage","trait2","bfdr_observed_fdp",0.01,0
20260844,32,500,15,3000,3000,3000,3000,"fast","control_informative",0.05,5,0.01,"","separate_mirage","trait2","bfdr_estimate",0.01,0
20260844,32,500,15,3000,3000,3000,3000,"fast","control_informative",0.05,5,0.01,"","separate_mirage","trait2","bfdr_power",0.01,0
20260844,32,500,15,3000,3000,3000,3000,"fast","control_informative",0.05,5,0.01,"","separate_mirage","trait2","bfdr_discoveries",0.01,0
20260844,32,500,15,3000,3000,3000,3000,"fast","control_informative",0.05,5,0.01,"","separate_mirage","trait2","bfdr_observed_fdp",0.05,0
20260844,32,500,15,3000,3000,3000,3000,"fast","control_informative",0.05,5,0.01,"","separate_mirage","trait2","bfdr_estimate",0.05,0.0267436645714239
20260844,32,500,15,3000,3000,3000,3000,"fast","control_informative",0.05,5,0.01,"","separate_mirage","trait2","bfdr_power",0.05,0.1
20260844,32,500,15,3000,3000,3000,3000,"fast","control_informative",0.05,5,0.01,"","separate_mirage","trait2","bfdr_discoveries",0.05,1
20260844,32,500,15,3000,3000,3000,3000,"fast","control_informative",0.05,5,0.01,"","separate_mirage","trait2","bfdr_observed_fdp",0.1,0
20260844,32,500,15,3000,3000,3000,3000,"fast","control_informative",0.05,5,0.01,"","separate_mirage","trait2","bfdr_estimate",0.1,0.0267436645714239
20260844,32,500,15,3000,3000,3000,3000,"fast","control_informative",0.05,5,0.01,"","separate_mirage","trait2","bfdr_power",0.1,0.1
20260844,32,500,15,3000,3000,3000,3000,"fast","control_informative",0.05,5,0.01,"","separate_mirage","trait2","bfdr_discoveries",0.1,1
20260844,32,500,15,3000,3000,3000,3000,"fast","control_informative",0.05,5,0.01,"","separate_mirage","trait2","bfdr_observed_fdp",0.2,0
20260844,32,500,15,3000,3000,3000,3000,"fast","control_informative",0.05,5,0.01,"","separate_mirage","trait2","bfdr_estimate",0.2,0.0267436645714239
20260844,32,500,15,3000,3000,3000,3000,"fast","control_informative",0.05,5,0.01,"","separate_mirage","trait2","bfdr_power",0.2,0.1
20260844,32,500,15,3000,3000,3000,3000,"fast","control_informative",0.05,5,0.01,"","separate_mirage","trait2","bfdr_discoveries",0.2,1
20260844,32,500,15,3000,3000,3000,3000,"fast","control_informative",0.05,5,0.01,"","separate_mirage","pleiotropy","bfdr_observed_fdp",0.01,0
20260844,32,500,15,3000,3000,3000,3000,"fast","control_informative",0.05,5,0.01,"","separate_mirage","pleiotropy","bfdr_estimate",0.01,0
20260844,32,500,15,3000,3000,3000,3000,"fast","control_informative",0.05,5,0.01,"","separate_mirage","pleiotropy","bfdr_power",0.01,0
20260844,32,500,15,3000,3000,3000,3000,"fast","control_informative",0.05,5,0.01,"","separate_mirage","pleiotropy","bfdr_discoveries",0.01,0
20260844,32,500,15,3000,3000,3000,3000,"fast","control_informative",0.05,5,0.01,"","separate_mirage","pleiotropy","bfdr_observed_fdp",0.05,0
20260844,32,500,15,3000,3000,3000,3000,"fast","control_informative",0.05,5,0.01,"","separate_mirage","pleiotropy","bfdr_estimate",0.05,0
20260844,32,500,15,3000,3000,3000,3000,"fast","control_informative",0.05,5,0.01,"","separate_mirage","pleiotropy","bfdr_power",0.05,0
20260844,32,500,15,3000,3000,3000,3000,"fast","control_informative",0.05,5,0.01,"","separate_mirage","pleiotropy","bfdr_discoveries",0.05,0
20260844,32,500,15,3000,3000,3000,3000,"fast","control_informative",0.05,5,0.01,"","separate_mirage","pleiotropy","bfdr_observed_fdp",0.1,0
20260844,32,500,15,3000,3000,3000,3000,"fast","control_informative",0.05,5,0.01,"","separate_mirage","pleiotropy","bfdr_estimate",0.1,0
20260844,32,500,15,3000,3000,3000,3000,"fast","control_informative",0.05,5,0.01,"","separate_mirage","pleiotropy","bfdr_power",0.1,0
20260844,32,500,15,3000,3000,3000,3000,"fast","control_informative",0.05,5,0.01,"","separate_mirage","pleiotropy","bfdr_discoveries",0.1,0
20260844,32,500,15,3000,3000,3000,3000,"fast","control_informative",0.05,5,0.01,"","separate_mirage","pleiotropy","bfdr_observed_fdp",0.2,0
20260844,32,500,15,3000,3000,3000,3000,"fast","control_informative",0.05,5,0.01,"","separate_mirage","pleiotropy","bfdr_estimate",0.2,0
20260844,32,500,15,3000,3000,3000,3000,"fast","control_informative",0.05,5,0.01,"","separate_mirage","pleiotropy","bfdr_power",0.2,0
20260844,32,500,15,3000,3000,3000,3000,"fast","control_informative",0.05,5,0.01,"","separate_mirage","pleiotropy","bfdr_discoveries",0.2,0
20260844,32,500,15,3000,3000,3000,3000,"fast","control_informative",0.05,5,0.01,"","separate_mirage","global","runtime_seconds",NA,18.275
20260844,32,500,15,3000,3000,3000,3000,"fast","control_informative",0.05,5,0.01,"","separate_mirage","pleiotropy","pi11_estimate",NA,0.001
20260844,32,500,15,3000,3000,3000,3000,"fast","control_informative",0.05,5,0.01,"","mtada_aggregated","trait1","auc",NA,0.672673684210526
20260844,32,500,15,3000,3000,3000,3000,"fast","control_informative",0.05,5,0.01,"","mtada_aggregated","trait2","auc",NA,0.61469387755102
20260844,32,500,15,3000,3000,3000,3000,"fast","control_informative",0.05,5,0.01,"","mtada_aggregated","pleiotropy","auc",NA,0.762828282828283
20260844,32,500,15,3000,3000,3000,3000,"fast","control_informative",0.05,5,0.01,"","mtada_aggregated","trait1","pp08_power",0.8,0.16
20260844,32,500,15,3000,3000,3000,3000,"fast","control_informative",0.05,5,0.01,"","mtada_aggregated","trait1","pp08_fdp",0.8,0.911111111111111
20260844,32,500,15,3000,3000,3000,3000,"fast","control_informative",0.05,5,0.01,"","mtada_aggregated","trait1","pp08_discoveries",0.8,45
20260844,32,500,15,3000,3000,3000,3000,"fast","control_informative",0.05,5,0.01,"","mtada_aggregated","trait2","pp08_power",0.8,0.1
20260844,32,500,15,3000,3000,3000,3000,"fast","control_informative",0.05,5,0.01,"","mtada_aggregated","trait2","pp08_fdp",0.8,0.972972972972973
20260844,32,500,15,3000,3000,3000,3000,"fast","control_informative",0.05,5,0.01,"","mtada_aggregated","trait2","pp08_discoveries",0.8,37
20260844,32,500,15,3000,3000,3000,3000,"fast","control_informative",0.05,5,0.01,"","mtada_aggregated","pleiotropy","pp08_power",0.8,0
20260844,32,500,15,3000,3000,3000,3000,"fast","control_informative",0.05,5,0.01,"","mtada_aggregated","pleiotropy","pp08_fdp",0.8,1
20260844,32,500,15,3000,3000,3000,3000,"fast","control_informative",0.05,5,0.01,"","mtada_aggregated","pleiotropy","pp08_discoveries",0.8,1
20260844,32,500,15,3000,3000,3000,3000,"fast","control_informative",0.05,5,0.01,"","mtada_aggregated","trait1","bfdr_observed_fdp",0.01,0.894736842105263
20260844,32,500,15,3000,3000,3000,3000,"fast","control_informative",0.05,5,0.01,"","mtada_aggregated","trait1","bfdr_estimate",0.01,0.00974454035689737
20260844,32,500,15,3000,3000,3000,3000,"fast","control_informative",0.05,5,0.01,"","mtada_aggregated","trait1","bfdr_power",0.01,0.16
20260844,32,500,15,3000,3000,3000,3000,"fast","control_informative",0.05,5,0.01,"","mtada_aggregated","trait1","bfdr_discoveries",0.01,38
20260844,32,500,15,3000,3000,3000,3000,"fast","control_informative",0.05,5,0.01,"","mtada_aggregated","trait1","bfdr_observed_fdp",0.05,0.897959183673469
20260844,32,500,15,3000,3000,3000,3000,"fast","control_informative",0.05,5,0.01,"","mtada_aggregated","trait1","bfdr_estimate",0.05,0.0497592756312978
20260844,32,500,15,3000,3000,3000,3000,"fast","control_informative",0.05,5,0.01,"","mtada_aggregated","trait1","bfdr_power",0.05,0.2
20260844,32,500,15,3000,3000,3000,3000,"fast","control_informative",0.05,5,0.01,"","mtada_aggregated","trait1","bfdr_discoveries",0.05,49
20260844,32,500,15,3000,3000,3000,3000,"fast","control_informative",0.05,5,0.01,"","mtada_aggregated","trait1","bfdr_observed_fdp",0.1,0.890909090909091
20260844,32,500,15,3000,3000,3000,3000,"fast","control_informative",0.05,5,0.01,"","mtada_aggregated","trait1","bfdr_estimate",0.1,0.0976027796343649
20260844,32,500,15,3000,3000,3000,3000,"fast","control_informative",0.05,5,0.01,"","mtada_aggregated","trait1","bfdr_power",0.1,0.24
20260844,32,500,15,3000,3000,3000,3000,"fast","control_informative",0.05,5,0.01,"","mtada_aggregated","trait1","bfdr_discoveries",0.1,55
20260844,32,500,15,3000,3000,3000,3000,"fast","control_informative",0.05,5,0.01,"","mtada_aggregated","trait1","bfdr_observed_fdp",0.2,0.890625
20260844,32,500,15,3000,3000,3000,3000,"fast","control_informative",0.05,5,0.01,"","mtada_aggregated","trait1","bfdr_estimate",0.2,0.193688643409994
20260844,32,500,15,3000,3000,3000,3000,"fast","control_informative",0.05,5,0.01,"","mtada_aggregated","trait1","bfdr_power",0.2,0.28
20260844,32,500,15,3000,3000,3000,3000,"fast","control_informative",0.05,5,0.01,"","mtada_aggregated","trait1","bfdr_discoveries",0.2,64
20260844,32,500,15,3000,3000,3000,3000,"fast","control_informative",0.05,5,0.01,"","mtada_aggregated","trait2","bfdr_observed_fdp",0.01,0.971428571428571
20260844,32,500,15,3000,3000,3000,3000,"fast","control_informative",0.05,5,0.01,"","mtada_aggregated","trait2","bfdr_estimate",0.01,0.0080513160971912
20260844,32,500,15,3000,3000,3000,3000,"fast","control_informative",0.05,5,0.01,"","mtada_aggregated","trait2","bfdr_power",0.01,0.1
20260844,32,500,15,3000,3000,3000,3000,"fast","control_informative",0.05,5,0.01,"","mtada_aggregated","trait2","bfdr_discoveries",0.01,35
20260844,32,500,15,3000,3000,3000,3000,"fast","control_informative",0.05,5,0.01,"","mtada_aggregated","trait2","bfdr_observed_fdp",0.05,0.976190476190476
20260844,32,500,15,3000,3000,3000,3000,"fast","control_informative",0.05,5,0.01,"","mtada_aggregated","trait2","bfdr_estimate",0.05,0.0459999680359205
20260844,32,500,15,3000,3000,3000,3000,"fast","control_informative",0.05,5,0.01,"","mtada_aggregated","trait2","bfdr_power",0.05,0.1
20260844,32,500,15,3000,3000,3000,3000,"fast","control_informative",0.05,5,0.01,"","mtada_aggregated","trait2","bfdr_discoveries",0.05,42
20260844,32,500,15,3000,3000,3000,3000,"fast","control_informative",0.05,5,0.01,"","mtada_aggregated","trait2","bfdr_observed_fdp",0.1,0.979166666666667
20260844,32,500,15,3000,3000,3000,3000,"fast","control_informative",0.05,5,0.01,"","mtada_aggregated","trait2","bfdr_estimate",0.1,0.0951132385018268
20260844,32,500,15,3000,3000,3000,3000,"fast","control_informative",0.05,5,0.01,"","mtada_aggregated","trait2","bfdr_power",0.1,0.1
20260844,32,500,15,3000,3000,3000,3000,"fast","control_informative",0.05,5,0.01,"","mtada_aggregated","trait2","bfdr_discoveries",0.1,48
20260844,32,500,15,3000,3000,3000,3000,"fast","control_informative",0.05,5,0.01,"","mtada_aggregated","trait2","bfdr_observed_fdp",0.2,0.983333333333333
20260844,32,500,15,3000,3000,3000,3000,"fast","control_informative",0.05,5,0.01,"","mtada_aggregated","trait2","bfdr_estimate",0.2,0.192387843362097
20260844,32,500,15,3000,3000,3000,3000,"fast","control_informative",0.05,5,0.01,"","mtada_aggregated","trait2","bfdr_power",0.2,0.1
20260844,32,500,15,3000,3000,3000,3000,"fast","control_informative",0.05,5,0.01,"","mtada_aggregated","trait2","bfdr_discoveries",0.2,60
20260844,32,500,15,3000,3000,3000,3000,"fast","control_informative",0.05,5,0.01,"","mtada_aggregated","pleiotropy","bfdr_observed_fdp",0.01,0
20260844,32,500,15,3000,3000,3000,3000,"fast","control_informative",0.05,5,0.01,"","mtada_aggregated","pleiotropy","bfdr_estimate",0.01,0
20260844,32,500,15,3000,3000,3000,3000,"fast","control_informative",0.05,5,0.01,"","mtada_aggregated","pleiotropy","bfdr_power",0.01,0
20260844,32,500,15,3000,3000,3000,3000,"fast","control_informative",0.05,5,0.01,"","mtada_aggregated","pleiotropy","bfdr_discoveries",0.01,0
20260844,32,500,15,3000,3000,3000,3000,"fast","control_informative",0.05,5,0.01,"","mtada_aggregated","pleiotropy","bfdr_observed_fdp",0.05,0
20260844,32,500,15,3000,3000,3000,3000,"fast","control_informative",0.05,5,0.01,"","mtada_aggregated","pleiotropy","bfdr_estimate",0.05,0
20260844,32,500,15,3000,3000,3000,3000,"fast","control_informative",0.05,5,0.01,"","mtada_aggregated","pleiotropy","bfdr_power",0.05,0
20260844,32,500,15,3000,3000,3000,3000,"fast","control_informative",0.05,5,0.01,"","mtada_aggregated","pleiotropy","bfdr_discoveries",0.05,0
20260844,32,500,15,3000,3000,3000,3000,"fast","control_informative",0.05,5,0.01,"","mtada_aggregated","pleiotropy","bfdr_observed_fdp",0.1,0
20260844,32,500,15,3000,3000,3000,3000,"fast","control_informative",0.05,5,0.01,"","mtada_aggregated","pleiotropy","bfdr_estimate",0.1,0
20260844,32,500,15,3000,3000,3000,3000,"fast","control_informative",0.05,5,0.01,"","mtada_aggregated","pleiotropy","bfdr_power",0.1,0
20260844,32,500,15,3000,3000,3000,3000,"fast","control_informative",0.05,5,0.01,"","mtada_aggregated","pleiotropy","bfdr_discoveries",0.1,0
20260844,32,500,15,3000,3000,3000,3000,"fast","control_informative",0.05,5,0.01,"","mtada_aggregated","pleiotropy","bfdr_observed_fdp",0.2,1
20260844,32,500,15,3000,3000,3000,3000,"fast","control_informative",0.05,5,0.01,"","mtada_aggregated","pleiotropy","bfdr_estimate",0.2,0.192357231951928
20260844,32,500,15,3000,3000,3000,3000,"fast","control_informative",0.05,5,0.01,"","mtada_aggregated","pleiotropy","bfdr_power",0.2,0
20260844,32,500,15,3000,3000,3000,3000,"fast","control_informative",0.05,5,0.01,"","mtada_aggregated","pleiotropy","bfdr_discoveries",0.2,2
20260844,32,500,15,3000,3000,3000,3000,"fast","control_informative",0.05,5,0.01,"","mtada_aggregated","global","runtime_seconds",NA,0.894999999999996
20260844,32,500,15,3000,3000,3000,3000,"fast","control_informative",0.05,5,0.01,"","mtada_aggregated","pleiotropy","pi11_estimate",NA,0.000476291
20260845,33,500,15,3000,3000,3000,3000,"fast","control_informative",0.05,5,0.01,"","mirage_joint","trait1","auc",NA,0.719831578947368
20260845,33,500,15,3000,3000,3000,3000,"fast","control_informative",0.05,5,0.01,"","mirage_joint","trait2","auc",NA,0.878775510204082
20260845,33,500,15,3000,3000,3000,3000,"fast","control_informative",0.05,5,0.01,"","mirage_joint","pleiotropy","auc",NA,0.896161616161616
20260845,33,500,15,3000,3000,3000,3000,"fast","control_informative",0.05,5,0.01,"","mirage_joint","trait1","pp08_power",0.8,0.24
20260845,33,500,15,3000,3000,3000,3000,"fast","control_informative",0.05,5,0.01,"","mirage_joint","trait1","pp08_fdp",0.8,0.25
20260845,33,500,15,3000,3000,3000,3000,"fast","control_informative",0.05,5,0.01,"","mirage_joint","trait1","pp08_discoveries",0.8,8
20260845,33,500,15,3000,3000,3000,3000,"fast","control_informative",0.05,5,0.01,"","mirage_joint","trait2","pp08_power",0.8,0.3
20260845,33,500,15,3000,3000,3000,3000,"fast","control_informative",0.05,5,0.01,"","mirage_joint","trait2","pp08_fdp",0.8,0
20260845,33,500,15,3000,3000,3000,3000,"fast","control_informative",0.05,5,0.01,"","mirage_joint","trait2","pp08_discoveries",0.8,3
20260845,33,500,15,3000,3000,3000,3000,"fast","control_informative",0.05,5,0.01,"","mirage_joint","pleiotropy","pp08_power",0.8,0.4
20260845,33,500,15,3000,3000,3000,3000,"fast","control_informative",0.05,5,0.01,"","mirage_joint","pleiotropy","pp08_fdp",0.8,0.333333333333333
20260845,33,500,15,3000,3000,3000,3000,"fast","control_informative",0.05,5,0.01,"","mirage_joint","pleiotropy","pp08_discoveries",0.8,3
20260845,33,500,15,3000,3000,3000,3000,"fast","control_informative",0.05,5,0.01,"","mirage_joint","trait1","bfdr_observed_fdp",0.01,0
20260845,33,500,15,3000,3000,3000,3000,"fast","control_informative",0.05,5,0.01,"","mirage_joint","trait1","bfdr_estimate",0.01,0.00803089071316254
20260845,33,500,15,3000,3000,3000,3000,"fast","control_informative",0.05,5,0.01,"","mirage_joint","trait1","bfdr_power",0.01,0.12
20260845,33,500,15,3000,3000,3000,3000,"fast","control_informative",0.05,5,0.01,"","mirage_joint","trait1","bfdr_discoveries",0.01,3
20260845,33,500,15,3000,3000,3000,3000,"fast","control_informative",0.05,5,0.01,"","mirage_joint","trait1","bfdr_observed_fdp",0.05,0.142857142857143
20260845,33,500,15,3000,3000,3000,3000,"fast","control_informative",0.05,5,0.01,"","mirage_joint","trait1","bfdr_estimate",0.05,0.046312294649316
20260845,33,500,15,3000,3000,3000,3000,"fast","control_informative",0.05,5,0.01,"","mirage_joint","trait1","bfdr_power",0.05,0.24
20260845,33,500,15,3000,3000,3000,3000,"fast","control_informative",0.05,5,0.01,"","mirage_joint","trait1","bfdr_discoveries",0.05,7
20260845,33,500,15,3000,3000,3000,3000,"fast","control_informative",0.05,5,0.01,"","mirage_joint","trait1","bfdr_observed_fdp",0.1,0.333333333333333
20260845,33,500,15,3000,3000,3000,3000,"fast","control_informative",0.05,5,0.01,"","mirage_joint","trait1","bfdr_estimate",0.1,0.0831551331979318
20260845,33,500,15,3000,3000,3000,3000,"fast","control_informative",0.05,5,0.01,"","mirage_joint","trait1","bfdr_power",0.1,0.24
20260845,33,500,15,3000,3000,3000,3000,"fast","control_informative",0.05,5,0.01,"","mirage_joint","trait1","bfdr_discoveries",0.1,9
20260845,33,500,15,3000,3000,3000,3000,"fast","control_informative",0.05,5,0.01,"","mirage_joint","trait1","bfdr_observed_fdp",0.2,0.461538461538462
20260845,33,500,15,3000,3000,3000,3000,"fast","control_informative",0.05,5,0.01,"","mirage_joint","trait1","bfdr_estimate",0.2,0.197223690158263
20260845,33,500,15,3000,3000,3000,3000,"fast","control_informative",0.05,5,0.01,"","mirage_joint","trait1","bfdr_power",0.2,0.28
20260845,33,500,15,3000,3000,3000,3000,"fast","control_informative",0.05,5,0.01,"","mirage_joint","trait1","bfdr_discoveries",0.2,13
20260845,33,500,15,3000,3000,3000,3000,"fast","control_informative",0.05,5,0.01,"","mirage_joint","trait2","bfdr_observed_fdp",0.01,0
20260845,33,500,15,3000,3000,3000,3000,"fast","control_informative",0.05,5,0.01,"","mirage_joint","trait2","bfdr_estimate",0.01,0.00998282772481832
20260845,33,500,15,3000,3000,3000,3000,"fast","control_informative",0.05,5,0.01,"","mirage_joint","trait2","bfdr_power",0.01,0.3
20260845,33,500,15,3000,3000,3000,3000,"fast","control_informative",0.05,5,0.01,"","mirage_joint","trait2","bfdr_discoveries",0.01,3
20260845,33,500,15,3000,3000,3000,3000,"fast","control_informative",0.05,5,0.01,"","mirage_joint","trait2","bfdr_observed_fdp",0.05,0
20260845,33,500,15,3000,3000,3000,3000,"fast","control_informative",0.05,5,0.01,"","mirage_joint","trait2","bfdr_estimate",0.05,0.00998282772481832
20260845,33,500,15,3000,3000,3000,3000,"fast","control_informative",0.05,5,0.01,"","mirage_joint","trait2","bfdr_power",0.05,0.3
20260845,33,500,15,3000,3000,3000,3000,"fast","control_informative",0.05,5,0.01,"","mirage_joint","trait2","bfdr_discoveries",0.05,3
20260845,33,500,15,3000,3000,3000,3000,"fast","control_informative",0.05,5,0.01,"","mirage_joint","trait2","bfdr_observed_fdp",0.1,0.25
20260845,33,500,15,3000,3000,3000,3000,"fast","control_informative",0.05,5,0.01,"","mirage_joint","trait2","bfdr_estimate",0.1,0.0593290546349524
20260845,33,500,15,3000,3000,3000,3000,"fast","control_informative",0.05,5,0.01,"","mirage_joint","trait2","bfdr_power",0.1,0.3
20260845,33,500,15,3000,3000,3000,3000,"fast","control_informative",0.05,5,0.01,"","mirage_joint","trait2","bfdr_discoveries",0.1,4
20260845,33,500,15,3000,3000,3000,3000,"fast","control_informative",0.05,5,0.01,"","mirage_joint","trait2","bfdr_observed_fdp",0.2,0.5
20260845,33,500,15,3000,3000,3000,3000,"fast","control_informative",0.05,5,0.01,"","mirage_joint","trait2","bfdr_estimate",0.2,0.184542029128741
20260845,33,500,15,3000,3000,3000,3000,"fast","control_informative",0.05,5,0.01,"","mirage_joint","trait2","bfdr_power",0.2,0.4
20260845,33,500,15,3000,3000,3000,3000,"fast","control_informative",0.05,5,0.01,"","mirage_joint","trait2","bfdr_discoveries",0.2,8
20260845,33,500,15,3000,3000,3000,3000,"fast","control_informative",0.05,5,0.01,"","mirage_joint","pleiotropy","bfdr_observed_fdp",0.01,0
20260845,33,500,15,3000,3000,3000,3000,"fast","control_informative",0.05,5,0.01,"","mirage_joint","pleiotropy","bfdr_estimate",0.01,0
20260845,33,500,15,3000,3000,3000,3000,"fast","control_informative",0.05,5,0.01,"","mirage_joint","pleiotropy","bfdr_power",0.01,0
20260845,33,500,15,3000,3000,3000,3000,"fast","control_informative",0.05,5,0.01,"","mirage_joint","pleiotropy","bfdr_discoveries",0.01,0
20260845,33,500,15,3000,3000,3000,3000,"fast","control_informative",0.05,5,0.01,"","mirage_joint","pleiotropy","bfdr_observed_fdp",0.05,0.333333333333333
20260845,33,500,15,3000,3000,3000,3000,"fast","control_informative",0.05,5,0.01,"","mirage_joint","pleiotropy","bfdr_estimate",0.05,0.044721487697977
20260845,33,500,15,3000,3000,3000,3000,"fast","control_informative",0.05,5,0.01,"","mirage_joint","pleiotropy","bfdr_power",0.05,0.4
20260845,33,500,15,3000,3000,3000,3000,"fast","control_informative",0.05,5,0.01,"","mirage_joint","pleiotropy","bfdr_discoveries",0.05,3
20260845,33,500,15,3000,3000,3000,3000,"fast","control_informative",0.05,5,0.01,"","mirage_joint","pleiotropy","bfdr_observed_fdp",0.1,0.5
20260845,33,500,15,3000,3000,3000,3000,"fast","control_informative",0.05,5,0.01,"","mirage_joint","pleiotropy","bfdr_estimate",0.1,0.0943356303468327
20260845,33,500,15,3000,3000,3000,3000,"fast","control_informative",0.05,5,0.01,"","mirage_joint","pleiotropy","bfdr_power",0.1,0.4
20260845,33,500,15,3000,3000,3000,3000,"fast","control_informative",0.05,5,0.01,"","mirage_joint","pleiotropy","bfdr_discoveries",0.1,4
20260845,33,500,15,3000,3000,3000,3000,"fast","control_informative",0.05,5,0.01,"","mirage_joint","pleiotropy","bfdr_observed_fdp",0.2,0.714285714285714
20260845,33,500,15,3000,3000,3000,3000,"fast","control_informative",0.05,5,0.01,"","mirage_joint","pleiotropy","bfdr_estimate",0.2,0.185368254360621
20260845,33,500,15,3000,3000,3000,3000,"fast","control_informative",0.05,5,0.01,"","mirage_joint","pleiotropy","bfdr_power",0.2,0.4
20260845,33,500,15,3000,3000,3000,3000,"fast","control_informative",0.05,5,0.01,"","mirage_joint","pleiotropy","bfdr_discoveries",0.2,7
20260845,33,500,15,3000,3000,3000,3000,"fast","control_informative",0.05,5,0.01,"","mirage_joint","global","runtime_seconds",NA,18.597
20260845,33,500,15,3000,3000,3000,3000,"fast","control_informative",0.05,5,0.01,"","mirage_joint","pleiotropy","pi11_estimate",NA,0.124593805128639
20260845,33,500,15,3000,3000,3000,3000,"fast","control_informative",0.05,5,0.01,"","separate_mirage","trait1","auc",NA,0.76901052631579
20260845,33,500,15,3000,3000,3000,3000,"fast","control_informative",0.05,5,0.01,"","separate_mirage","trait2","auc",NA,0.790612244897959
20260845,33,500,15,3000,3000,3000,3000,"fast","control_informative",0.05,5,0.01,"","separate_mirage","pleiotropy","auc",NA,0.877575757575758
20260845,33,500,15,3000,3000,3000,3000,"fast","control_informative",0.05,5,0.01,"","separate_mirage","trait1","pp08_power",0.8,0.12
20260845,33,500,15,3000,3000,3000,3000,"fast","control_informative",0.05,5,0.01,"","separate_mirage","trait1","pp08_fdp",0.8,0
20260845,33,500,15,3000,3000,3000,3000,"fast","control_informative",0.05,5,0.01,"","separate_mirage","trait1","pp08_discoveries",0.8,3
20260845,33,500,15,3000,3000,3000,3000,"fast","control_informative",0.05,5,0.01,"","separate_mirage","trait2","pp08_power",0.8,0.2
20260845,33,500,15,3000,3000,3000,3000,"fast","control_informative",0.05,5,0.01,"","separate_mirage","trait2","pp08_fdp",0.8,0
20260845,33,500,15,3000,3000,3000,3000,"fast","control_informative",0.05,5,0.01,"","separate_mirage","trait2","pp08_discoveries",0.8,2
20260845,33,500,15,3000,3000,3000,3000,"fast","control_informative",0.05,5,0.01,"","separate_mirage","pleiotropy","pp08_power",0.8,0
20260845,33,500,15,3000,3000,3000,3000,"fast","control_informative",0.05,5,0.01,"","separate_mirage","pleiotropy","pp08_fdp",0.8,0
20260845,33,500,15,3000,3000,3000,3000,"fast","control_informative",0.05,5,0.01,"","separate_mirage","pleiotropy","pp08_discoveries",0.8,0
20260845,33,500,15,3000,3000,3000,3000,"fast","control_informative",0.05,5,0.01,"","separate_mirage","trait1","bfdr_observed_fdp",0.01,0
20260845,33,500,15,3000,3000,3000,3000,"fast","control_informative",0.05,5,0.01,"","separate_mirage","trait1","bfdr_estimate",0.01,0.009136624825476
20260845,33,500,15,3000,3000,3000,3000,"fast","control_informative",0.05,5,0.01,"","separate_mirage","trait1","bfdr_power",0.01,0.08
20260845,33,500,15,3000,3000,3000,3000,"fast","control_informative",0.05,5,0.01,"","separate_mirage","trait1","bfdr_discoveries",0.01,2
20260845,33,500,15,3000,3000,3000,3000,"fast","control_informative",0.05,5,0.01,"","separate_mirage","trait1","bfdr_observed_fdp",0.05,0
20260845,33,500,15,3000,3000,3000,3000,"fast","control_informative",0.05,5,0.01,"","separate_mirage","trait1","bfdr_estimate",0.05,0.04133561596505
20260845,33,500,15,3000,3000,3000,3000,"fast","control_informative",0.05,5,0.01,"","separate_mirage","trait1","bfdr_power",0.05,0.12
20260845,33,500,15,3000,3000,3000,3000,"fast","control_informative",0.05,5,0.01,"","separate_mirage","trait1","bfdr_discoveries",0.05,3
20260845,33,500,15,3000,3000,3000,3000,"fast","control_informative",0.05,5,0.01,"","separate_mirage","trait1","bfdr_observed_fdp",0.1,0
20260845,33,500,15,3000,3000,3000,3000,"fast","control_informative",0.05,5,0.01,"","separate_mirage","trait1","bfdr_estimate",0.1,0.0965466719491453
20260845,33,500,15,3000,3000,3000,3000,"fast","control_informative",0.05,5,0.01,"","separate_mirage","trait1","bfdr_power",0.1,0.16
20260845,33,500,15,3000,3000,3000,3000,"fast","control_informative",0.05,5,0.01,"","separate_mirage","trait1","bfdr_discoveries",0.1,4
20260845,33,500,15,3000,3000,3000,3000,"fast","control_informative",0.05,5,0.01,"","separate_mirage","trait1","bfdr_observed_fdp",0.2,0.166666666666667
20260845,33,500,15,3000,3000,3000,3000,"fast","control_informative",0.05,5,0.01,"","separate_mirage","trait1","bfdr_estimate",0.2,0.179260259261418
20260845,33,500,15,3000,3000,3000,3000,"fast","control_informative",0.05,5,0.01,"","separate_mirage","trait1","bfdr_power",0.2,0.2
20260845,33,500,15,3000,3000,3000,3000,"fast","control_informative",0.05,5,0.01,"","separate_mirage","trait1","bfdr_discoveries",0.2,6
20260845,33,500,15,3000,3000,3000,3000,"fast","control_informative",0.05,5,0.01,"","separate_mirage","trait2","bfdr_observed_fdp",0.01,0
20260845,33,500,15,3000,3000,3000,3000,"fast","control_informative",0.05,5,0.01,"","separate_mirage","trait2","bfdr_estimate",0.01,6.90018671924975e-05
20260845,33,500,15,3000,3000,3000,3000,"fast","control_informative",0.05,5,0.01,"","separate_mirage","trait2","bfdr_power",0.01,0.2
20260845,33,500,15,3000,3000,3000,3000,"fast","control_informative",0.05,5,0.01,"","separate_mirage","trait2","bfdr_discoveries",0.01,2
20260845,33,500,15,3000,3000,3000,3000,"fast","control_informative",0.05,5,0.01,"","separate_mirage","trait2","bfdr_observed_fdp",0.05,0
20260845,33,500,15,3000,3000,3000,3000,"fast","control_informative",0.05,5,0.01,"","separate_mirage","trait2","bfdr_estimate",0.05,6.90018671924975e-05
20260845,33,500,15,3000,3000,3000,3000,"fast","control_informative",0.05,5,0.01,"","separate_mirage","trait2","bfdr_power",0.05,0.2
20260845,33,500,15,3000,3000,3000,3000,"fast","control_informative",0.05,5,0.01,"","separate_mirage","trait2","bfdr_discoveries",0.05,2
20260845,33,500,15,3000,3000,3000,3000,"fast","control_informative",0.05,5,0.01,"","separate_mirage","trait2","bfdr_observed_fdp",0.1,0
20260845,33,500,15,3000,3000,3000,3000,"fast","control_informative",0.05,5,0.01,"","separate_mirage","trait2","bfdr_estimate",0.1,6.90018671924975e-05
20260845,33,500,15,3000,3000,3000,3000,"fast","control_informative",0.05,5,0.01,"","separate_mirage","trait2","bfdr_power",0.1,0.2
20260845,33,500,15,3000,3000,3000,3000,"fast","control_informative",0.05,5,0.01,"","separate_mirage","trait2","bfdr_discoveries",0.1,2
20260845,33,500,15,3000,3000,3000,3000,"fast","control_informative",0.05,5,0.01,"","separate_mirage","trait2","bfdr_observed_fdp",0.2,0.333333333333333
20260845,33,500,15,3000,3000,3000,3000,"fast","control_informative",0.05,5,0.01,"","separate_mirage","trait2","bfdr_estimate",0.2,0.164524982586323
20260845,33,500,15,3000,3000,3000,3000,"fast","control_informative",0.05,5,0.01,"","separate_mirage","trait2","bfdr_power",0.2,0.2
20260845,33,500,15,3000,3000,3000,3000,"fast","control_informative",0.05,5,0.01,"","separate_mirage","trait2","bfdr_discoveries",0.2,3
20260845,33,500,15,3000,3000,3000,3000,"fast","control_informative",0.05,5,0.01,"","separate_mirage","pleiotropy","bfdr_observed_fdp",0.01,0
20260845,33,500,15,3000,3000,3000,3000,"fast","control_informative",0.05,5,0.01,"","separate_mirage","pleiotropy","bfdr_estimate",0.01,0
20260845,33,500,15,3000,3000,3000,3000,"fast","control_informative",0.05,5,0.01,"","separate_mirage","pleiotropy","bfdr_power",0.01,0
20260845,33,500,15,3000,3000,3000,3000,"fast","control_informative",0.05,5,0.01,"","separate_mirage","pleiotropy","bfdr_discoveries",0.01,0
20260845,33,500,15,3000,3000,3000,3000,"fast","control_informative",0.05,5,0.01,"","separate_mirage","pleiotropy","bfdr_observed_fdp",0.05,0
20260845,33,500,15,3000,3000,3000,3000,"fast","control_informative",0.05,5,0.01,"","separate_mirage","pleiotropy","bfdr_estimate",0.05,0
20260845,33,500,15,3000,3000,3000,3000,"fast","control_informative",0.05,5,0.01,"","separate_mirage","pleiotropy","bfdr_power",0.05,0
20260845,33,500,15,3000,3000,3000,3000,"fast","control_informative",0.05,5,0.01,"","separate_mirage","pleiotropy","bfdr_discoveries",0.05,0
20260845,33,500,15,3000,3000,3000,3000,"fast","control_informative",0.05,5,0.01,"","separate_mirage","pleiotropy","bfdr_observed_fdp",0.1,0
20260845,33,500,15,3000,3000,3000,3000,"fast","control_informative",0.05,5,0.01,"","separate_mirage","pleiotropy","bfdr_estimate",0.1,0
20260845,33,500,15,3000,3000,3000,3000,"fast","control_informative",0.05,5,0.01,"","separate_mirage","pleiotropy","bfdr_power",0.1,0
20260845,33,500,15,3000,3000,3000,3000,"fast","control_informative",0.05,5,0.01,"","separate_mirage","pleiotropy","bfdr_discoveries",0.1,0
20260845,33,500,15,3000,3000,3000,3000,"fast","control_informative",0.05,5,0.01,"","separate_mirage","pleiotropy","bfdr_observed_fdp",0.2,0
20260845,33,500,15,3000,3000,3000,3000,"fast","control_informative",0.05,5,0.01,"","separate_mirage","pleiotropy","bfdr_estimate",0.2,0
20260845,33,500,15,3000,3000,3000,3000,"fast","control_informative",0.05,5,0.01,"","separate_mirage","pleiotropy","bfdr_power",0.2,0
20260845,33,500,15,3000,3000,3000,3000,"fast","control_informative",0.05,5,0.01,"","separate_mirage","pleiotropy","bfdr_discoveries",0.2,0
20260845,33,500,15,3000,3000,3000,3000,"fast","control_informative",0.05,5,0.01,"","separate_mirage","global","runtime_seconds",NA,18.224
20260845,33,500,15,3000,3000,3000,3000,"fast","control_informative",0.05,5,0.01,"","separate_mirage","pleiotropy","pi11_estimate",NA,0.001
20260845,33,500,15,3000,3000,3000,3000,"fast","control_informative",0.05,5,0.01,"","mtada_aggregated","trait1","auc",NA,0.69861052631579
20260845,33,500,15,3000,3000,3000,3000,"fast","control_informative",0.05,5,0.01,"","mtada_aggregated","trait2","auc",NA,0.758775510204082
20260845,33,500,15,3000,3000,3000,3000,"fast","control_informative",0.05,5,0.01,"","mtada_aggregated","pleiotropy","auc",NA,0.793939393939394
20260845,33,500,15,3000,3000,3000,3000,"fast","control_informative",0.05,5,0.01,"","mtada_aggregated","trait1","pp08_power",0.8,0.2
20260845,33,500,15,3000,3000,3000,3000,"fast","control_informative",0.05,5,0.01,"","mtada_aggregated","trait1","pp08_fdp",0.8,0.868421052631579
20260845,33,500,15,3000,3000,3000,3000,"fast","control_informative",0.05,5,0.01,"","mtada_aggregated","trait1","pp08_discoveries",0.8,38
20260845,33,500,15,3000,3000,3000,3000,"fast","control_informative",0.05,5,0.01,"","mtada_aggregated","trait2","pp08_power",0.8,0.4
20260845,33,500,15,3000,3000,3000,3000,"fast","control_informative",0.05,5,0.01,"","mtada_aggregated","trait2","pp08_fdp",0.8,0.88235294117647
20260845,33,500,15,3000,3000,3000,3000,"fast","control_informative",0.05,5,0.01,"","mtada_aggregated","trait2","pp08_discoveries",0.8,34
20260845,33,500,15,3000,3000,3000,3000,"fast","control_informative",0.05,5,0.01,"","mtada_aggregated","pleiotropy","pp08_power",0.8,0.2
20260845,33,500,15,3000,3000,3000,3000,"fast","control_informative",0.05,5,0.01,"","mtada_aggregated","pleiotropy","pp08_fdp",0.8,0.666666666666667
20260845,33,500,15,3000,3000,3000,3000,"fast","control_informative",0.05,5,0.01,"","mtada_aggregated","pleiotropy","pp08_discoveries",0.8,3
20260845,33,500,15,3000,3000,3000,3000,"fast","control_informative",0.05,5,0.01,"","mtada_aggregated","trait1","bfdr_observed_fdp",0.01,0.857142857142857
20260845,33,500,15,3000,3000,3000,3000,"fast","control_informative",0.05,5,0.01,"","mtada_aggregated","trait1","bfdr_estimate",0.01,0.0090291595472765
20260845,33,500,15,3000,3000,3000,3000,"fast","control_informative",0.05,5,0.01,"","mtada_aggregated","trait1","bfdr_power",0.01,0.2
20260845,33,500,15,3000,3000,3000,3000,"fast","control_informative",0.05,5,0.01,"","mtada_aggregated","trait1","bfdr_discoveries",0.01,35
20260845,33,500,15,3000,3000,3000,3000,"fast","control_informative",0.05,5,0.01,"","mtada_aggregated","trait1","bfdr_observed_fdp",0.05,0.880952380952381
20260845,33,500,15,3000,3000,3000,3000,"fast","control_informative",0.05,5,0.01,"","mtada_aggregated","trait1","bfdr_estimate",0.05,0.047356595128823
20260845,33,500,15,3000,3000,3000,3000,"fast","control_informative",0.05,5,0.01,"","mtada_aggregated","trait1","bfdr_power",0.05,0.2
20260845,33,500,15,3000,3000,3000,3000,"fast","control_informative",0.05,5,0.01,"","mtada_aggregated","trait1","bfdr_discoveries",0.05,42
20260845,33,500,15,3000,3000,3000,3000,"fast","control_informative",0.05,5,0.01,"","mtada_aggregated","trait1","bfdr_observed_fdp",0.1,0.872340425531915
20260845,33,500,15,3000,3000,3000,3000,"fast","control_informative",0.05,5,0.01,"","mtada_aggregated","trait1","bfdr_estimate",0.1,0.099185997107983
20260845,33,500,15,3000,3000,3000,3000,"fast","control_informative",0.05,5,0.01,"","mtada_aggregated","trait1","bfdr_power",0.1,0.24
20260845,33,500,15,3000,3000,3000,3000,"fast","control_informative",0.05,5,0.01,"","mtada_aggregated","trait1","bfdr_discoveries",0.1,47
20260845,33,500,15,3000,3000,3000,3000,"fast","control_informative",0.05,5,0.01,"","mtada_aggregated","trait1","bfdr_observed_fdp",0.2,0.892857142857143
20260845,33,500,15,3000,3000,3000,3000,"fast","control_informative",0.05,5,0.01,"","mtada_aggregated","trait1","bfdr_estimate",0.2,0.194731394889514
20260845,33,500,15,3000,3000,3000,3000,"fast","control_informative",0.05,5,0.01,"","mtada_aggregated","trait1","bfdr_power",0.2,0.24
20260845,33,500,15,3000,3000,3000,3000,"fast","control_informative",0.05,5,0.01,"","mtada_aggregated","trait1","bfdr_discoveries",0.2,56
20260845,33,500,15,3000,3000,3000,3000,"fast","control_informative",0.05,5,0.01,"","mtada_aggregated","trait2","bfdr_observed_fdp",0.01,0.870967741935484
20260845,33,500,15,3000,3000,3000,3000,"fast","control_informative",0.05,5,0.01,"","mtada_aggregated","trait2","bfdr_estimate",0.01,0.0089124112027224
20260845,33,500,15,3000,3000,3000,3000,"fast","control_informative",0.05,5,0.01,"","mtada_aggregated","trait2","bfdr_power",0.01,0.4
20260845,33,500,15,3000,3000,3000,3000,"fast","control_informative",0.05,5,0.01,"","mtada_aggregated","trait2","bfdr_discoveries",0.01,31
20260845,33,500,15,3000,3000,3000,3000,"fast","control_informative",0.05,5,0.01,"","mtada_aggregated","trait2","bfdr_observed_fdp",0.05,0.891891891891892
20260845,33,500,15,3000,3000,3000,3000,"fast","control_informative",0.05,5,0.01,"","mtada_aggregated","trait2","bfdr_estimate",0.05,0.0445175678474368
20260845,33,500,15,3000,3000,3000,3000,"fast","control_informative",0.05,5,0.01,"","mtada_aggregated","trait2","bfdr_power",0.05,0.4
20260845,33,500,15,3000,3000,3000,3000,"fast","control_informative",0.05,5,0.01,"","mtada_aggregated","trait2","bfdr_discoveries",0.05,37
20260845,33,500,15,3000,3000,3000,3000,"fast","control_informative",0.05,5,0.01,"","mtada_aggregated","trait2","bfdr_observed_fdp",0.1,0.902439024390244
20260845,33,500,15,3000,3000,3000,3000,"fast","control_informative",0.05,5,0.01,"","mtada_aggregated","trait2","bfdr_estimate",0.1,0.0933139615583661
20260845,33,500,15,3000,3000,3000,3000,"fast","control_informative",0.05,5,0.01,"","mtada_aggregated","trait2","bfdr_power",0.1,0.4
20260845,33,500,15,3000,3000,3000,3000,"fast","control_informative",0.05,5,0.01,"","mtada_aggregated","trait2","bfdr_discoveries",0.1,41
20260845,33,500,15,3000,3000,3000,3000,"fast","control_informative",0.05,5,0.01,"","mtada_aggregated","trait2","bfdr_observed_fdp",0.2,0.918367346938776
20260845,33,500,15,3000,3000,3000,3000,"fast","control_informative",0.05,5,0.01,"","mtada_aggregated","trait2","bfdr_estimate",0.2,0.197731246624569
20260845,33,500,15,3000,3000,3000,3000,"fast","control_informative",0.05,5,0.01,"","mtada_aggregated","trait2","bfdr_power",0.2,0.4
20260845,33,500,15,3000,3000,3000,3000,"fast","control_informative",0.05,5,0.01,"","mtada_aggregated","trait2","bfdr_discoveries",0.2,49
20260845,33,500,15,3000,3000,3000,3000,"fast","control_informative",0.05,5,0.01,"","mtada_aggregated","pleiotropy","bfdr_observed_fdp",0.01,0.666666666666667
20260845,33,500,15,3000,3000,3000,3000,"fast","control_informative",0.05,5,0.01,"","mtada_aggregated","pleiotropy","bfdr_estimate",0.01,0.00247005997290635
20260845,33,500,15,3000,3000,3000,3000,"fast","control_informative",0.05,5,0.01,"","mtada_aggregated","pleiotropy","bfdr_power",0.01,0.2
20260845,33,500,15,3000,3000,3000,3000,"fast","control_informative",0.05,5,0.01,"","mtada_aggregated","pleiotropy","bfdr_discoveries",0.01,3
20260845,33,500,15,3000,3000,3000,3000,"fast","control_informative",0.05,5,0.01,"","mtada_aggregated","pleiotropy","bfdr_observed_fdp",0.05,0.666666666666667
20260845,33,500,15,3000,3000,3000,3000,"fast","control_informative",0.05,5,0.01,"","mtada_aggregated","pleiotropy","bfdr_estimate",0.05,0.00247005997290635
20260845,33,500,15,3000,3000,3000,3000,"fast","control_informative",0.05,5,0.01,"","mtada_aggregated","pleiotropy","bfdr_power",0.05,0.2
20260845,33,500,15,3000,3000,3000,3000,"fast","control_informative",0.05,5,0.01,"","mtada_aggregated","pleiotropy","bfdr_discoveries",0.05,3
20260845,33,500,15,3000,3000,3000,3000,"fast","control_informative",0.05,5,0.01,"","mtada_aggregated","pleiotropy","bfdr_observed_fdp",0.1,0.75
20260845,33,500,15,3000,3000,3000,3000,"fast","control_informative",0.05,5,0.01,"","mtada_aggregated","pleiotropy","bfdr_estimate",0.1,0.0605873365039101
20260845,33,500,15,3000,3000,3000,3000,"fast","control_informative",0.05,5,0.01,"","mtada_aggregated","pleiotropy","bfdr_power",0.1,0.2
20260845,33,500,15,3000,3000,3000,3000,"fast","control_informative",0.05,5,0.01,"","mtada_aggregated","pleiotropy","bfdr_discoveries",0.1,4
20260845,33,500,15,3000,3000,3000,3000,"fast","control_informative",0.05,5,0.01,"","mtada_aggregated","pleiotropy","bfdr_observed_fdp",0.2,0.8
20260845,33,500,15,3000,3000,3000,3000,"fast","control_informative",0.05,5,0.01,"","mtada_aggregated","pleiotropy","bfdr_estimate",0.2,0.175948651279604
20260845,33,500,15,3000,3000,3000,3000,"fast","control_informative",0.05,5,0.01,"","mtada_aggregated","pleiotropy","bfdr_power",0.2,0.2
20260845,33,500,15,3000,3000,3000,3000,"fast","control_informative",0.05,5,0.01,"","mtada_aggregated","pleiotropy","bfdr_discoveries",0.2,5
20260845,33,500,15,3000,3000,3000,3000,"fast","control_informative",0.05,5,0.01,"","mtada_aggregated","global","runtime_seconds",NA,0.810000000000002
20260845,33,500,15,3000,3000,3000,3000,"fast","control_informative",0.05,5,0.01,"","mtada_aggregated","pleiotropy","pi11_estimate",NA,0.00236605
20260846,34,500,15,3000,3000,3000,3000,"fast","control_informative",0.05,5,0.01,"","mirage_joint","trait1","auc",NA,0.708126315789474
20260846,34,500,15,3000,3000,3000,3000,"fast","control_informative",0.05,5,0.01,"","mirage_joint","trait2","auc",NA,0.706530612244898
20260846,34,500,15,3000,3000,3000,3000,"fast","control_informative",0.05,5,0.01,"","mirage_joint","pleiotropy","auc",NA,0.557575757575758
20260846,34,500,15,3000,3000,3000,3000,"fast","control_informative",0.05,5,0.01,"","mirage_joint","trait1","pp08_power",0.8,0.2
20260846,34,500,15,3000,3000,3000,3000,"fast","control_informative",0.05,5,0.01,"","mirage_joint","trait1","pp08_fdp",0.8,0.285714285714286
20260846,34,500,15,3000,3000,3000,3000,"fast","control_informative",0.05,5,0.01,"","mirage_joint","trait1","pp08_discoveries",0.8,7
20260846,34,500,15,3000,3000,3000,3000,"fast","control_informative",0.05,5,0.01,"","mirage_joint","trait2","pp08_power",0.8,0.2
20260846,34,500,15,3000,3000,3000,3000,"fast","control_informative",0.05,5,0.01,"","mirage_joint","trait2","pp08_fdp",0.8,0
20260846,34,500,15,3000,3000,3000,3000,"fast","control_informative",0.05,5,0.01,"","mirage_joint","trait2","pp08_discoveries",0.8,2
20260846,34,500,15,3000,3000,3000,3000,"fast","control_informative",0.05,5,0.01,"","mirage_joint","pleiotropy","pp08_power",0.8,0
20260846,34,500,15,3000,3000,3000,3000,"fast","control_informative",0.05,5,0.01,"","mirage_joint","pleiotropy","pp08_fdp",0.8,0
20260846,34,500,15,3000,3000,3000,3000,"fast","control_informative",0.05,5,0.01,"","mirage_joint","pleiotropy","pp08_discoveries",0.8,0
20260846,34,500,15,3000,3000,3000,3000,"fast","control_informative",0.05,5,0.01,"","mirage_joint","trait1","bfdr_observed_fdp",0.01,0
20260846,34,500,15,3000,3000,3000,3000,"fast","control_informative",0.05,5,0.01,"","mirage_joint","trait1","bfdr_estimate",0.01,0.00414324458085422
20260846,34,500,15,3000,3000,3000,3000,"fast","control_informative",0.05,5,0.01,"","mirage_joint","trait1","bfdr_power",0.01,0.2
20260846,34,500,15,3000,3000,3000,3000,"fast","control_informative",0.05,5,0.01,"","mirage_joint","trait1","bfdr_discoveries",0.01,5
20260846,34,500,15,3000,3000,3000,3000,"fast","control_informative",0.05,5,0.01,"","mirage_joint","trait1","bfdr_observed_fdp",0.05,0.285714285714286
20260846,34,500,15,3000,3000,3000,3000,"fast","control_informative",0.05,5,0.01,"","mirage_joint","trait1","bfdr_estimate",0.05,0.0378361785048306
20260846,34,500,15,3000,3000,3000,3000,"fast","control_informative",0.05,5,0.01,"","mirage_joint","trait1","bfdr_power",0.05,0.2
20260846,34,500,15,3000,3000,3000,3000,"fast","control_informative",0.05,5,0.01,"","mirage_joint","trait1","bfdr_discoveries",0.05,7
20260846,34,500,15,3000,3000,3000,3000,"fast","control_informative",0.05,5,0.01,"","mirage_joint","trait1","bfdr_observed_fdp",0.1,0.333333333333333
20260846,34,500,15,3000,3000,3000,3000,"fast","control_informative",0.05,5,0.01,"","mirage_joint","trait1","bfdr_estimate",0.1,0.0944519985408434
20260846,34,500,15,3000,3000,3000,3000,"fast","control_informative",0.05,5,0.01,"","mirage_joint","trait1","bfdr_power",0.1,0.24
20260846,34,500,15,3000,3000,3000,3000,"fast","control_informative",0.05,5,0.01,"","mirage_joint","trait1","bfdr_discoveries",0.1,9
20260846,34,500,15,3000,3000,3000,3000,"fast","control_informative",0.05,5,0.01,"","mirage_joint","trait1","bfdr_observed_fdp",0.2,0.5
20260846,34,500,15,3000,3000,3000,3000,"fast","control_informative",0.05,5,0.01,"","mirage_joint","trait1","bfdr_estimate",0.2,0.177506659108448
20260846,34,500,15,3000,3000,3000,3000,"fast","control_informative",0.05,5,0.01,"","mirage_joint","trait1","bfdr_power",0.2,0.24
20260846,34,500,15,3000,3000,3000,3000,"fast","control_informative",0.05,5,0.01,"","mirage_joint","trait1","bfdr_discoveries",0.2,12
20260846,34,500,15,3000,3000,3000,3000,"fast","control_informative",0.05,5,0.01,"","mirage_joint","trait2","bfdr_observed_fdp",0.01,0
20260846,34,500,15,3000,3000,3000,3000,"fast","control_informative",0.05,5,0.01,"","mirage_joint","trait2","bfdr_estimate",0.01,0.000143431638559455
20260846,34,500,15,3000,3000,3000,3000,"fast","control_informative",0.05,5,0.01,"","mirage_joint","trait2","bfdr_power",0.01,0.1
20260846,34,500,15,3000,3000,3000,3000,"fast","control_informative",0.05,5,0.01,"","mirage_joint","trait2","bfdr_discoveries",0.01,1
20260846,34,500,15,3000,3000,3000,3000,"fast","control_informative",0.05,5,0.01,"","mirage_joint","trait2","bfdr_observed_fdp",0.05,0
20260846,34,500,15,3000,3000,3000,3000,"fast","control_informative",0.05,5,0.01,"","mirage_joint","trait2","bfdr_estimate",0.05,0.0134213424316544
20260846,34,500,15,3000,3000,3000,3000,"fast","control_informative",0.05,5,0.01,"","mirage_joint","trait2","bfdr_power",0.05,0.2
20260846,34,500,15,3000,3000,3000,3000,"fast","control_informative",0.05,5,0.01,"","mirage_joint","trait2","bfdr_discoveries",0.05,2
20260846,34,500,15,3000,3000,3000,3000,"fast","control_informative",0.05,5,0.01,"","mirage_joint","trait2","bfdr_observed_fdp",0.1,0.333333333333333
20260846,34,500,15,3000,3000,3000,3000,"fast","control_informative",0.05,5,0.01,"","mirage_joint","trait2","bfdr_estimate",0.1,0.0830617567374067
20260846,34,500,15,3000,3000,3000,3000,"fast","control_informative",0.05,5,0.01,"","mirage_joint","trait2","bfdr_power",0.1,0.2
20260846,34,500,15,3000,3000,3000,3000,"fast","control_informative",0.05,5,0.01,"","mirage_joint","trait2","bfdr_discoveries",0.1,3
20260846,34,500,15,3000,3000,3000,3000,"fast","control_informative",0.05,5,0.01,"","mirage_joint","trait2","bfdr_observed_fdp",0.2,0.5
20260846,34,500,15,3000,3000,3000,3000,"fast","control_informative",0.05,5,0.01,"","mirage_joint","trait2","bfdr_estimate",0.2,0.155298539672893
20260846,34,500,15,3000,3000,3000,3000,"fast","control_informative",0.05,5,0.01,"","mirage_joint","trait2","bfdr_power",0.2,0.2
20260846,34,500,15,3000,3000,3000,3000,"fast","control_informative",0.05,5,0.01,"","mirage_joint","trait2","bfdr_discoveries",0.2,4
20260846,34,500,15,3000,3000,3000,3000,"fast","control_informative",0.05,5,0.01,"","mirage_joint","pleiotropy","bfdr_observed_fdp",0.01,0
20260846,34,500,15,3000,3000,3000,3000,"fast","control_informative",0.05,5,0.01,"","mirage_joint","pleiotropy","bfdr_estimate",0.01,0
20260846,34,500,15,3000,3000,3000,3000,"fast","control_informative",0.05,5,0.01,"","mirage_joint","pleiotropy","bfdr_power",0.01,0
20260846,34,500,15,3000,3000,3000,3000,"fast","control_informative",0.05,5,0.01,"","mirage_joint","pleiotropy","bfdr_discoveries",0.01,0
20260846,34,500,15,3000,3000,3000,3000,"fast","control_informative",0.05,5,0.01,"","mirage_joint","pleiotropy","bfdr_observed_fdp",0.05,0
20260846,34,500,15,3000,3000,3000,3000,"fast","control_informative",0.05,5,0.01,"","mirage_joint","pleiotropy","bfdr_estimate",0.05,0
20260846,34,500,15,3000,3000,3000,3000,"fast","control_informative",0.05,5,0.01,"","mirage_joint","pleiotropy","bfdr_power",0.05,0
20260846,34,500,15,3000,3000,3000,3000,"fast","control_informative",0.05,5,0.01,"","mirage_joint","pleiotropy","bfdr_discoveries",0.05,0
20260846,34,500,15,3000,3000,3000,3000,"fast","control_informative",0.05,5,0.01,"","mirage_joint","pleiotropy","bfdr_observed_fdp",0.1,0
20260846,34,500,15,3000,3000,3000,3000,"fast","control_informative",0.05,5,0.01,"","mirage_joint","pleiotropy","bfdr_estimate",0.1,0
20260846,34,500,15,3000,3000,3000,3000,"fast","control_informative",0.05,5,0.01,"","mirage_joint","pleiotropy","bfdr_power",0.1,0
20260846,34,500,15,3000,3000,3000,3000,"fast","control_informative",0.05,5,0.01,"","mirage_joint","pleiotropy","bfdr_discoveries",0.1,0
20260846,34,500,15,3000,3000,3000,3000,"fast","control_informative",0.05,5,0.01,"","mirage_joint","pleiotropy","bfdr_observed_fdp",0.2,0
20260846,34,500,15,3000,3000,3000,3000,"fast","control_informative",0.05,5,0.01,"","mirage_joint","pleiotropy","bfdr_estimate",0.2,0
20260846,34,500,15,3000,3000,3000,3000,"fast","control_informative",0.05,5,0.01,"","mirage_joint","pleiotropy","bfdr_power",0.2,0
20260846,34,500,15,3000,3000,3000,3000,"fast","control_informative",0.05,5,0.01,"","mirage_joint","pleiotropy","bfdr_discoveries",0.2,0
20260846,34,500,15,3000,3000,3000,3000,"fast","control_informative",0.05,5,0.01,"","mirage_joint","global","runtime_seconds",NA,18.589
20260846,34,500,15,3000,3000,3000,3000,"fast","control_informative",0.05,5,0.01,"","mirage_joint","pleiotropy","pi11_estimate",NA,0.000326078592313143
20260846,34,500,15,3000,3000,3000,3000,"fast","control_informative",0.05,5,0.01,"","separate_mirage","trait1","auc",NA,0.710652631578947
20260846,34,500,15,3000,3000,3000,3000,"fast","control_informative",0.05,5,0.01,"","separate_mirage","trait2","auc",NA,0.670816326530612
20260846,34,500,15,3000,3000,3000,3000,"fast","control_informative",0.05,5,0.01,"","separate_mirage","pleiotropy","auc",NA,0.56
20260846,34,500,15,3000,3000,3000,3000,"fast","control_informative",0.05,5,0.01,"","separate_mirage","trait1","pp08_power",0.8,0.2
20260846,34,500,15,3000,3000,3000,3000,"fast","control_informative",0.05,5,0.01,"","separate_mirage","trait1","pp08_fdp",0.8,0.166666666666667
20260846,34,500,15,3000,3000,3000,3000,"fast","control_informative",0.05,5,0.01,"","separate_mirage","trait1","pp08_discoveries",0.8,6
20260846,34,500,15,3000,3000,3000,3000,"fast","control_informative",0.05,5,0.01,"","separate_mirage","trait2","pp08_power",0.8,0.2
20260846,34,500,15,3000,3000,3000,3000,"fast","control_informative",0.05,5,0.01,"","separate_mirage","trait2","pp08_fdp",0.8,0
20260846,34,500,15,3000,3000,3000,3000,"fast","control_informative",0.05,5,0.01,"","separate_mirage","trait2","pp08_discoveries",0.8,2
20260846,34,500,15,3000,3000,3000,3000,"fast","control_informative",0.05,5,0.01,"","separate_mirage","pleiotropy","pp08_power",0.8,0
20260846,34,500,15,3000,3000,3000,3000,"fast","control_informative",0.05,5,0.01,"","separate_mirage","pleiotropy","pp08_fdp",0.8,0
20260846,34,500,15,3000,3000,3000,3000,"fast","control_informative",0.05,5,0.01,"","separate_mirage","pleiotropy","pp08_discoveries",0.8,0
20260846,34,500,15,3000,3000,3000,3000,"fast","control_informative",0.05,5,0.01,"","separate_mirage","trait1","bfdr_observed_fdp",0.01,0
20260846,34,500,15,3000,3000,3000,3000,"fast","control_informative",0.05,5,0.01,"","separate_mirage","trait1","bfdr_estimate",0.01,0.00850218640399028
20260846,34,500,15,3000,3000,3000,3000,"fast","control_informative",0.05,5,0.01,"","separate_mirage","trait1","bfdr_power",0.01,0.2
20260846,34,500,15,3000,3000,3000,3000,"fast","control_informative",0.05,5,0.01,"","separate_mirage","trait1","bfdr_discoveries",0.01,5
20260846,34,500,15,3000,3000,3000,3000,"fast","control_informative",0.05,5,0.01,"","separate_mirage","trait1","bfdr_observed_fdp",0.05,0.166666666666667
20260846,34,500,15,3000,3000,3000,3000,"fast","control_informative",0.05,5,0.01,"","separate_mirage","trait1","bfdr_estimate",0.05,0.0234807878287757
20260846,34,500,15,3000,3000,3000,3000,"fast","control_informative",0.05,5,0.01,"","separate_mirage","trait1","bfdr_power",0.05,0.2
20260846,34,500,15,3000,3000,3000,3000,"fast","control_informative",0.05,5,0.01,"","separate_mirage","trait1","bfdr_discoveries",0.05,6
20260846,34,500,15,3000,3000,3000,3000,"fast","control_informative",0.05,5,0.01,"","separate_mirage","trait1","bfdr_observed_fdp",0.1,0.285714285714286
20260846,34,500,15,3000,3000,3000,3000,"fast","control_informative",0.05,5,0.01,"","separate_mirage","trait1","bfdr_estimate",0.1,0.0639820886645493
20260846,34,500,15,3000,3000,3000,3000,"fast","control_informative",0.05,5,0.01,"","separate_mirage","trait1","bfdr_power",0.1,0.2
20260846,34,500,15,3000,3000,3000,3000,"fast","control_informative",0.05,5,0.01,"","separate_mirage","trait1","bfdr_discoveries",0.1,7
20260846,34,500,15,3000,3000,3000,3000,"fast","control_informative",0.05,5,0.01,"","separate_mirage","trait1","bfdr_observed_fdp",0.2,0.444444444444444
20260846,34,500,15,3000,3000,3000,3000,"fast","control_informative",0.05,5,0.01,"","separate_mirage","trait1","bfdr_estimate",0.2,0.179681864008374
20260846,34,500,15,3000,3000,3000,3000,"fast","control_informative",0.05,5,0.01,"","separate_mirage","trait1","bfdr_power",0.2,0.2
20260846,34,500,15,3000,3000,3000,3000,"fast","control_informative",0.05,5,0.01,"","separate_mirage","trait1","bfdr_discoveries",0.2,9
20260846,34,500,15,3000,3000,3000,3000,"fast","control_informative",0.05,5,0.01,"","separate_mirage","trait2","bfdr_observed_fdp",0.01,0
20260846,34,500,15,3000,3000,3000,3000,"fast","control_informative",0.05,5,0.01,"","separate_mirage","trait2","bfdr_estimate",0.01,0.000225958842571372
20260846,34,500,15,3000,3000,3000,3000,"fast","control_informative",0.05,5,0.01,"","separate_mirage","trait2","bfdr_power",0.01,0.1
20260846,34,500,15,3000,3000,3000,3000,"fast","control_informative",0.05,5,0.01,"","separate_mirage","trait2","bfdr_discoveries",0.01,1
20260846,34,500,15,3000,3000,3000,3000,"fast","control_informative",0.05,5,0.01,"","separate_mirage","trait2","bfdr_observed_fdp",0.05,0
20260846,34,500,15,3000,3000,3000,3000,"fast","control_informative",0.05,5,0.01,"","separate_mirage","trait2","bfdr_estimate",0.05,0.0244334694549885
20260846,34,500,15,3000,3000,3000,3000,"fast","control_informative",0.05,5,0.01,"","separate_mirage","trait2","bfdr_power",0.05,0.2
20260846,34,500,15,3000,3000,3000,3000,"fast","control_informative",0.05,5,0.01,"","separate_mirage","trait2","bfdr_discoveries",0.05,2
20260846,34,500,15,3000,3000,3000,3000,"fast","control_informative",0.05,5,0.01,"","separate_mirage","trait2","bfdr_observed_fdp",0.1,0
20260846,34,500,15,3000,3000,3000,3000,"fast","control_informative",0.05,5,0.01,"","separate_mirage","trait2","bfdr_estimate",0.1,0.0244334694549885
20260846,34,500,15,3000,3000,3000,3000,"fast","control_informative",0.05,5,0.01,"","separate_mirage","trait2","bfdr_power",0.1,0.2
20260846,34,500,15,3000,3000,3000,3000,"fast","control_informative",0.05,5,0.01,"","separate_mirage","trait2","bfdr_discoveries",0.1,2
20260846,34,500,15,3000,3000,3000,3000,"fast","control_informative",0.05,5,0.01,"","separate_mirage","trait2","bfdr_observed_fdp",0.2,0.333333333333333
20260846,34,500,15,3000,3000,3000,3000,"fast","control_informative",0.05,5,0.01,"","separate_mirage","trait2","bfdr_estimate",0.2,0.11613658531105
20260846,34,500,15,3000,3000,3000,3000,"fast","control_informative",0.05,5,0.01,"","separate_mirage","trait2","bfdr_power",0.2,0.2
20260846,34,500,15,3000,3000,3000,3000,"fast","control_informative",0.05,5,0.01,"","separate_mirage","trait2","bfdr_discoveries",0.2,3
20260846,34,500,15,3000,3000,3000,3000,"fast","control_informative",0.05,5,0.01,"","separate_mirage","pleiotropy","bfdr_observed_fdp",0.01,0
20260846,34,500,15,3000,3000,3000,3000,"fast","control_informative",0.05,5,0.01,"","separate_mirage","pleiotropy","bfdr_estimate",0.01,0
20260846,34,500,15,3000,3000,3000,3000,"fast","control_informative",0.05,5,0.01,"","separate_mirage","pleiotropy","bfdr_power",0.01,0
20260846,34,500,15,3000,3000,3000,3000,"fast","control_informative",0.05,5,0.01,"","separate_mirage","pleiotropy","bfdr_discoveries",0.01,0
20260846,34,500,15,3000,3000,3000,3000,"fast","control_informative",0.05,5,0.01,"","separate_mirage","pleiotropy","bfdr_observed_fdp",0.05,0
20260846,34,500,15,3000,3000,3000,3000,"fast","control_informative",0.05,5,0.01,"","separate_mirage","pleiotropy","bfdr_estimate",0.05,0
20260846,34,500,15,3000,3000,3000,3000,"fast","control_informative",0.05,5,0.01,"","separate_mirage","pleiotropy","bfdr_power",0.05,0
20260846,34,500,15,3000,3000,3000,3000,"fast","control_informative",0.05,5,0.01,"","separate_mirage","pleiotropy","bfdr_discoveries",0.05,0
20260846,34,500,15,3000,3000,3000,3000,"fast","control_informative",0.05,5,0.01,"","separate_mirage","pleiotropy","bfdr_observed_fdp",0.1,0
20260846,34,500,15,3000,3000,3000,3000,"fast","control_informative",0.05,5,0.01,"","separate_mirage","pleiotropy","bfdr_estimate",0.1,0
20260846,34,500,15,3000,3000,3000,3000,"fast","control_informative",0.05,5,0.01,"","separate_mirage","pleiotropy","bfdr_power",0.1,0
20260846,34,500,15,3000,3000,3000,3000,"fast","control_informative",0.05,5,0.01,"","separate_mirage","pleiotropy","bfdr_discoveries",0.1,0
20260846,34,500,15,3000,3000,3000,3000,"fast","control_informative",0.05,5,0.01,"","separate_mirage","pleiotropy","bfdr_observed_fdp",0.2,0
20260846,34,500,15,3000,3000,3000,3000,"fast","control_informative",0.05,5,0.01,"","separate_mirage","pleiotropy","bfdr_estimate",0.2,0
20260846,34,500,15,3000,3000,3000,3000,"fast","control_informative",0.05,5,0.01,"","separate_mirage","pleiotropy","bfdr_power",0.2,0
20260846,34,500,15,3000,3000,3000,3000,"fast","control_informative",0.05,5,0.01,"","separate_mirage","pleiotropy","bfdr_discoveries",0.2,0
20260846,34,500,15,3000,3000,3000,3000,"fast","control_informative",0.05,5,0.01,"","separate_mirage","global","runtime_seconds",NA,18.277
20260846,34,500,15,3000,3000,3000,3000,"fast","control_informative",0.05,5,0.01,"","separate_mirage","pleiotropy","pi11_estimate",NA,0.001
20260846,34,500,15,3000,3000,3000,3000,"fast","control_informative",0.05,5,0.01,"","mtada_aggregated","trait1","auc",NA,0.7264
20260846,34,500,15,3000,3000,3000,3000,"fast","control_informative",0.05,5,0.01,"","mtada_aggregated","trait2","auc",NA,0.783265306122449
20260846,34,500,15,3000,3000,3000,3000,"fast","control_informative",0.05,5,0.01,"","mtada_aggregated","pleiotropy","auc",NA,0.656161616161616
20260846,34,500,15,3000,3000,3000,3000,"fast","control_informative",0.05,5,0.01,"","mtada_aggregated","trait1","pp08_power",0.8,0.28
20260846,34,500,15,3000,3000,3000,3000,"fast","control_informative",0.05,5,0.01,"","mtada_aggregated","trait1","pp08_fdp",0.8,0.840909090909091
20260846,34,500,15,3000,3000,3000,3000,"fast","control_informative",0.05,5,0.01,"","mtada_aggregated","trait1","pp08_discoveries",0.8,44
20260846,34,500,15,3000,3000,3000,3000,"fast","control_informative",0.05,5,0.01,"","mtada_aggregated","trait2","pp08_power",0.8,0.3
20260846,34,500,15,3000,3000,3000,3000,"fast","control_informative",0.05,5,0.01,"","mtada_aggregated","trait2","pp08_fdp",0.8,0.911764705882353
20260846,34,500,15,3000,3000,3000,3000,"fast","control_informative",0.05,5,0.01,"","mtada_aggregated","trait2","pp08_discoveries",0.8,34
20260846,34,500,15,3000,3000,3000,3000,"fast","control_informative",0.05,5,0.01,"","mtada_aggregated","pleiotropy","pp08_power",0.8,0
20260846,34,500,15,3000,3000,3000,3000,"fast","control_informative",0.05,5,0.01,"","mtada_aggregated","pleiotropy","pp08_fdp",0.8,1
20260846,34,500,15,3000,3000,3000,3000,"fast","control_informative",0.05,5,0.01,"","mtada_aggregated","pleiotropy","pp08_discoveries",0.8,5
20260846,34,500,15,3000,3000,3000,3000,"fast","control_informative",0.05,5,0.01,"","mtada_aggregated","trait1","bfdr_observed_fdp",0.01,0.82051282051282
20260846,34,500,15,3000,3000,3000,3000,"fast","control_informative",0.05,5,0.01,"","mtada_aggregated","trait1","bfdr_estimate",0.01,0.00906807177969756
20260846,34,500,15,3000,3000,3000,3000,"fast","control_informative",0.05,5,0.01,"","mtada_aggregated","trait1","bfdr_power",0.01,0.28
20260846,34,500,15,3000,3000,3000,3000,"fast","control_informative",0.05,5,0.01,"","mtada_aggregated","trait1","bfdr_discoveries",0.01,39
20260846,34,500,15,3000,3000,3000,3000,"fast","control_informative",0.05,5,0.01,"","mtada_aggregated","trait1","bfdr_observed_fdp",0.05,0.854166666666667
20260846,34,500,15,3000,3000,3000,3000,"fast","control_informative",0.05,5,0.01,"","mtada_aggregated","trait1","bfdr_estimate",0.05,0.0454269185743392
20260846,34,500,15,3000,3000,3000,3000,"fast","control_informative",0.05,5,0.01,"","mtada_aggregated","trait1","bfdr_power",0.05,0.28
20260846,34,500,15,3000,3000,3000,3000,"fast","control_informative",0.05,5,0.01,"","mtada_aggregated","trait1","bfdr_discoveries",0.05,48
20260846,34,500,15,3000,3000,3000,3000,"fast","control_informative",0.05,5,0.01,"","mtada_aggregated","trait1","bfdr_observed_fdp",0.1,0.872727272727273
20260846,34,500,15,3000,3000,3000,3000,"fast","control_informative",0.05,5,0.01,"","mtada_aggregated","trait1","bfdr_estimate",0.1,0.0972894101175265
20260846,34,500,15,3000,3000,3000,3000,"fast","control_informative",0.05,5,0.01,"","mtada_aggregated","trait1","bfdr_power",0.1,0.28
20260846,34,500,15,3000,3000,3000,3000,"fast","control_informative",0.05,5,0.01,"","mtada_aggregated","trait1","bfdr_discoveries",0.1,55
20260846,34,500,15,3000,3000,3000,3000,"fast","control_informative",0.05,5,0.01,"","mtada_aggregated","trait1","bfdr_observed_fdp",0.2,0.846153846153846
20260846,34,500,15,3000,3000,3000,3000,"fast","control_informative",0.05,5,0.01,"","mtada_aggregated","trait1","bfdr_estimate",0.2,0.197136386454722
20260846,34,500,15,3000,3000,3000,3000,"fast","control_informative",0.05,5,0.01,"","mtada_aggregated","trait1","bfdr_power",0.2,0.4
20260846,34,500,15,3000,3000,3000,3000,"fast","control_informative",0.05,5,0.01,"","mtada_aggregated","trait1","bfdr_discoveries",0.2,65
20260846,34,500,15,3000,3000,3000,3000,"fast","control_informative",0.05,5,0.01,"","mtada_aggregated","trait2","bfdr_observed_fdp",0.01,0.90625
20260846,34,500,15,3000,3000,3000,3000,"fast","control_informative",0.05,5,0.01,"","mtada_aggregated","trait2","bfdr_estimate",0.01,0.00716070098909867
20260846,34,500,15,3000,3000,3000,3000,"fast","control_informative",0.05,5,0.01,"","mtada_aggregated","trait2","bfdr_power",0.01,0.3
20260846,34,500,15,3000,3000,3000,3000,"fast","control_informative",0.05,5,0.01,"","mtada_aggregated","trait2","bfdr_discoveries",0.01,32
20260846,34,500,15,3000,3000,3000,3000,"fast","control_informative",0.05,5,0.01,"","mtada_aggregated","trait2","bfdr_observed_fdp",0.05,0.918918918918919
20260846,34,500,15,3000,3000,3000,3000,"fast","control_informative",0.05,5,0.01,"","mtada_aggregated","trait2","bfdr_estimate",0.05,0.0381581778752814
20260846,34,500,15,3000,3000,3000,3000,"fast","control_informative",0.05,5,0.01,"","mtada_aggregated","trait2","bfdr_power",0.05,0.3
20260846,34,500,15,3000,3000,3000,3000,"fast","control_informative",0.05,5,0.01,"","mtada_aggregated","trait2","bfdr_discoveries",0.05,37
20260846,34,500,15,3000,3000,3000,3000,"fast","control_informative",0.05,5,0.01,"","mtada_aggregated","trait2","bfdr_observed_fdp",0.1,0.902439024390244
20260846,34,500,15,3000,3000,3000,3000,"fast","control_informative",0.05,5,0.01,"","mtada_aggregated","trait2","bfdr_estimate",0.1,0.0944969570555322
20260846,34,500,15,3000,3000,3000,3000,"fast","control_informative",0.05,5,0.01,"","mtada_aggregated","trait2","bfdr_power",0.1,0.4
20260846,34,500,15,3000,3000,3000,3000,"fast","control_informative",0.05,5,0.01,"","mtada_aggregated","trait2","bfdr_discoveries",0.1,41
20260846,34,500,15,3000,3000,3000,3000,"fast","control_informative",0.05,5,0.01,"","mtada_aggregated","trait2","bfdr_observed_fdp",0.2,0.914893617021277
20260846,34,500,15,3000,3000,3000,3000,"fast","control_informative",0.05,5,0.01,"","mtada_aggregated","trait2","bfdr_estimate",0.2,0.18639704026356
20260846,34,500,15,3000,3000,3000,3000,"fast","control_informative",0.05,5,0.01,"","mtada_aggregated","trait2","bfdr_power",0.2,0.4
20260846,34,500,15,3000,3000,3000,3000,"fast","control_informative",0.05,5,0.01,"","mtada_aggregated","trait2","bfdr_discoveries",0.2,47
20260846,34,500,15,3000,3000,3000,3000,"fast","control_informative",0.05,5,0.01,"","mtada_aggregated","pleiotropy","bfdr_observed_fdp",0.01,1
20260846,34,500,15,3000,3000,3000,3000,"fast","control_informative",0.05,5,0.01,"","mtada_aggregated","pleiotropy","bfdr_estimate",0.01,0.00466526486066263
20260846,34,500,15,3000,3000,3000,3000,"fast","control_informative",0.05,5,0.01,"","mtada_aggregated","pleiotropy","bfdr_power",0.01,0
20260846,34,500,15,3000,3000,3000,3000,"fast","control_informative",0.05,5,0.01,"","mtada_aggregated","pleiotropy","bfdr_discoveries",0.01,5
20260846,34,500,15,3000,3000,3000,3000,"fast","control_informative",0.05,5,0.01,"","mtada_aggregated","pleiotropy","bfdr_observed_fdp",0.05,1
20260846,34,500,15,3000,3000,3000,3000,"fast","control_informative",0.05,5,0.01,"","mtada_aggregated","pleiotropy","bfdr_estimate",0.05,0.0474841286213618
20260846,34,500,15,3000,3000,3000,3000,"fast","control_informative",0.05,5,0.01,"","mtada_aggregated","pleiotropy","bfdr_power",0.05,0
20260846,34,500,15,3000,3000,3000,3000,"fast","control_informative",0.05,5,0.01,"","mtada_aggregated","pleiotropy","bfdr_discoveries",0.05,6
20260846,34,500,15,3000,3000,3000,3000,"fast","control_informative",0.05,5,0.01,"","mtada_aggregated","pleiotropy","bfdr_observed_fdp",0.1,1
20260846,34,500,15,3000,3000,3000,3000,"fast","control_informative",0.05,5,0.01,"","mtada_aggregated","pleiotropy","bfdr_estimate",0.1,0.0474841286213618
20260846,34,500,15,3000,3000,3000,3000,"fast","control_informative",0.05,5,0.01,"","mtada_aggregated","pleiotropy","bfdr_power",0.1,0
20260846,34,500,15,3000,3000,3000,3000,"fast","control_informative",0.05,5,0.01,"","mtada_aggregated","pleiotropy","bfdr_discoveries",0.1,6
20260846,34,500,15,3000,3000,3000,3000,"fast","control_informative",0.05,5,0.01,"","mtada_aggregated","pleiotropy","bfdr_observed_fdp",0.2,1
20260846,34,500,15,3000,3000,3000,3000,"fast","control_informative",0.05,5,0.01,"","mtada_aggregated","pleiotropy","bfdr_estimate",0.2,0.127876220368797
20260846,34,500,15,3000,3000,3000,3000,"fast","control_informative",0.05,5,0.01,"","mtada_aggregated","pleiotropy","bfdr_power",0.2,0
20260846,34,500,15,3000,3000,3000,3000,"fast","control_informative",0.05,5,0.01,"","mtada_aggregated","pleiotropy","bfdr_discoveries",0.2,7
20260846,34,500,15,3000,3000,3000,3000,"fast","control_informative",0.05,5,0.01,"","mtada_aggregated","global","runtime_seconds",NA,0.753999999999991
20260846,34,500,15,3000,3000,3000,3000,"fast","control_informative",0.05,5,0.01,"","mtada_aggregated","pleiotropy","pi11_estimate",NA,0.00195541
20260847,35,500,15,3000,3000,3000,3000,"fast","control_informative",0.05,5,0.01,"","mirage_joint","trait1","auc",NA,0.641094736842105
20260847,35,500,15,3000,3000,3000,3000,"fast","control_informative",0.05,5,0.01,"","mirage_joint","trait2","auc",NA,0.621632653061225
20260847,35,500,15,3000,3000,3000,3000,"fast","control_informative",0.05,5,0.01,"","mirage_joint","pleiotropy","auc",NA,0.70949494949495
20260847,35,500,15,3000,3000,3000,3000,"fast","control_informative",0.05,5,0.01,"","mirage_joint","trait1","pp08_power",0.8,0.04
20260847,35,500,15,3000,3000,3000,3000,"fast","control_informative",0.05,5,0.01,"","mirage_joint","trait1","pp08_fdp",0.8,0
20260847,35,500,15,3000,3000,3000,3000,"fast","control_informative",0.05,5,0.01,"","mirage_joint","trait1","pp08_discoveries",0.8,1
20260847,35,500,15,3000,3000,3000,3000,"fast","control_informative",0.05,5,0.01,"","mirage_joint","trait2","pp08_power",0.8,0.2
20260847,35,500,15,3000,3000,3000,3000,"fast","control_informative",0.05,5,0.01,"","mirage_joint","trait2","pp08_fdp",0.8,0
20260847,35,500,15,3000,3000,3000,3000,"fast","control_informative",0.05,5,0.01,"","mirage_joint","trait2","pp08_discoveries",0.8,2
20260847,35,500,15,3000,3000,3000,3000,"fast","control_informative",0.05,5,0.01,"","mirage_joint","pleiotropy","pp08_power",0.8,0
20260847,35,500,15,3000,3000,3000,3000,"fast","control_informative",0.05,5,0.01,"","mirage_joint","pleiotropy","pp08_fdp",0.8,0
20260847,35,500,15,3000,3000,3000,3000,"fast","control_informative",0.05,5,0.01,"","mirage_joint","pleiotropy","pp08_discoveries",0.8,0
20260847,35,500,15,3000,3000,3000,3000,"fast","control_informative",0.05,5,0.01,"","mirage_joint","trait1","bfdr_observed_fdp",0.01,0
20260847,35,500,15,3000,3000,3000,3000,"fast","control_informative",0.05,5,0.01,"","mirage_joint","trait1","bfdr_estimate",0.01,4.68735168901446e-07
20260847,35,500,15,3000,3000,3000,3000,"fast","control_informative",0.05,5,0.01,"","mirage_joint","trait1","bfdr_power",0.01,0.04
20260847,35,500,15,3000,3000,3000,3000,"fast","control_informative",0.05,5,0.01,"","mirage_joint","trait1","bfdr_discoveries",0.01,1
20260847,35,500,15,3000,3000,3000,3000,"fast","control_informative",0.05,5,0.01,"","mirage_joint","trait1","bfdr_observed_fdp",0.05,0
20260847,35,500,15,3000,3000,3000,3000,"fast","control_informative",0.05,5,0.01,"","mirage_joint","trait1","bfdr_estimate",0.05,4.68735168901446e-07
20260847,35,500,15,3000,3000,3000,3000,"fast","control_informative",0.05,5,0.01,"","mirage_joint","trait1","bfdr_power",0.05,0.04
20260847,35,500,15,3000,3000,3000,3000,"fast","control_informative",0.05,5,0.01,"","mirage_joint","trait1","bfdr_discoveries",0.05,1
20260847,35,500,15,3000,3000,3000,3000,"fast","control_informative",0.05,5,0.01,"","mirage_joint","trait1","bfdr_observed_fdp",0.1,0
20260847,35,500,15,3000,3000,3000,3000,"fast","control_informative",0.05,5,0.01,"","mirage_joint","trait1","bfdr_estimate",0.1,4.68735168901446e-07
20260847,35,500,15,3000,3000,3000,3000,"fast","control_informative",0.05,5,0.01,"","mirage_joint","trait1","bfdr_power",0.1,0.04
20260847,35,500,15,3000,3000,3000,3000,"fast","control_informative",0.05,5,0.01,"","mirage_joint","trait1","bfdr_discoveries",0.1,1
20260847,35,500,15,3000,3000,3000,3000,"fast","control_informative",0.05,5,0.01,"","mirage_joint","trait1","bfdr_observed_fdp",0.2,0
20260847,35,500,15,3000,3000,3000,3000,"fast","control_informative",0.05,5,0.01,"","mirage_joint","trait1","bfdr_estimate",0.2,0.16359660350513
20260847,35,500,15,3000,3000,3000,3000,"fast","control_informative",0.05,5,0.01,"","mirage_joint","trait1","bfdr_power",0.2,0.08
20260847,35,500,15,3000,3000,3000,3000,"fast","control_informative",0.05,5,0.01,"","mirage_joint","trait1","bfdr_discoveries",0.2,2
20260847,35,500,15,3000,3000,3000,3000,"fast","control_informative",0.05,5,0.01,"","mirage_joint","trait2","bfdr_observed_fdp",0.01,0
20260847,35,500,15,3000,3000,3000,3000,"fast","control_informative",0.05,5,0.01,"","mirage_joint","trait2","bfdr_estimate",0.01,0
20260847,35,500,15,3000,3000,3000,3000,"fast","control_informative",0.05,5,0.01,"","mirage_joint","trait2","bfdr_power",0.01,0
20260847,35,500,15,3000,3000,3000,3000,"fast","control_informative",0.05,5,0.01,"","mirage_joint","trait2","bfdr_discoveries",0.01,0
20260847,35,500,15,3000,3000,3000,3000,"fast","control_informative",0.05,5,0.01,"","mirage_joint","trait2","bfdr_observed_fdp",0.05,0
20260847,35,500,15,3000,3000,3000,3000,"fast","control_informative",0.05,5,0.01,"","mirage_joint","trait2","bfdr_estimate",0.05,0
20260847,35,500,15,3000,3000,3000,3000,"fast","control_informative",0.05,5,0.01,"","mirage_joint","trait2","bfdr_power",0.05,0
20260847,35,500,15,3000,3000,3000,3000,"fast","control_informative",0.05,5,0.01,"","mirage_joint","trait2","bfdr_discoveries",0.05,0
20260847,35,500,15,3000,3000,3000,3000,"fast","control_informative",0.05,5,0.01,"","mirage_joint","trait2","bfdr_observed_fdp",0.1,0
20260847,35,500,15,3000,3000,3000,3000,"fast","control_informative",0.05,5,0.01,"","mirage_joint","trait2","bfdr_estimate",0.1,0.0889840597653144
20260847,35,500,15,3000,3000,3000,3000,"fast","control_informative",0.05,5,0.01,"","mirage_joint","trait2","bfdr_power",0.1,0.2
20260847,35,500,15,3000,3000,3000,3000,"fast","control_informative",0.05,5,0.01,"","mirage_joint","trait2","bfdr_discoveries",0.1,2
20260847,35,500,15,3000,3000,3000,3000,"fast","control_informative",0.05,5,0.01,"","mirage_joint","trait2","bfdr_observed_fdp",0.2,0
20260847,35,500,15,3000,3000,3000,3000,"fast","control_informative",0.05,5,0.01,"","mirage_joint","trait2","bfdr_estimate",0.2,0.0889840597653144
20260847,35,500,15,3000,3000,3000,3000,"fast","control_informative",0.05,5,0.01,"","mirage_joint","trait2","bfdr_power",0.2,0.2
20260847,35,500,15,3000,3000,3000,3000,"fast","control_informative",0.05,5,0.01,"","mirage_joint","trait2","bfdr_discoveries",0.2,2
20260847,35,500,15,3000,3000,3000,3000,"fast","control_informative",0.05,5,0.01,"","mirage_joint","pleiotropy","bfdr_observed_fdp",0.01,0
20260847,35,500,15,3000,3000,3000,3000,"fast","control_informative",0.05,5,0.01,"","mirage_joint","pleiotropy","bfdr_estimate",0.01,0
20260847,35,500,15,3000,3000,3000,3000,"fast","control_informative",0.05,5,0.01,"","mirage_joint","pleiotropy","bfdr_power",0.01,0
20260847,35,500,15,3000,3000,3000,3000,"fast","control_informative",0.05,5,0.01,"","mirage_joint","pleiotropy","bfdr_discoveries",0.01,0
20260847,35,500,15,3000,3000,3000,3000,"fast","control_informative",0.05,5,0.01,"","mirage_joint","pleiotropy","bfdr_observed_fdp",0.05,0
20260847,35,500,15,3000,3000,3000,3000,"fast","control_informative",0.05,5,0.01,"","mirage_joint","pleiotropy","bfdr_estimate",0.05,0
20260847,35,500,15,3000,3000,3000,3000,"fast","control_informative",0.05,5,0.01,"","mirage_joint","pleiotropy","bfdr_power",0.05,0
20260847,35,500,15,3000,3000,3000,3000,"fast","control_informative",0.05,5,0.01,"","mirage_joint","pleiotropy","bfdr_discoveries",0.05,0
20260847,35,500,15,3000,3000,3000,3000,"fast","control_informative",0.05,5,0.01,"","mirage_joint","pleiotropy","bfdr_observed_fdp",0.1,0
20260847,35,500,15,3000,3000,3000,3000,"fast","control_informative",0.05,5,0.01,"","mirage_joint","pleiotropy","bfdr_estimate",0.1,0
20260847,35,500,15,3000,3000,3000,3000,"fast","control_informative",0.05,5,0.01,"","mirage_joint","pleiotropy","bfdr_power",0.1,0
20260847,35,500,15,3000,3000,3000,3000,"fast","control_informative",0.05,5,0.01,"","mirage_joint","pleiotropy","bfdr_discoveries",0.1,0
20260847,35,500,15,3000,3000,3000,3000,"fast","control_informative",0.05,5,0.01,"","mirage_joint","pleiotropy","bfdr_observed_fdp",0.2,0
20260847,35,500,15,3000,3000,3000,3000,"fast","control_informative",0.05,5,0.01,"","mirage_joint","pleiotropy","bfdr_estimate",0.2,0
20260847,35,500,15,3000,3000,3000,3000,"fast","control_informative",0.05,5,0.01,"","mirage_joint","pleiotropy","bfdr_power",0.2,0
20260847,35,500,15,3000,3000,3000,3000,"fast","control_informative",0.05,5,0.01,"","mirage_joint","pleiotropy","bfdr_discoveries",0.2,0
20260847,35,500,15,3000,3000,3000,3000,"fast","control_informative",0.05,5,0.01,"","mirage_joint","global","runtime_seconds",NA,18.576
20260847,35,500,15,3000,3000,3000,3000,"fast","control_informative",0.05,5,0.01,"","mirage_joint","pleiotropy","pi11_estimate",NA,0.00781752381205102
20260847,35,500,15,3000,3000,3000,3000,"fast","control_informative",0.05,5,0.01,"","separate_mirage","trait1","auc",NA,0.622905263157895
20260847,35,500,15,3000,3000,3000,3000,"fast","control_informative",0.05,5,0.01,"","separate_mirage","trait2","auc",NA,0.604285714285714
20260847,35,500,15,3000,3000,3000,3000,"fast","control_informative",0.05,5,0.01,"","separate_mirage","pleiotropy","auc",NA,0.698585858585859
20260847,35,500,15,3000,3000,3000,3000,"fast","control_informative",0.05,5,0.01,"","separate_mirage","trait1","pp08_power",0.8,0.04
20260847,35,500,15,3000,3000,3000,3000,"fast","control_informative",0.05,5,0.01,"","separate_mirage","trait1","pp08_fdp",0.8,0
20260847,35,500,15,3000,3000,3000,3000,"fast","control_informative",0.05,5,0.01,"","separate_mirage","trait1","pp08_discoveries",0.8,1
20260847,35,500,15,3000,3000,3000,3000,"fast","control_informative",0.05,5,0.01,"","separate_mirage","trait2","pp08_power",0.8,0.2
20260847,35,500,15,3000,3000,3000,3000,"fast","control_informative",0.05,5,0.01,"","separate_mirage","trait2","pp08_fdp",0.8,0
20260847,35,500,15,3000,3000,3000,3000,"fast","control_informative",0.05,5,0.01,"","separate_mirage","trait2","pp08_discoveries",0.8,2
20260847,35,500,15,3000,3000,3000,3000,"fast","control_informative",0.05,5,0.01,"","separate_mirage","pleiotropy","pp08_power",0.8,0
20260847,35,500,15,3000,3000,3000,3000,"fast","control_informative",0.05,5,0.01,"","separate_mirage","pleiotropy","pp08_fdp",0.8,0
20260847,35,500,15,3000,3000,3000,3000,"fast","control_informative",0.05,5,0.01,"","separate_mirage","pleiotropy","pp08_discoveries",0.8,0
20260847,35,500,15,3000,3000,3000,3000,"fast","control_informative",0.05,5,0.01,"","separate_mirage","trait1","bfdr_observed_fdp",0.01,0
20260847,35,500,15,3000,3000,3000,3000,"fast","control_informative",0.05,5,0.01,"","separate_mirage","trait1","bfdr_estimate",0.01,3.69753311413312e-07
20260847,35,500,15,3000,3000,3000,3000,"fast","control_informative",0.05,5,0.01,"","separate_mirage","trait1","bfdr_power",0.01,0.04
20260847,35,500,15,3000,3000,3000,3000,"fast","control_informative",0.05,5,0.01,"","separate_mirage","trait1","bfdr_discoveries",0.01,1
20260847,35,500,15,3000,3000,3000,3000,"fast","control_informative",0.05,5,0.01,"","separate_mirage","trait1","bfdr_observed_fdp",0.05,0
20260847,35,500,15,3000,3000,3000,3000,"fast","control_informative",0.05,5,0.01,"","separate_mirage","trait1","bfdr_estimate",0.05,3.69753311413312e-07
20260847,35,500,15,3000,3000,3000,3000,"fast","control_informative",0.05,5,0.01,"","separate_mirage","trait1","bfdr_power",0.05,0.04
20260847,35,500,15,3000,3000,3000,3000,"fast","control_informative",0.05,5,0.01,"","separate_mirage","trait1","bfdr_discoveries",0.05,1
20260847,35,500,15,3000,3000,3000,3000,"fast","control_informative",0.05,5,0.01,"","separate_mirage","trait1","bfdr_observed_fdp",0.1,0
20260847,35,500,15,3000,3000,3000,3000,"fast","control_informative",0.05,5,0.01,"","separate_mirage","trait1","bfdr_estimate",0.1,3.69753311413312e-07
20260847,35,500,15,3000,3000,3000,3000,"fast","control_informative",0.05,5,0.01,"","separate_mirage","trait1","bfdr_power",0.1,0.04
20260847,35,500,15,3000,3000,3000,3000,"fast","control_informative",0.05,5,0.01,"","separate_mirage","trait1","bfdr_discoveries",0.1,1
20260847,35,500,15,3000,3000,3000,3000,"fast","control_informative",0.05,5,0.01,"","separate_mirage","trait1","bfdr_observed_fdp",0.2,0
20260847,35,500,15,3000,3000,3000,3000,"fast","control_informative",0.05,5,0.01,"","separate_mirage","trait1","bfdr_estimate",0.2,3.69753311413312e-07
20260847,35,500,15,3000,3000,3000,3000,"fast","control_informative",0.05,5,0.01,"","separate_mirage","trait1","bfdr_power",0.2,0.04
20260847,35,500,15,3000,3000,3000,3000,"fast","control_informative",0.05,5,0.01,"","separate_mirage","trait1","bfdr_discoveries",0.2,1
20260847,35,500,15,3000,3000,3000,3000,"fast","control_informative",0.05,5,0.01,"","separate_mirage","trait2","bfdr_observed_fdp",0.01,0
20260847,35,500,15,3000,3000,3000,3000,"fast","control_informative",0.05,5,0.01,"","separate_mirage","trait2","bfdr_estimate",0.01,0
20260847,35,500,15,3000,3000,3000,3000,"fast","control_informative",0.05,5,0.01,"","separate_mirage","trait2","bfdr_power",0.01,0
20260847,35,500,15,3000,3000,3000,3000,"fast","control_informative",0.05,5,0.01,"","separate_mirage","trait2","bfdr_discoveries",0.01,0
20260847,35,500,15,3000,3000,3000,3000,"fast","control_informative",0.05,5,0.01,"","separate_mirage","trait2","bfdr_observed_fdp",0.05,0
20260847,35,500,15,3000,3000,3000,3000,"fast","control_informative",0.05,5,0.01,"","separate_mirage","trait2","bfdr_estimate",0.05,0
20260847,35,500,15,3000,3000,3000,3000,"fast","control_informative",0.05,5,0.01,"","separate_mirage","trait2","bfdr_power",0.05,0
20260847,35,500,15,3000,3000,3000,3000,"fast","control_informative",0.05,5,0.01,"","separate_mirage","trait2","bfdr_discoveries",0.05,0
20260847,35,500,15,3000,3000,3000,3000,"fast","control_informative",0.05,5,0.01,"","separate_mirage","trait2","bfdr_observed_fdp",0.1,0
20260847,35,500,15,3000,3000,3000,3000,"fast","control_informative",0.05,5,0.01,"","separate_mirage","trait2","bfdr_estimate",0.1,0.0811318429321129
20260847,35,500,15,3000,3000,3000,3000,"fast","control_informative",0.05,5,0.01,"","separate_mirage","trait2","bfdr_power",0.1,0.2
20260847,35,500,15,3000,3000,3000,3000,"fast","control_informative",0.05,5,0.01,"","separate_mirage","trait2","bfdr_discoveries",0.1,2
20260847,35,500,15,3000,3000,3000,3000,"fast","control_informative",0.05,5,0.01,"","separate_mirage","trait2","bfdr_observed_fdp",0.2,0
20260847,35,500,15,3000,3000,3000,3000,"fast","control_informative",0.05,5,0.01,"","separate_mirage","trait2","bfdr_estimate",0.2,0.0811318429321129
20260847,35,500,15,3000,3000,3000,3000,"fast","control_informative",0.05,5,0.01,"","separate_mirage","trait2","bfdr_power",0.2,0.2
20260847,35,500,15,3000,3000,3000,3000,"fast","control_informative",0.05,5,0.01,"","separate_mirage","trait2","bfdr_discoveries",0.2,2
20260847,35,500,15,3000,3000,3000,3000,"fast","control_informative",0.05,5,0.01,"","separate_mirage","pleiotropy","bfdr_observed_fdp",0.01,0
20260847,35,500,15,3000,3000,3000,3000,"fast","control_informative",0.05,5,0.01,"","separate_mirage","pleiotropy","bfdr_estimate",0.01,0
20260847,35,500,15,3000,3000,3000,3000,"fast","control_informative",0.05,5,0.01,"","separate_mirage","pleiotropy","bfdr_power",0.01,0
20260847,35,500,15,3000,3000,3000,3000,"fast","control_informative",0.05,5,0.01,"","separate_mirage","pleiotropy","bfdr_discoveries",0.01,0
20260847,35,500,15,3000,3000,3000,3000,"fast","control_informative",0.05,5,0.01,"","separate_mirage","pleiotropy","bfdr_observed_fdp",0.05,0
20260847,35,500,15,3000,3000,3000,3000,"fast","control_informative",0.05,5,0.01,"","separate_mirage","pleiotropy","bfdr_estimate",0.05,0
20260847,35,500,15,3000,3000,3000,3000,"fast","control_informative",0.05,5,0.01,"","separate_mirage","pleiotropy","bfdr_power",0.05,0
20260847,35,500,15,3000,3000,3000,3000,"fast","control_informative",0.05,5,0.01,"","separate_mirage","pleiotropy","bfdr_discoveries",0.05,0
20260847,35,500,15,3000,3000,3000,3000,"fast","control_informative",0.05,5,0.01,"","separate_mirage","pleiotropy","bfdr_observed_fdp",0.1,0
20260847,35,500,15,3000,3000,3000,3000,"fast","control_informative",0.05,5,0.01,"","separate_mirage","pleiotropy","bfdr_estimate",0.1,0
20260847,35,500,15,3000,3000,3000,3000,"fast","control_informative",0.05,5,0.01,"","separate_mirage","pleiotropy","bfdr_power",0.1,0
20260847,35,500,15,3000,3000,3000,3000,"fast","control_informative",0.05,5,0.01,"","separate_mirage","pleiotropy","bfdr_discoveries",0.1,0
20260847,35,500,15,3000,3000,3000,3000,"fast","control_informative",0.05,5,0.01,"","separate_mirage","pleiotropy","bfdr_observed_fdp",0.2,0
20260847,35,500,15,3000,3000,3000,3000,"fast","control_informative",0.05,5,0.01,"","separate_mirage","pleiotropy","bfdr_estimate",0.2,0
20260847,35,500,15,3000,3000,3000,3000,"fast","control_informative",0.05,5,0.01,"","separate_mirage","pleiotropy","bfdr_power",0.2,0
20260847,35,500,15,3000,3000,3000,3000,"fast","control_informative",0.05,5,0.01,"","separate_mirage","pleiotropy","bfdr_discoveries",0.2,0
20260847,35,500,15,3000,3000,3000,3000,"fast","control_informative",0.05,5,0.01,"","separate_mirage","global","runtime_seconds",NA,18.257
20260847,35,500,15,3000,3000,3000,3000,"fast","control_informative",0.05,5,0.01,"","separate_mirage","pleiotropy","pi11_estimate",NA,0.001
20260847,35,500,15,3000,3000,3000,3000,"fast","control_informative",0.05,5,0.01,"","mtada_aggregated","trait1","auc",NA,0.613978947368421
20260847,35,500,15,3000,3000,3000,3000,"fast","control_informative",0.05,5,0.01,"","mtada_aggregated","trait2","auc",NA,0.666530612244898
20260847,35,500,15,3000,3000,3000,3000,"fast","control_informative",0.05,5,0.01,"","mtada_aggregated","pleiotropy","auc",NA,0.751111111111111
20260847,35,500,15,3000,3000,3000,3000,"fast","control_informative",0.05,5,0.01,"","mtada_aggregated","trait1","pp08_power",0.8,0.08
20260847,35,500,15,3000,3000,3000,3000,"fast","control_informative",0.05,5,0.01,"","mtada_aggregated","trait1","pp08_fdp",0.8,0.952380952380952
20260847,35,500,15,3000,3000,3000,3000,"fast","control_informative",0.05,5,0.01,"","mtada_aggregated","trait1","pp08_discoveries",0.8,42
20260847,35,500,15,3000,3000,3000,3000,"fast","control_informative",0.05,5,0.01,"","mtada_aggregated","trait2","pp08_power",0.8,0.3
20260847,35,500,15,3000,3000,3000,3000,"fast","control_informative",0.05,5,0.01,"","mtada_aggregated","trait2","pp08_fdp",0.8,0.921052631578947
20260847,35,500,15,3000,3000,3000,3000,"fast","control_informative",0.05,5,0.01,"","mtada_aggregated","trait2","pp08_discoveries",0.8,38
20260847,35,500,15,3000,3000,3000,3000,"fast","control_informative",0.05,5,0.01,"","mtada_aggregated","pleiotropy","pp08_power",0.8,0
20260847,35,500,15,3000,3000,3000,3000,"fast","control_informative",0.05,5,0.01,"","mtada_aggregated","pleiotropy","pp08_fdp",0.8,1
20260847,35,500,15,3000,3000,3000,3000,"fast","control_informative",0.05,5,0.01,"","mtada_aggregated","pleiotropy","pp08_discoveries",0.8,3
20260847,35,500,15,3000,3000,3000,3000,"fast","control_informative",0.05,5,0.01,"","mtada_aggregated","trait1","bfdr_observed_fdp",0.01,0.944444444444444
20260847,35,500,15,3000,3000,3000,3000,"fast","control_informative",0.05,5,0.01,"","mtada_aggregated","trait1","bfdr_estimate",0.01,0.00923552439248521
20260847,35,500,15,3000,3000,3000,3000,"fast","control_informative",0.05,5,0.01,"","mtada_aggregated","trait1","bfdr_power",0.01,0.08
20260847,35,500,15,3000,3000,3000,3000,"fast","control_informative",0.05,5,0.01,"","mtada_aggregated","trait1","bfdr_discoveries",0.01,36
20260847,35,500,15,3000,3000,3000,3000,"fast","control_informative",0.05,5,0.01,"","mtada_aggregated","trait1","bfdr_observed_fdp",0.05,0.934782608695652
20260847,35,500,15,3000,3000,3000,3000,"fast","control_informative",0.05,5,0.01,"","mtada_aggregated","trait1","bfdr_estimate",0.05,0.0472022749361344
20260847,35,500,15,3000,3000,3000,3000,"fast","control_informative",0.05,5,0.01,"","mtada_aggregated","trait1","bfdr_power",0.05,0.12
20260847,35,500,15,3000,3000,3000,3000,"fast","control_informative",0.05,5,0.01,"","mtada_aggregated","trait1","bfdr_discoveries",0.05,46
20260847,35,500,15,3000,3000,3000,3000,"fast","control_informative",0.05,5,0.01,"","mtada_aggregated","trait1","bfdr_observed_fdp",0.1,0.924528301886792
20260847,35,500,15,3000,3000,3000,3000,"fast","control_informative",0.05,5,0.01,"","mtada_aggregated","trait1","bfdr_estimate",0.1,0.094424915577409
20260847,35,500,15,3000,3000,3000,3000,"fast","control_informative",0.05,5,0.01,"","mtada_aggregated","trait1","bfdr_power",0.1,0.16
20260847,35,500,15,3000,3000,3000,3000,"fast","control_informative",0.05,5,0.01,"","mtada_aggregated","trait1","bfdr_discoveries",0.1,53
20260847,35,500,15,3000,3000,3000,3000,"fast","control_informative",0.05,5,0.01,"","mtada_aggregated","trait1","bfdr_observed_fdp",0.2,0.924242424242424
20260847,35,500,15,3000,3000,3000,3000,"fast","control_informative",0.05,5,0.01,"","mtada_aggregated","trait1","bfdr_estimate",0.2,0.193991453368978
20260847,35,500,15,3000,3000,3000,3000,"fast","control_informative",0.05,5,0.01,"","mtada_aggregated","trait1","bfdr_power",0.2,0.2
20260847,35,500,15,3000,3000,3000,3000,"fast","control_informative",0.05,5,0.01,"","mtada_aggregated","trait1","bfdr_discoveries",0.2,66
20260847,35,500,15,3000,3000,3000,3000,"fast","control_informative",0.05,5,0.01,"","mtada_aggregated","trait2","bfdr_observed_fdp",0.01,0.90625
20260847,35,500,15,3000,3000,3000,3000,"fast","control_informative",0.05,5,0.01,"","mtada_aggregated","trait2","bfdr_estimate",0.01,0.00732939759250691
20260847,35,500,15,3000,3000,3000,3000,"fast","control_informative",0.05,5,0.01,"","mtada_aggregated","trait2","bfdr_power",0.01,0.3
20260847,35,500,15,3000,3000,3000,3000,"fast","control_informative",0.05,5,0.01,"","mtada_aggregated","trait2","bfdr_discoveries",0.01,32
20260847,35,500,15,3000,3000,3000,3000,"fast","control_informative",0.05,5,0.01,"","mtada_aggregated","trait2","bfdr_observed_fdp",0.05,0.926829268292683
20260847,35,500,15,3000,3000,3000,3000,"fast","control_informative",0.05,5,0.01,"","mtada_aggregated","trait2","bfdr_estimate",0.05,0.0465875514765211
20260847,35,500,15,3000,3000,3000,3000,"fast","control_informative",0.05,5,0.01,"","mtada_aggregated","trait2","bfdr_power",0.05,0.3
20260847,35,500,15,3000,3000,3000,3000,"fast","control_informative",0.05,5,0.01,"","mtada_aggregated","trait2","bfdr_discoveries",0.05,41
20260847,35,500,15,3000,3000,3000,3000,"fast","control_informative",0.05,5,0.01,"","mtada_aggregated","trait2","bfdr_observed_fdp",0.1,0.9375
20260847,35,500,15,3000,3000,3000,3000,"fast","control_informative",0.05,5,0.01,"","mtada_aggregated","trait2","bfdr_estimate",0.1,0.0997118963508938
20260847,35,500,15,3000,3000,3000,3000,"fast","control_informative",0.05,5,0.01,"","mtada_aggregated","trait2","bfdr_power",0.1,0.3
20260847,35,500,15,3000,3000,3000,3000,"fast","control_informative",0.05,5,0.01,"","mtada_aggregated","trait2","bfdr_discoveries",0.1,48
20260847,35,500,15,3000,3000,3000,3000,"fast","control_informative",0.05,5,0.01,"","mtada_aggregated","trait2","bfdr_observed_fdp",0.2,0.949152542372881
20260847,35,500,15,3000,3000,3000,3000,"fast","control_informative",0.05,5,0.01,"","mtada_aggregated","trait2","bfdr_estimate",0.2,0.198497352785947
20260847,35,500,15,3000,3000,3000,3000,"fast","control_informative",0.05,5,0.01,"","mtada_aggregated","trait2","bfdr_power",0.2,0.3
20260847,35,500,15,3000,3000,3000,3000,"fast","control_informative",0.05,5,0.01,"","mtada_aggregated","trait2","bfdr_discoveries",0.2,59
20260847,35,500,15,3000,3000,3000,3000,"fast","control_informative",0.05,5,0.01,"","mtada_aggregated","pleiotropy","bfdr_observed_fdp",0.01,0
20260847,35,500,15,3000,3000,3000,3000,"fast","control_informative",0.05,5,0.01,"","mtada_aggregated","pleiotropy","bfdr_estimate",0.01,0
20260847,35,500,15,3000,3000,3000,3000,"fast","control_informative",0.05,5,0.01,"","mtada_aggregated","pleiotropy","bfdr_power",0.01,0
20260847,35,500,15,3000,3000,3000,3000,"fast","control_informative",0.05,5,0.01,"","mtada_aggregated","pleiotropy","bfdr_discoveries",0.01,0
20260847,35,500,15,3000,3000,3000,3000,"fast","control_informative",0.05,5,0.01,"","mtada_aggregated","pleiotropy","bfdr_observed_fdp",0.05,1
20260847,35,500,15,3000,3000,3000,3000,"fast","control_informative",0.05,5,0.01,"","mtada_aggregated","pleiotropy","bfdr_estimate",0.05,0.0359174017638134
20260847,35,500,15,3000,3000,3000,3000,"fast","control_informative",0.05,5,0.01,"","mtada_aggregated","pleiotropy","bfdr_power",0.05,0
20260847,35,500,15,3000,3000,3000,3000,"fast","control_informative",0.05,5,0.01,"","mtada_aggregated","pleiotropy","bfdr_discoveries",0.05,2
20260847,35,500,15,3000,3000,3000,3000,"fast","control_informative",0.05,5,0.01,"","mtada_aggregated","pleiotropy","bfdr_observed_fdp",0.1,1
20260847,35,500,15,3000,3000,3000,3000,"fast","control_informative",0.05,5,0.01,"","mtada_aggregated","pleiotropy","bfdr_estimate",0.1,0.08896273457728
20260847,35,500,15,3000,3000,3000,3000,"fast","control_informative",0.05,5,0.01,"","mtada_aggregated","pleiotropy","bfdr_power",0.1,0
20260847,35,500,15,3000,3000,3000,3000,"fast","control_informative",0.05,5,0.01,"","mtada_aggregated","pleiotropy","bfdr_discoveries",0.1,3
20260847,35,500,15,3000,3000,3000,3000,"fast","control_informative",0.05,5,0.01,"","mtada_aggregated","pleiotropy","bfdr_observed_fdp",0.2,1
20260847,35,500,15,3000,3000,3000,3000,"fast","control_informative",0.05,5,0.01,"","mtada_aggregated","pleiotropy","bfdr_estimate",0.2,0.136135942871831
20260847,35,500,15,3000,3000,3000,3000,"fast","control_informative",0.05,5,0.01,"","mtada_aggregated","pleiotropy","bfdr_power",0.2,0
20260847,35,500,15,3000,3000,3000,3000,"fast","control_informative",0.05,5,0.01,"","mtada_aggregated","pleiotropy","bfdr_discoveries",0.2,4
20260847,35,500,15,3000,3000,3000,3000,"fast","control_informative",0.05,5,0.01,"","mtada_aggregated","global","runtime_seconds",NA,0.688999999999993
20260847,35,500,15,3000,3000,3000,3000,"fast","control_informative",0.05,5,0.01,"","mtada_aggregated","pleiotropy","pi11_estimate",NA,0.00114496
20260848,36,500,15,3000,3000,3000,3000,"fast","control_informative",0.05,5,0.01,"","mirage_joint","trait1","auc",NA,0.619031578947368
20260848,36,500,15,3000,3000,3000,3000,"fast","control_informative",0.05,5,0.01,"","mirage_joint","trait2","auc",NA,0.77469387755102
20260848,36,500,15,3000,3000,3000,3000,"fast","control_informative",0.05,5,0.01,"","mirage_joint","pleiotropy","auc",NA,0.83959595959596
20260848,36,500,15,3000,3000,3000,3000,"fast","control_informative",0.05,5,0.01,"","mirage_joint","trait1","pp08_power",0.8,0.2
20260848,36,500,15,3000,3000,3000,3000,"fast","control_informative",0.05,5,0.01,"","mirage_joint","trait1","pp08_fdp",0.8,0.375
20260848,36,500,15,3000,3000,3000,3000,"fast","control_informative",0.05,5,0.01,"","mirage_joint","trait1","pp08_discoveries",0.8,8
20260848,36,500,15,3000,3000,3000,3000,"fast","control_informative",0.05,5,0.01,"","mirage_joint","trait2","pp08_power",0.8,0.2
20260848,36,500,15,3000,3000,3000,3000,"fast","control_informative",0.05,5,0.01,"","mirage_joint","trait2","pp08_fdp",0.8,0
20260848,36,500,15,3000,3000,3000,3000,"fast","control_informative",0.05,5,0.01,"","mirage_joint","trait2","pp08_discoveries",0.8,2
20260848,36,500,15,3000,3000,3000,3000,"fast","control_informative",0.05,5,0.01,"","mirage_joint","pleiotropy","pp08_power",0.8,0
20260848,36,500,15,3000,3000,3000,3000,"fast","control_informative",0.05,5,0.01,"","mirage_joint","pleiotropy","pp08_fdp",0.8,1
20260848,36,500,15,3000,3000,3000,3000,"fast","control_informative",0.05,5,0.01,"","mirage_joint","pleiotropy","pp08_discoveries",0.8,2
20260848,36,500,15,3000,3000,3000,3000,"fast","control_informative",0.05,5,0.01,"","mirage_joint","trait1","bfdr_observed_fdp",0.01,0
20260848,36,500,15,3000,3000,3000,3000,"fast","control_informative",0.05,5,0.01,"","mirage_joint","trait1","bfdr_estimate",0.01,0.00263806301501905
20260848,36,500,15,3000,3000,3000,3000,"fast","control_informative",0.05,5,0.01,"","mirage_joint","trait1","bfdr_power",0.01,0.12
20260848,36,500,15,3000,3000,3000,3000,"fast","control_informative",0.05,5,0.01,"","mirage_joint","trait1","bfdr_discoveries",0.01,3
20260848,36,500,15,3000,3000,3000,3000,"fast","control_informative",0.05,5,0.01,"","mirage_joint","trait1","bfdr_observed_fdp",0.05,0.333333333333333
20260848,36,500,15,3000,3000,3000,3000,"fast","control_informative",0.05,5,0.01,"","mirage_joint","trait1","bfdr_estimate",0.05,0.047250267012139
20260848,36,500,15,3000,3000,3000,3000,"fast","control_informative",0.05,5,0.01,"","mirage_joint","trait1","bfdr_power",0.05,0.16
20260848,36,500,15,3000,3000,3000,3000,"fast","control_informative",0.05,5,0.01,"","mirage_joint","trait1","bfdr_discoveries",0.05,6
20260848,36,500,15,3000,3000,3000,3000,"fast","control_informative",0.05,5,0.01,"","mirage_joint","trait1","bfdr_observed_fdp",0.1,0.333333333333333
20260848,36,500,15,3000,3000,3000,3000,"fast","control_informative",0.05,5,0.01,"","mirage_joint","trait1","bfdr_estimate",0.1,0.0877875097156865
20260848,36,500,15,3000,3000,3000,3000,"fast","control_informative",0.05,5,0.01,"","mirage_joint","trait1","bfdr_power",0.1,0.24
20260848,36,500,15,3000,3000,3000,3000,"fast","control_informative",0.05,5,0.01,"","mirage_joint","trait1","bfdr_discoveries",0.1,9
20260848,36,500,15,3000,3000,3000,3000,"fast","control_informative",0.05,5,0.01,"","mirage_joint","trait1","bfdr_observed_fdp",0.2,0.461538461538462
20260848,36,500,15,3000,3000,3000,3000,"fast","control_informative",0.05,5,0.01,"","mirage_joint","trait1","bfdr_estimate",0.2,0.179918017859393
20260848,36,500,15,3000,3000,3000,3000,"fast","control_informative",0.05,5,0.01,"","mirage_joint","trait1","bfdr_power",0.2,0.28
20260848,36,500,15,3000,3000,3000,3000,"fast","control_informative",0.05,5,0.01,"","mirage_joint","trait1","bfdr_discoveries",0.2,13
20260848,36,500,15,3000,3000,3000,3000,"fast","control_informative",0.05,5,0.01,"","mirage_joint","trait2","bfdr_observed_fdp",0.01,0
20260848,36,500,15,3000,3000,3000,3000,"fast","control_informative",0.05,5,0.01,"","mirage_joint","trait2","bfdr_estimate",0.01,0.0027139586233012
20260848,36,500,15,3000,3000,3000,3000,"fast","control_informative",0.05,5,0.01,"","mirage_joint","trait2","bfdr_power",0.01,0.2
20260848,36,500,15,3000,3000,3000,3000,"fast","control_informative",0.05,5,0.01,"","mirage_joint","trait2","bfdr_discoveries",0.01,2
20260848,36,500,15,3000,3000,3000,3000,"fast","control_informative",0.05,5,0.01,"","mirage_joint","trait2","bfdr_observed_fdp",0.05,0
20260848,36,500,15,3000,3000,3000,3000,"fast","control_informative",0.05,5,0.01,"","mirage_joint","trait2","bfdr_estimate",0.05,0.0027139586233012
20260848,36,500,15,3000,3000,3000,3000,"fast","control_informative",0.05,5,0.01,"","mirage_joint","trait2","bfdr_power",0.05,0.2
20260848,36,500,15,3000,3000,3000,3000,"fast","control_informative",0.05,5,0.01,"","mirage_joint","trait2","bfdr_discoveries",0.05,2
20260848,36,500,15,3000,3000,3000,3000,"fast","control_informative",0.05,5,0.01,"","mirage_joint","trait2","bfdr_observed_fdp",0.1,0
20260848,36,500,15,3000,3000,3000,3000,"fast","control_informative",0.05,5,0.01,"","mirage_joint","trait2","bfdr_estimate",0.1,0.0027139586233012
20260848,36,500,15,3000,3000,3000,3000,"fast","control_informative",0.05,5,0.01,"","mirage_joint","trait2","bfdr_power",0.1,0.2
20260848,36,500,15,3000,3000,3000,3000,"fast","control_informative",0.05,5,0.01,"","mirage_joint","trait2","bfdr_discoveries",0.1,2
20260848,36,500,15,3000,3000,3000,3000,"fast","control_informative",0.05,5,0.01,"","mirage_joint","trait2","bfdr_observed_fdp",0.2,0.5
20260848,36,500,15,3000,3000,3000,3000,"fast","control_informative",0.05,5,0.01,"","mirage_joint","trait2","bfdr_estimate",0.2,0.184400838220343
20260848,36,500,15,3000,3000,3000,3000,"fast","control_informative",0.05,5,0.01,"","mirage_joint","trait2","bfdr_power",0.2,0.2
20260848,36,500,15,3000,3000,3000,3000,"fast","control_informative",0.05,5,0.01,"","mirage_joint","trait2","bfdr_discoveries",0.2,4
20260848,36,500,15,3000,3000,3000,3000,"fast","control_informative",0.05,5,0.01,"","mirage_joint","pleiotropy","bfdr_observed_fdp",0.01,0
20260848,36,500,15,3000,3000,3000,3000,"fast","control_informative",0.05,5,0.01,"","mirage_joint","pleiotropy","bfdr_estimate",0.01,0
20260848,36,500,15,3000,3000,3000,3000,"fast","control_informative",0.05,5,0.01,"","mirage_joint","pleiotropy","bfdr_power",0.01,0
20260848,36,500,15,3000,3000,3000,3000,"fast","control_informative",0.05,5,0.01,"","mirage_joint","pleiotropy","bfdr_discoveries",0.01,0
20260848,36,500,15,3000,3000,3000,3000,"fast","control_informative",0.05,5,0.01,"","mirage_joint","pleiotropy","bfdr_observed_fdp",0.05,0
20260848,36,500,15,3000,3000,3000,3000,"fast","control_informative",0.05,5,0.01,"","mirage_joint","pleiotropy","bfdr_estimate",0.05,0
20260848,36,500,15,3000,3000,3000,3000,"fast","control_informative",0.05,5,0.01,"","mirage_joint","pleiotropy","bfdr_power",0.05,0
20260848,36,500,15,3000,3000,3000,3000,"fast","control_informative",0.05,5,0.01,"","mirage_joint","pleiotropy","bfdr_discoveries",0.05,0
20260848,36,500,15,3000,3000,3000,3000,"fast","control_informative",0.05,5,0.01,"","mirage_joint","pleiotropy","bfdr_observed_fdp",0.1,1
20260848,36,500,15,3000,3000,3000,3000,"fast","control_informative",0.05,5,0.01,"","mirage_joint","pleiotropy","bfdr_estimate",0.1,0.0834163583660198
20260848,36,500,15,3000,3000,3000,3000,"fast","control_informative",0.05,5,0.01,"","mirage_joint","pleiotropy","bfdr_power",0.1,0
20260848,36,500,15,3000,3000,3000,3000,"fast","control_informative",0.05,5,0.01,"","mirage_joint","pleiotropy","bfdr_discoveries",0.1,2
20260848,36,500,15,3000,3000,3000,3000,"fast","control_informative",0.05,5,0.01,"","mirage_joint","pleiotropy","bfdr_observed_fdp",0.2,1
20260848,36,500,15,3000,3000,3000,3000,"fast","control_informative",0.05,5,0.01,"","mirage_joint","pleiotropy","bfdr_estimate",0.2,0.154645313391194
20260848,36,500,15,3000,3000,3000,3000,"fast","control_informative",0.05,5,0.01,"","mirage_joint","pleiotropy","bfdr_power",0.2,0
20260848,36,500,15,3000,3000,3000,3000,"fast","control_informative",0.05,5,0.01,"","mirage_joint","pleiotropy","bfdr_discoveries",0.2,3
20260848,36,500,15,3000,3000,3000,3000,"fast","control_informative",0.05,5,0.01,"","mirage_joint","global","runtime_seconds",NA,18.548
20260848,36,500,15,3000,3000,3000,3000,"fast","control_informative",0.05,5,0.01,"","mirage_joint","pleiotropy","pi11_estimate",NA,0.0489891939884907
20260848,36,500,15,3000,3000,3000,3000,"fast","control_informative",0.05,5,0.01,"","separate_mirage","trait1","auc",NA,0.608589473684211
20260848,36,500,15,3000,3000,3000,3000,"fast","control_informative",0.05,5,0.01,"","separate_mirage","trait2","auc",NA,0.747755102040816
20260848,36,500,15,3000,3000,3000,3000,"fast","control_informative",0.05,5,0.01,"","separate_mirage","pleiotropy","auc",NA,0.87030303030303
20260848,36,500,15,3000,3000,3000,3000,"fast","control_informative",0.05,5,0.01,"","separate_mirage","trait1","pp08_power",0.8,0.16
20260848,36,500,15,3000,3000,3000,3000,"fast","control_informative",0.05,5,0.01,"","separate_mirage","trait1","pp08_fdp",0.8,0.2
20260848,36,500,15,3000,3000,3000,3000,"fast","control_informative",0.05,5,0.01,"","separate_mirage","trait1","pp08_discoveries",0.8,5
20260848,36,500,15,3000,3000,3000,3000,"fast","control_informative",0.05,5,0.01,"","separate_mirage","trait2","pp08_power",0.8,0.2
20260848,36,500,15,3000,3000,3000,3000,"fast","control_informative",0.05,5,0.01,"","separate_mirage","trait2","pp08_fdp",0.8,0
20260848,36,500,15,3000,3000,3000,3000,"fast","control_informative",0.05,5,0.01,"","separate_mirage","trait2","pp08_discoveries",0.8,2
20260848,36,500,15,3000,3000,3000,3000,"fast","control_informative",0.05,5,0.01,"","separate_mirage","pleiotropy","pp08_power",0.8,0
20260848,36,500,15,3000,3000,3000,3000,"fast","control_informative",0.05,5,0.01,"","separate_mirage","pleiotropy","pp08_fdp",0.8,0
20260848,36,500,15,3000,3000,3000,3000,"fast","control_informative",0.05,5,0.01,"","separate_mirage","pleiotropy","pp08_discoveries",0.8,0
20260848,36,500,15,3000,3000,3000,3000,"fast","control_informative",0.05,5,0.01,"","separate_mirage","trait1","bfdr_observed_fdp",0.01,0
20260848,36,500,15,3000,3000,3000,3000,"fast","control_informative",0.05,5,0.01,"","separate_mirage","trait1","bfdr_estimate",0.01,0.00570151065208613
20260848,36,500,15,3000,3000,3000,3000,"fast","control_informative",0.05,5,0.01,"","separate_mirage","trait1","bfdr_power",0.01,0.12
20260848,36,500,15,3000,3000,3000,3000,"fast","control_informative",0.05,5,0.01,"","separate_mirage","trait1","bfdr_discoveries",0.01,3
20260848,36,500,15,3000,3000,3000,3000,"fast","control_informative",0.05,5,0.01,"","separate_mirage","trait1","bfdr_observed_fdp",0.05,0
20260848,36,500,15,3000,3000,3000,3000,"fast","control_informative",0.05,5,0.01,"","separate_mirage","trait1","bfdr_estimate",0.05,0.0339379433416069
20260848,36,500,15,3000,3000,3000,3000,"fast","control_informative",0.05,5,0.01,"","separate_mirage","trait1","bfdr_power",0.05,0.16
20260848,36,500,15,3000,3000,3000,3000,"fast","control_informative",0.05,5,0.01,"","separate_mirage","trait1","bfdr_discoveries",0.05,4
20260848,36,500,15,3000,3000,3000,3000,"fast","control_informative",0.05,5,0.01,"","separate_mirage","trait1","bfdr_observed_fdp",0.1,0.166666666666667
20260848,36,500,15,3000,3000,3000,3000,"fast","control_informative",0.05,5,0.01,"","separate_mirage","trait1","bfdr_estimate",0.1,0.0953580505437752
20260848,36,500,15,3000,3000,3000,3000,"fast","control_informative",0.05,5,0.01,"","separate_mirage","trait1","bfdr_power",0.1,0.2
20260848,36,500,15,3000,3000,3000,3000,"fast","control_informative",0.05,5,0.01,"","separate_mirage","trait1","bfdr_discoveries",0.1,6
20260848,36,500,15,3000,3000,3000,3000,"fast","control_informative",0.05,5,0.01,"","separate_mirage","trait1","bfdr_observed_fdp",0.2,0.25
20260848,36,500,15,3000,3000,3000,3000,"fast","control_informative",0.05,5,0.01,"","separate_mirage","trait1","bfdr_estimate",0.2,0.172349645067736
20260848,36,500,15,3000,3000,3000,3000,"fast","control_informative",0.05,5,0.01,"","separate_mirage","trait1","bfdr_power",0.2,0.24
20260848,36,500,15,3000,3000,3000,3000,"fast","control_informative",0.05,5,0.01,"","separate_mirage","trait1","bfdr_discoveries",0.2,8
20260848,36,500,15,3000,3000,3000,3000,"fast","control_informative",0.05,5,0.01,"","separate_mirage","trait2","bfdr_observed_fdp",0.01,0
20260848,36,500,15,3000,3000,3000,3000,"fast","control_informative",0.05,5,0.01,"","separate_mirage","trait2","bfdr_estimate",0.01,0.00238347170416259
20260848,36,500,15,3000,3000,3000,3000,"fast","control_informative",0.05,5,0.01,"","separate_mirage","trait2","bfdr_power",0.01,0.2
20260848,36,500,15,3000,3000,3000,3000,"fast","control_informative",0.05,5,0.01,"","separate_mirage","trait2","bfdr_discoveries",0.01,2
20260848,36,500,15,3000,3000,3000,3000,"fast","control_informative",0.05,5,0.01,"","separate_mirage","trait2","bfdr_observed_fdp",0.05,0
20260848,36,500,15,3000,3000,3000,3000,"fast","control_informative",0.05,5,0.01,"","separate_mirage","trait2","bfdr_estimate",0.05,0.00238347170416259
20260848,36,500,15,3000,3000,3000,3000,"fast","control_informative",0.05,5,0.01,"","separate_mirage","trait2","bfdr_power",0.05,0.2
20260848,36,500,15,3000,3000,3000,3000,"fast","control_informative",0.05,5,0.01,"","separate_mirage","trait2","bfdr_discoveries",0.05,2
20260848,36,500,15,3000,3000,3000,3000,"fast","control_informative",0.05,5,0.01,"","separate_mirage","trait2","bfdr_observed_fdp",0.1,0
20260848,36,500,15,3000,3000,3000,3000,"fast","control_informative",0.05,5,0.01,"","separate_mirage","trait2","bfdr_estimate",0.1,0.00238347170416259
20260848,36,500,15,3000,3000,3000,3000,"fast","control_informative",0.05,5,0.01,"","separate_mirage","trait2","bfdr_power",0.1,0.2
20260848,36,500,15,3000,3000,3000,3000,"fast","control_informative",0.05,5,0.01,"","separate_mirage","trait2","bfdr_discoveries",0.1,2
20260848,36,500,15,3000,3000,3000,3000,"fast","control_informative",0.05,5,0.01,"","separate_mirage","trait2","bfdr_observed_fdp",0.2,0
20260848,36,500,15,3000,3000,3000,3000,"fast","control_informative",0.05,5,0.01,"","separate_mirage","trait2","bfdr_estimate",0.2,0.00238347170416259
20260848,36,500,15,3000,3000,3000,3000,"fast","control_informative",0.05,5,0.01,"","separate_mirage","trait2","bfdr_power",0.2,0.2
20260848,36,500,15,3000,3000,3000,3000,"fast","control_informative",0.05,5,0.01,"","separate_mirage","trait2","bfdr_discoveries",0.2,2
20260848,36,500,15,3000,3000,3000,3000,"fast","control_informative",0.05,5,0.01,"","separate_mirage","pleiotropy","bfdr_observed_fdp",0.01,0
20260848,36,500,15,3000,3000,3000,3000,"fast","control_informative",0.05,5,0.01,"","separate_mirage","pleiotropy","bfdr_estimate",0.01,0
20260848,36,500,15,3000,3000,3000,3000,"fast","control_informative",0.05,5,0.01,"","separate_mirage","pleiotropy","bfdr_power",0.01,0
20260848,36,500,15,3000,3000,3000,3000,"fast","control_informative",0.05,5,0.01,"","separate_mirage","pleiotropy","bfdr_discoveries",0.01,0
20260848,36,500,15,3000,3000,3000,3000,"fast","control_informative",0.05,5,0.01,"","separate_mirage","pleiotropy","bfdr_observed_fdp",0.05,0
20260848,36,500,15,3000,3000,3000,3000,"fast","control_informative",0.05,5,0.01,"","separate_mirage","pleiotropy","bfdr_estimate",0.05,0
20260848,36,500,15,3000,3000,3000,3000,"fast","control_informative",0.05,5,0.01,"","separate_mirage","pleiotropy","bfdr_power",0.05,0
20260848,36,500,15,3000,3000,3000,3000,"fast","control_informative",0.05,5,0.01,"","separate_mirage","pleiotropy","bfdr_discoveries",0.05,0
20260848,36,500,15,3000,3000,3000,3000,"fast","control_informative",0.05,5,0.01,"","separate_mirage","pleiotropy","bfdr_observed_fdp",0.1,0
20260848,36,500,15,3000,3000,3000,3000,"fast","control_informative",0.05,5,0.01,"","separate_mirage","pleiotropy","bfdr_estimate",0.1,0
20260848,36,500,15,3000,3000,3000,3000,"fast","control_informative",0.05,5,0.01,"","separate_mirage","pleiotropy","bfdr_power",0.1,0
20260848,36,500,15,3000,3000,3000,3000,"fast","control_informative",0.05,5,0.01,"","separate_mirage","pleiotropy","bfdr_discoveries",0.1,0
20260848,36,500,15,3000,3000,3000,3000,"fast","control_informative",0.05,5,0.01,"","separate_mirage","pleiotropy","bfdr_observed_fdp",0.2,0
20260848,36,500,15,3000,3000,3000,3000,"fast","control_informative",0.05,5,0.01,"","separate_mirage","pleiotropy","bfdr_estimate",0.2,0
20260848,36,500,15,3000,3000,3000,3000,"fast","control_informative",0.05,5,0.01,"","separate_mirage","pleiotropy","bfdr_power",0.2,0
20260848,36,500,15,3000,3000,3000,3000,"fast","control_informative",0.05,5,0.01,"","separate_mirage","pleiotropy","bfdr_discoveries",0.2,0
20260848,36,500,15,3000,3000,3000,3000,"fast","control_informative",0.05,5,0.01,"","separate_mirage","global","runtime_seconds",NA,18.27
20260848,36,500,15,3000,3000,3000,3000,"fast","control_informative",0.05,5,0.01,"","separate_mirage","pleiotropy","pi11_estimate",NA,0.001
20260848,36,500,15,3000,3000,3000,3000,"fast","control_informative",0.05,5,0.01,"","mtada_aggregated","trait1","auc",NA,0.677305263157895
20260848,36,500,15,3000,3000,3000,3000,"fast","control_informative",0.05,5,0.01,"","mtada_aggregated","trait2","auc",NA,0.70734693877551
20260848,36,500,15,3000,3000,3000,3000,"fast","control_informative",0.05,5,0.01,"","mtada_aggregated","pleiotropy","auc",NA,0.816969696969697
20260848,36,500,15,3000,3000,3000,3000,"fast","control_informative",0.05,5,0.01,"","mtada_aggregated","trait1","pp08_power",0.8,0.32
20260848,36,500,15,3000,3000,3000,3000,"fast","control_informative",0.05,5,0.01,"","mtada_aggregated","trait1","pp08_fdp",0.8,0.854545454545454
20260848,36,500,15,3000,3000,3000,3000,"fast","control_informative",0.05,5,0.01,"","mtada_aggregated","trait1","pp08_discoveries",0.8,55
20260848,36,500,15,3000,3000,3000,3000,"fast","control_informative",0.05,5,0.01,"","mtada_aggregated","trait2","pp08_power",0.8,0.3
20260848,36,500,15,3000,3000,3000,3000,"fast","control_informative",0.05,5,0.01,"","mtada_aggregated","trait2","pp08_fdp",0.8,0.921052631578947
20260848,36,500,15,3000,3000,3000,3000,"fast","control_informative",0.05,5,0.01,"","mtada_aggregated","trait2","pp08_discoveries",0.8,38
20260848,36,500,15,3000,3000,3000,3000,"fast","control_informative",0.05,5,0.01,"","mtada_aggregated","pleiotropy","pp08_power",0.8,0
20260848,36,500,15,3000,3000,3000,3000,"fast","control_informative",0.05,5,0.01,"","mtada_aggregated","pleiotropy","pp08_fdp",0.8,1
20260848,36,500,15,3000,3000,3000,3000,"fast","control_informative",0.05,5,0.01,"","mtada_aggregated","pleiotropy","pp08_discoveries",0.8,6
20260848,36,500,15,3000,3000,3000,3000,"fast","control_informative",0.05,5,0.01,"","mtada_aggregated","trait1","bfdr_observed_fdp",0.01,0.846153846153846
20260848,36,500,15,3000,3000,3000,3000,"fast","control_informative",0.05,5,0.01,"","mtada_aggregated","trait1","bfdr_estimate",0.01,0.00815755593940998
20260848,36,500,15,3000,3000,3000,3000,"fast","control_informative",0.05,5,0.01,"","mtada_aggregated","trait1","bfdr_power",0.01,0.32
20260848,36,500,15,3000,3000,3000,3000,"fast","control_informative",0.05,5,0.01,"","mtada_aggregated","trait1","bfdr_discoveries",0.01,52
20260848,36,500,15,3000,3000,3000,3000,"fast","control_informative",0.05,5,0.01,"","mtada_aggregated","trait1","bfdr_observed_fdp",0.05,0.854838709677419
20260848,36,500,15,3000,3000,3000,3000,"fast","control_informative",0.05,5,0.01,"","mtada_aggregated","trait1","bfdr_estimate",0.05,0.04621498401108
20260848,36,500,15,3000,3000,3000,3000,"fast","control_informative",0.05,5,0.01,"","mtada_aggregated","trait1","bfdr_power",0.05,0.36
20260848,36,500,15,3000,3000,3000,3000,"fast","control_informative",0.05,5,0.01,"","mtada_aggregated","trait1","bfdr_discoveries",0.05,62
20260848,36,500,15,3000,3000,3000,3000,"fast","control_informative",0.05,5,0.01,"","mtada_aggregated","trait1","bfdr_observed_fdp",0.1,0.857142857142857
20260848,36,500,15,3000,3000,3000,3000,"fast","control_informative",0.05,5,0.01,"","mtada_aggregated","trait1","bfdr_estimate",0.1,0.0983439764286612
20260848,36,500,15,3000,3000,3000,3000,"fast","control_informative",0.05,5,0.01,"","mtada_aggregated","trait1","bfdr_power",0.1,0.4
20260848,36,500,15,3000,3000,3000,3000,"fast","control_informative",0.05,5,0.01,"","mtada_aggregated","trait1","bfdr_discoveries",0.1,70
20260848,36,500,15,3000,3000,3000,3000,"fast","control_informative",0.05,5,0.01,"","mtada_aggregated","trait1","bfdr_observed_fdp",0.2,0.878048780487805
20260848,36,500,15,3000,3000,3000,3000,"fast","control_informative",0.05,5,0.01,"","mtada_aggregated","trait1","bfdr_estimate",0.2,0.195599946552182
20260848,36,500,15,3000,3000,3000,3000,"fast","control_informative",0.05,5,0.01,"","mtada_aggregated","trait1","bfdr_power",0.2,0.4
20260848,36,500,15,3000,3000,3000,3000,"fast","control_informative",0.05,5,0.01,"","mtada_aggregated","trait1","bfdr_discoveries",0.2,82
20260848,36,500,15,3000,3000,3000,3000,"fast","control_informative",0.05,5,0.01,"","mtada_aggregated","trait2","bfdr_observed_fdp",0.01,0.90625
20260848,36,500,15,3000,3000,3000,3000,"fast","control_informative",0.05,5,0.01,"","mtada_aggregated","trait2","bfdr_estimate",0.01,0.0083008987117252
20260848,36,500,15,3000,3000,3000,3000,"fast","control_informative",0.05,5,0.01,"","mtada_aggregated","trait2","bfdr_power",0.01,0.3
20260848,36,500,15,3000,3000,3000,3000,"fast","control_informative",0.05,5,0.01,"","mtada_aggregated","trait2","bfdr_discoveries",0.01,32
20260848,36,500,15,3000,3000,3000,3000,"fast","control_informative",0.05,5,0.01,"","mtada_aggregated","trait2","bfdr_observed_fdp",0.05,0.926829268292683
20260848,36,500,15,3000,3000,3000,3000,"fast","control_informative",0.05,5,0.01,"","mtada_aggregated","trait2","bfdr_estimate",0.05,0.0463533541660812
20260848,36,500,15,3000,3000,3000,3000,"fast","control_informative",0.05,5,0.01,"","mtada_aggregated","trait2","bfdr_power",0.05,0.3
20260848,36,500,15,3000,3000,3000,3000,"fast","control_informative",0.05,5,0.01,"","mtada_aggregated","trait2","bfdr_discoveries",0.05,41
20260848,36,500,15,3000,3000,3000,3000,"fast","control_informative",0.05,5,0.01,"","mtada_aggregated","trait2","bfdr_observed_fdp",0.1,0.934782608695652
20260848,36,500,15,3000,3000,3000,3000,"fast","control_informative",0.05,5,0.01,"","mtada_aggregated","trait2","bfdr_estimate",0.1,0.0923849779715908
20260848,36,500,15,3000,3000,3000,3000,"fast","control_informative",0.05,5,0.01,"","mtada_aggregated","trait2","bfdr_power",0.1,0.3
20260848,36,500,15,3000,3000,3000,3000,"fast","control_informative",0.05,5,0.01,"","mtada_aggregated","trait2","bfdr_discoveries",0.1,46
20260848,36,500,15,3000,3000,3000,3000,"fast","control_informative",0.05,5,0.01,"","mtada_aggregated","trait2","bfdr_observed_fdp",0.2,0.945454545454545
20260848,36,500,15,3000,3000,3000,3000,"fast","control_informative",0.05,5,0.01,"","mtada_aggregated","trait2","bfdr_estimate",0.2,0.190536306428464
20260848,36,500,15,3000,3000,3000,3000,"fast","control_informative",0.05,5,0.01,"","mtada_aggregated","trait2","bfdr_power",0.2,0.3
20260848,36,500,15,3000,3000,3000,3000,"fast","control_informative",0.05,5,0.01,"","mtada_aggregated","trait2","bfdr_discoveries",0.2,55
20260848,36,500,15,3000,3000,3000,3000,"fast","control_informative",0.05,5,0.01,"","mtada_aggregated","pleiotropy","bfdr_observed_fdp",0.01,1
20260848,36,500,15,3000,3000,3000,3000,"fast","control_informative",0.05,5,0.01,"","mtada_aggregated","pleiotropy","bfdr_estimate",0.01,0.00239758905215931
20260848,36,500,15,3000,3000,3000,3000,"fast","control_informative",0.05,5,0.01,"","mtada_aggregated","pleiotropy","bfdr_power",0.01,0
20260848,36,500,15,3000,3000,3000,3000,"fast","control_informative",0.05,5,0.01,"","mtada_aggregated","pleiotropy","bfdr_discoveries",0.01,2
20260848,36,500,15,3000,3000,3000,3000,"fast","control_informative",0.05,5,0.01,"","mtada_aggregated","pleiotropy","bfdr_observed_fdp",0.05,1
20260848,36,500,15,3000,3000,3000,3000,"fast","control_informative",0.05,5,0.01,"","mtada_aggregated","pleiotropy","bfdr_estimate",0.05,0.0383099830382873
20260848,36,500,15,3000,3000,3000,3000,"fast","control_informative",0.05,5,0.01,"","mtada_aggregated","pleiotropy","bfdr_power",0.05,0
20260848,36,500,15,3000,3000,3000,3000,"fast","control_informative",0.05,5,0.01,"","mtada_aggregated","pleiotropy","bfdr_discoveries",0.05,6
20260848,36,500,15,3000,3000,3000,3000,"fast","control_informative",0.05,5,0.01,"","mtada_aggregated","pleiotropy","bfdr_observed_fdp",0.1,1
20260848,36,500,15,3000,3000,3000,3000,"fast","control_informative",0.05,5,0.01,"","mtada_aggregated","pleiotropy","bfdr_estimate",0.1,0.0383099830382873
20260848,36,500,15,3000,3000,3000,3000,"fast","control_informative",0.05,5,0.01,"","mtada_aggregated","pleiotropy","bfdr_power",0.1,0
20260848,36,500,15,3000,3000,3000,3000,"fast","control_informative",0.05,5,0.01,"","mtada_aggregated","pleiotropy","bfdr_discoveries",0.1,6
20260848,36,500,15,3000,3000,3000,3000,"fast","control_informative",0.05,5,0.01,"","mtada_aggregated","pleiotropy","bfdr_observed_fdp",0.2,1
20260848,36,500,15,3000,3000,3000,3000,"fast","control_informative",0.05,5,0.01,"","mtada_aggregated","pleiotropy","bfdr_estimate",0.2,0.159617430971777
20260848,36,500,15,3000,3000,3000,3000,"fast","control_informative",0.05,5,0.01,"","mtada_aggregated","pleiotropy","bfdr_power",0.2,0
20260848,36,500,15,3000,3000,3000,3000,"fast","control_informative",0.05,5,0.01,"","mtada_aggregated","pleiotropy","bfdr_discoveries",0.2,7
20260848,36,500,15,3000,3000,3000,3000,"fast","control_informative",0.05,5,0.01,"","mtada_aggregated","global","runtime_seconds",NA,0.713000000000022
20260848,36,500,15,3000,3000,3000,3000,"fast","control_informative",0.05,5,0.01,"","mtada_aggregated","pleiotropy","pi11_estimate",NA,0.00181947
20260849,37,500,15,3000,3000,3000,3000,"fast","control_informative",0.05,5,0.01,"","mirage_joint","trait1","auc",NA,0.710736842105263
20260849,37,500,15,3000,3000,3000,3000,"fast","control_informative",0.05,5,0.01,"","mirage_joint","trait2","auc",NA,0.580204081632653
20260849,37,500,15,3000,3000,3000,3000,"fast","control_informative",0.05,5,0.01,"","mirage_joint","pleiotropy","auc",NA,0.702222222222222
20260849,37,500,15,3000,3000,3000,3000,"fast","control_informative",0.05,5,0.01,"","mirage_joint","trait1","pp08_power",0.8,0.2
20260849,37,500,15,3000,3000,3000,3000,"fast","control_informative",0.05,5,0.01,"","mirage_joint","trait1","pp08_fdp",0.8,0
20260849,37,500,15,3000,3000,3000,3000,"fast","control_informative",0.05,5,0.01,"","mirage_joint","trait1","pp08_discoveries",0.8,5
20260849,37,500,15,3000,3000,3000,3000,"fast","control_informative",0.05,5,0.01,"","mirage_joint","trait2","pp08_power",0.8,0
20260849,37,500,15,3000,3000,3000,3000,"fast","control_informative",0.05,5,0.01,"","mirage_joint","trait2","pp08_fdp",0.8,0
20260849,37,500,15,3000,3000,3000,3000,"fast","control_informative",0.05,5,0.01,"","mirage_joint","trait2","pp08_discoveries",0.8,0
20260849,37,500,15,3000,3000,3000,3000,"fast","control_informative",0.05,5,0.01,"","mirage_joint","pleiotropy","pp08_power",0.8,0
20260849,37,500,15,3000,3000,3000,3000,"fast","control_informative",0.05,5,0.01,"","mirage_joint","pleiotropy","pp08_fdp",0.8,0
20260849,37,500,15,3000,3000,3000,3000,"fast","control_informative",0.05,5,0.01,"","mirage_joint","pleiotropy","pp08_discoveries",0.8,0
20260849,37,500,15,3000,3000,3000,3000,"fast","control_informative",0.05,5,0.01,"","mirage_joint","trait1","bfdr_observed_fdp",0.01,0
20260849,37,500,15,3000,3000,3000,3000,"fast","control_informative",0.05,5,0.01,"","mirage_joint","trait1","bfdr_estimate",0.01,0.000318693465340414
20260849,37,500,15,3000,3000,3000,3000,"fast","control_informative",0.05,5,0.01,"","mirage_joint","trait1","bfdr_power",0.01,0.16
20260849,37,500,15,3000,3000,3000,3000,"fast","control_informative",0.05,5,0.01,"","mirage_joint","trait1","bfdr_discoveries",0.01,4
20260849,37,500,15,3000,3000,3000,3000,"fast","control_informative",0.05,5,0.01,"","mirage_joint","trait1","bfdr_observed_fdp",0.05,0
20260849,37,500,15,3000,3000,3000,3000,"fast","control_informative",0.05,5,0.01,"","mirage_joint","trait1","bfdr_estimate",0.05,0.0317490644500622
20260849,37,500,15,3000,3000,3000,3000,"fast","control_informative",0.05,5,0.01,"","mirage_joint","trait1","bfdr_power",0.05,0.2
20260849,37,500,15,3000,3000,3000,3000,"fast","control_informative",0.05,5,0.01,"","mirage_joint","trait1","bfdr_discoveries",0.05,5
20260849,37,500,15,3000,3000,3000,3000,"fast","control_informative",0.05,5,0.01,"","mirage_joint","trait1","bfdr_observed_fdp",0.1,0
20260849,37,500,15,3000,3000,3000,3000,"fast","control_informative",0.05,5,0.01,"","mirage_joint","trait1","bfdr_estimate",0.1,0.0996865067168277
20260849,37,500,15,3000,3000,3000,3000,"fast","control_informative",0.05,5,0.01,"","mirage_joint","trait1","bfdr_power",0.1,0.28
20260849,37,500,15,3000,3000,3000,3000,"fast","control_informative",0.05,5,0.01,"","mirage_joint","trait1","bfdr_discoveries",0.1,7
20260849,37,500,15,3000,3000,3000,3000,"fast","control_informative",0.05,5,0.01,"","mirage_joint","trait1","bfdr_observed_fdp",0.2,0.272727272727273
20260849,37,500,15,3000,3000,3000,3000,"fast","control_informative",0.05,5,0.01,"","mirage_joint","trait1","bfdr_estimate",0.2,0.199183513156952
20260849,37,500,15,3000,3000,3000,3000,"fast","control_informative",0.05,5,0.01,"","mirage_joint","trait1","bfdr_power",0.2,0.32
20260849,37,500,15,3000,3000,3000,3000,"fast","control_informative",0.05,5,0.01,"","mirage_joint","trait1","bfdr_discoveries",0.2,11
20260849,37,500,15,3000,3000,3000,3000,"fast","control_informative",0.05,5,0.01,"","mirage_joint","trait2","bfdr_observed_fdp",0.01,0
20260849,37,500,15,3000,3000,3000,3000,"fast","control_informative",0.05,5,0.01,"","mirage_joint","trait2","bfdr_estimate",0.01,0
20260849,37,500,15,3000,3000,3000,3000,"fast","control_informative",0.05,5,0.01,"","mirage_joint","trait2","bfdr_power",0.01,0
20260849,37,500,15,3000,3000,3000,3000,"fast","control_informative",0.05,5,0.01,"","mirage_joint","trait2","bfdr_discoveries",0.01,0
20260849,37,500,15,3000,3000,3000,3000,"fast","control_informative",0.05,5,0.01,"","mirage_joint","trait2","bfdr_observed_fdp",0.05,0
20260849,37,500,15,3000,3000,3000,3000,"fast","control_informative",0.05,5,0.01,"","mirage_joint","trait2","bfdr_estimate",0.05,0
20260849,37,500,15,3000,3000,3000,3000,"fast","control_informative",0.05,5,0.01,"","mirage_joint","trait2","bfdr_power",0.05,0
20260849,37,500,15,3000,3000,3000,3000,"fast","control_informative",0.05,5,0.01,"","mirage_joint","trait2","bfdr_discoveries",0.05,0
20260849,37,500,15,3000,3000,3000,3000,"fast","control_informative",0.05,5,0.01,"","mirage_joint","trait2","bfdr_observed_fdp",0.1,0
20260849,37,500,15,3000,3000,3000,3000,"fast","control_informative",0.05,5,0.01,"","mirage_joint","trait2","bfdr_estimate",0.1,0
20260849,37,500,15,3000,3000,3000,3000,"fast","control_informative",0.05,5,0.01,"","mirage_joint","trait2","bfdr_power",0.1,0
20260849,37,500,15,3000,3000,3000,3000,"fast","control_informative",0.05,5,0.01,"","mirage_joint","trait2","bfdr_discoveries",0.1,0
20260849,37,500,15,3000,3000,3000,3000,"fast","control_informative",0.05,5,0.01,"","mirage_joint","trait2","bfdr_observed_fdp",0.2,0
20260849,37,500,15,3000,3000,3000,3000,"fast","control_informative",0.05,5,0.01,"","mirage_joint","trait2","bfdr_estimate",0.2,0
20260849,37,500,15,3000,3000,3000,3000,"fast","control_informative",0.05,5,0.01,"","mirage_joint","trait2","bfdr_power",0.2,0
20260849,37,500,15,3000,3000,3000,3000,"fast","control_informative",0.05,5,0.01,"","mirage_joint","trait2","bfdr_discoveries",0.2,0
20260849,37,500,15,3000,3000,3000,3000,"fast","control_informative",0.05,5,0.01,"","mirage_joint","pleiotropy","bfdr_observed_fdp",0.01,0
20260849,37,500,15,3000,3000,3000,3000,"fast","control_informative",0.05,5,0.01,"","mirage_joint","pleiotropy","bfdr_estimate",0.01,0
20260849,37,500,15,3000,3000,3000,3000,"fast","control_informative",0.05,5,0.01,"","mirage_joint","pleiotropy","bfdr_power",0.01,0
20260849,37,500,15,3000,3000,3000,3000,"fast","control_informative",0.05,5,0.01,"","mirage_joint","pleiotropy","bfdr_discoveries",0.01,0
20260849,37,500,15,3000,3000,3000,3000,"fast","control_informative",0.05,5,0.01,"","mirage_joint","pleiotropy","bfdr_observed_fdp",0.05,0
20260849,37,500,15,3000,3000,3000,3000,"fast","control_informative",0.05,5,0.01,"","mirage_joint","pleiotropy","bfdr_estimate",0.05,0
20260849,37,500,15,3000,3000,3000,3000,"fast","control_informative",0.05,5,0.01,"","mirage_joint","pleiotropy","bfdr_power",0.05,0
20260849,37,500,15,3000,3000,3000,3000,"fast","control_informative",0.05,5,0.01,"","mirage_joint","pleiotropy","bfdr_discoveries",0.05,0
20260849,37,500,15,3000,3000,3000,3000,"fast","control_informative",0.05,5,0.01,"","mirage_joint","pleiotropy","bfdr_observed_fdp",0.1,0
20260849,37,500,15,3000,3000,3000,3000,"fast","control_informative",0.05,5,0.01,"","mirage_joint","pleiotropy","bfdr_estimate",0.1,0
20260849,37,500,15,3000,3000,3000,3000,"fast","control_informative",0.05,5,0.01,"","mirage_joint","pleiotropy","bfdr_power",0.1,0
20260849,37,500,15,3000,3000,3000,3000,"fast","control_informative",0.05,5,0.01,"","mirage_joint","pleiotropy","bfdr_discoveries",0.1,0
20260849,37,500,15,3000,3000,3000,3000,"fast","control_informative",0.05,5,0.01,"","mirage_joint","pleiotropy","bfdr_observed_fdp",0.2,0
20260849,37,500,15,3000,3000,3000,3000,"fast","control_informative",0.05,5,0.01,"","mirage_joint","pleiotropy","bfdr_estimate",0.2,0
20260849,37,500,15,3000,3000,3000,3000,"fast","control_informative",0.05,5,0.01,"","mirage_joint","pleiotropy","bfdr_power",0.2,0
20260849,37,500,15,3000,3000,3000,3000,"fast","control_informative",0.05,5,0.01,"","mirage_joint","pleiotropy","bfdr_discoveries",0.2,0
20260849,37,500,15,3000,3000,3000,3000,"fast","control_informative",0.05,5,0.01,"","mirage_joint","global","runtime_seconds",NA,18.587
20260849,37,500,15,3000,3000,3000,3000,"fast","control_informative",0.05,5,0.01,"","mirage_joint","pleiotropy","pi11_estimate",NA,0.00394523836686862
20260849,37,500,15,3000,3000,3000,3000,"fast","control_informative",0.05,5,0.01,"","separate_mirage","trait1","auc",NA,0.705936842105263
20260849,37,500,15,3000,3000,3000,3000,"fast","control_informative",0.05,5,0.01,"","separate_mirage","trait2","auc",NA,0.484897959183673
20260849,37,500,15,3000,3000,3000,3000,"fast","control_informative",0.05,5,0.01,"","separate_mirage","pleiotropy","auc",NA,0.705050505050505
20260849,37,500,15,3000,3000,3000,3000,"fast","control_informative",0.05,5,0.01,"","separate_mirage","trait1","pp08_power",0.8,0.16
20260849,37,500,15,3000,3000,3000,3000,"fast","control_informative",0.05,5,0.01,"","separate_mirage","trait1","pp08_fdp",0.8,0
20260849,37,500,15,3000,3000,3000,3000,"fast","control_informative",0.05,5,0.01,"","separate_mirage","trait1","pp08_discoveries",0.8,4
20260849,37,500,15,3000,3000,3000,3000,"fast","control_informative",0.05,5,0.01,"","separate_mirage","trait2","pp08_power",0.8,0
20260849,37,500,15,3000,3000,3000,3000,"fast","control_informative",0.05,5,0.01,"","separate_mirage","trait2","pp08_fdp",0.8,0
20260849,37,500,15,3000,3000,3000,3000,"fast","control_informative",0.05,5,0.01,"","separate_mirage","trait2","pp08_discoveries",0.8,0
20260849,37,500,15,3000,3000,3000,3000,"fast","control_informative",0.05,5,0.01,"","separate_mirage","pleiotropy","pp08_power",0.8,0
20260849,37,500,15,3000,3000,3000,3000,"fast","control_informative",0.05,5,0.01,"","separate_mirage","pleiotropy","pp08_fdp",0.8,0
20260849,37,500,15,3000,3000,3000,3000,"fast","control_informative",0.05,5,0.01,"","separate_mirage","pleiotropy","pp08_discoveries",0.8,0
20260849,37,500,15,3000,3000,3000,3000,"fast","control_informative",0.05,5,0.01,"","separate_mirage","trait1","bfdr_observed_fdp",0.01,0
20260849,37,500,15,3000,3000,3000,3000,"fast","control_informative",0.05,5,0.01,"","separate_mirage","trait1","bfdr_estimate",0.01,0.000556843727820666
20260849,37,500,15,3000,3000,3000,3000,"fast","control_informative",0.05,5,0.01,"","separate_mirage","trait1","bfdr_power",0.01,0.16
20260849,37,500,15,3000,3000,3000,3000,"fast","control_informative",0.05,5,0.01,"","separate_mirage","trait1","bfdr_discoveries",0.01,4
20260849,37,500,15,3000,3000,3000,3000,"fast","control_informative",0.05,5,0.01,"","separate_mirage","trait1","bfdr_observed_fdp",0.05,0
20260849,37,500,15,3000,3000,3000,3000,"fast","control_informative",0.05,5,0.01,"","separate_mirage","trait1","bfdr_estimate",0.05,0.000556843727820666
20260849,37,500,15,3000,3000,3000,3000,"fast","control_informative",0.05,5,0.01,"","separate_mirage","trait1","bfdr_power",0.05,0.16
20260849,37,500,15,3000,3000,3000,3000,"fast","control_informative",0.05,5,0.01,"","separate_mirage","trait1","bfdr_discoveries",0.05,4
20260849,37,500,15,3000,3000,3000,3000,"fast","control_informative",0.05,5,0.01,"","separate_mirage","trait1","bfdr_observed_fdp",0.1,0
20260849,37,500,15,3000,3000,3000,3000,"fast","control_informative",0.05,5,0.01,"","separate_mirage","trait1","bfdr_estimate",0.1,0.0525950051041023
20260849,37,500,15,3000,3000,3000,3000,"fast","control_informative",0.05,5,0.01,"","separate_mirage","trait1","bfdr_power",0.1,0.2
20260849,37,500,15,3000,3000,3000,3000,"fast","control_informative",0.05,5,0.01,"","separate_mirage","trait1","bfdr_discoveries",0.1,5
20260849,37,500,15,3000,3000,3000,3000,"fast","control_informative",0.05,5,0.01,"","separate_mirage","trait1","bfdr_observed_fdp",0.2,0.25
20260849,37,500,15,3000,3000,3000,3000,"fast","control_informative",0.05,5,0.01,"","separate_mirage","trait1","bfdr_estimate",0.2,0.198904206350147
20260849,37,500,15,3000,3000,3000,3000,"fast","control_informative",0.05,5,0.01,"","separate_mirage","trait1","bfdr_power",0.2,0.24
20260849,37,500,15,3000,3000,3000,3000,"fast","control_informative",0.05,5,0.01,"","separate_mirage","trait1","bfdr_discoveries",0.2,8
20260849,37,500,15,3000,3000,3000,3000,"fast","control_informative",0.05,5,0.01,"","separate_mirage","trait2","bfdr_observed_fdp",0.01,0
20260849,37,500,15,3000,3000,3000,3000,"fast","control_informative",0.05,5,0.01,"","separate_mirage","trait2","bfdr_estimate",0.01,0
20260849,37,500,15,3000,3000,3000,3000,"fast","control_informative",0.05,5,0.01,"","separate_mirage","trait2","bfdr_power",0.01,0
20260849,37,500,15,3000,3000,3000,3000,"fast","control_informative",0.05,5,0.01,"","separate_mirage","trait2","bfdr_discoveries",0.01,0
20260849,37,500,15,3000,3000,3000,3000,"fast","control_informative",0.05,5,0.01,"","separate_mirage","trait2","bfdr_observed_fdp",0.05,0
20260849,37,500,15,3000,3000,3000,3000,"fast","control_informative",0.05,5,0.01,"","separate_mirage","trait2","bfdr_estimate",0.05,0
20260849,37,500,15,3000,3000,3000,3000,"fast","control_informative",0.05,5,0.01,"","separate_mirage","trait2","bfdr_power",0.05,0
20260849,37,500,15,3000,3000,3000,3000,"fast","control_informative",0.05,5,0.01,"","separate_mirage","trait2","bfdr_discoveries",0.05,0
20260849,37,500,15,3000,3000,3000,3000,"fast","control_informative",0.05,5,0.01,"","separate_mirage","trait2","bfdr_observed_fdp",0.1,0
20260849,37,500,15,3000,3000,3000,3000,"fast","control_informative",0.05,5,0.01,"","separate_mirage","trait2","bfdr_estimate",0.1,0
20260849,37,500,15,3000,3000,3000,3000,"fast","control_informative",0.05,5,0.01,"","separate_mirage","trait2","bfdr_power",0.1,0
20260849,37,500,15,3000,3000,3000,3000,"fast","control_informative",0.05,5,0.01,"","separate_mirage","trait2","bfdr_discoveries",0.1,0
20260849,37,500,15,3000,3000,3000,3000,"fast","control_informative",0.05,5,0.01,"","separate_mirage","trait2","bfdr_observed_fdp",0.2,0
20260849,37,500,15,3000,3000,3000,3000,"fast","control_informative",0.05,5,0.01,"","separate_mirage","trait2","bfdr_estimate",0.2,0
20260849,37,500,15,3000,3000,3000,3000,"fast","control_informative",0.05,5,0.01,"","separate_mirage","trait2","bfdr_power",0.2,0
20260849,37,500,15,3000,3000,3000,3000,"fast","control_informative",0.05,5,0.01,"","separate_mirage","trait2","bfdr_discoveries",0.2,0
20260849,37,500,15,3000,3000,3000,3000,"fast","control_informative",0.05,5,0.01,"","separate_mirage","pleiotropy","bfdr_observed_fdp",0.01,0
20260849,37,500,15,3000,3000,3000,3000,"fast","control_informative",0.05,5,0.01,"","separate_mirage","pleiotropy","bfdr_estimate",0.01,0
20260849,37,500,15,3000,3000,3000,3000,"fast","control_informative",0.05,5,0.01,"","separate_mirage","pleiotropy","bfdr_power",0.01,0
20260849,37,500,15,3000,3000,3000,3000,"fast","control_informative",0.05,5,0.01,"","separate_mirage","pleiotropy","bfdr_discoveries",0.01,0
20260849,37,500,15,3000,3000,3000,3000,"fast","control_informative",0.05,5,0.01,"","separate_mirage","pleiotropy","bfdr_observed_fdp",0.05,0
20260849,37,500,15,3000,3000,3000,3000,"fast","control_informative",0.05,5,0.01,"","separate_mirage","pleiotropy","bfdr_estimate",0.05,0
20260849,37,500,15,3000,3000,3000,3000,"fast","control_informative",0.05,5,0.01,"","separate_mirage","pleiotropy","bfdr_power",0.05,0
20260849,37,500,15,3000,3000,3000,3000,"fast","control_informative",0.05,5,0.01,"","separate_mirage","pleiotropy","bfdr_discoveries",0.05,0
20260849,37,500,15,3000,3000,3000,3000,"fast","control_informative",0.05,5,0.01,"","separate_mirage","pleiotropy","bfdr_observed_fdp",0.1,0
20260849,37,500,15,3000,3000,3000,3000,"fast","control_informative",0.05,5,0.01,"","separate_mirage","pleiotropy","bfdr_estimate",0.1,0
20260849,37,500,15,3000,3000,3000,3000,"fast","control_informative",0.05,5,0.01,"","separate_mirage","pleiotropy","bfdr_power",0.1,0
20260849,37,500,15,3000,3000,3000,3000,"fast","control_informative",0.05,5,0.01,"","separate_mirage","pleiotropy","bfdr_discoveries",0.1,0
20260849,37,500,15,3000,3000,3000,3000,"fast","control_informative",0.05,5,0.01,"","separate_mirage","pleiotropy","bfdr_observed_fdp",0.2,0
20260849,37,500,15,3000,3000,3000,3000,"fast","control_informative",0.05,5,0.01,"","separate_mirage","pleiotropy","bfdr_estimate",0.2,0
20260849,37,500,15,3000,3000,3000,3000,"fast","control_informative",0.05,5,0.01,"","separate_mirage","pleiotropy","bfdr_power",0.2,0
20260849,37,500,15,3000,3000,3000,3000,"fast","control_informative",0.05,5,0.01,"","separate_mirage","pleiotropy","bfdr_discoveries",0.2,0
20260849,37,500,15,3000,3000,3000,3000,"fast","control_informative",0.05,5,0.01,"","separate_mirage","global","runtime_seconds",NA,18.171
20260849,37,500,15,3000,3000,3000,3000,"fast","control_informative",0.05,5,0.01,"","separate_mirage","pleiotropy","pi11_estimate",NA,0.001
20260849,37,500,15,3000,3000,3000,3000,"fast","control_informative",0.05,5,0.01,"","mtada_aggregated","trait1","auc",NA,0.806947368421053
20260849,37,500,15,3000,3000,3000,3000,"fast","control_informative",0.05,5,0.01,"","mtada_aggregated","trait2","auc",NA,0.551428571428571
20260849,37,500,15,3000,3000,3000,3000,"fast","control_informative",0.05,5,0.01,"","mtada_aggregated","pleiotropy","auc",NA,0.656565656565657
20260849,37,500,15,3000,3000,3000,3000,"fast","control_informative",0.05,5,0.01,"","mtada_aggregated","trait1","pp08_power",0.8,0.48
20260849,37,500,15,3000,3000,3000,3000,"fast","control_informative",0.05,5,0.01,"","mtada_aggregated","trait1","pp08_fdp",0.8,0.76
20260849,37,500,15,3000,3000,3000,3000,"fast","control_informative",0.05,5,0.01,"","mtada_aggregated","trait1","pp08_discoveries",0.8,50
20260849,37,500,15,3000,3000,3000,3000,"fast","control_informative",0.05,5,0.01,"","mtada_aggregated","trait2","pp08_power",0.8,0
20260849,37,500,15,3000,3000,3000,3000,"fast","control_informative",0.05,5,0.01,"","mtada_aggregated","trait2","pp08_fdp",0.8,1
20260849,37,500,15,3000,3000,3000,3000,"fast","control_informative",0.05,5,0.01,"","mtada_aggregated","trait2","pp08_discoveries",0.8,37
20260849,37,500,15,3000,3000,3000,3000,"fast","control_informative",0.05,5,0.01,"","mtada_aggregated","pleiotropy","pp08_power",0.8,0
20260849,37,500,15,3000,3000,3000,3000,"fast","control_informative",0.05,5,0.01,"","mtada_aggregated","pleiotropy","pp08_fdp",0.8,1
20260849,37,500,15,3000,3000,3000,3000,"fast","control_informative",0.05,5,0.01,"","mtada_aggregated","pleiotropy","pp08_discoveries",0.8,7
20260849,37,500,15,3000,3000,3000,3000,"fast","control_informative",0.05,5,0.01,"","mtada_aggregated","trait1","bfdr_observed_fdp",0.01,0.755555555555556
20260849,37,500,15,3000,3000,3000,3000,"fast","control_informative",0.05,5,0.01,"","mtada_aggregated","trait1","bfdr_estimate",0.01,0.0085328552960108
20260849,37,500,15,3000,3000,3000,3000,"fast","control_informative",0.05,5,0.01,"","mtada_aggregated","trait1","bfdr_power",0.01,0.44
20260849,37,500,15,3000,3000,3000,3000,"fast","control_informative",0.05,5,0.01,"","mtada_aggregated","trait1","bfdr_discoveries",0.01,45
20260849,37,500,15,3000,3000,3000,3000,"fast","control_informative",0.05,5,0.01,"","mtada_aggregated","trait1","bfdr_observed_fdp",0.05,0.785714285714286
20260849,37,500,15,3000,3000,3000,3000,"fast","control_informative",0.05,5,0.01,"","mtada_aggregated","trait1","bfdr_estimate",0.05,0.0464725236354802
20260849,37,500,15,3000,3000,3000,3000,"fast","control_informative",0.05,5,0.01,"","mtada_aggregated","trait1","bfdr_power",0.05,0.48
20260849,37,500,15,3000,3000,3000,3000,"fast","control_informative",0.05,5,0.01,"","mtada_aggregated","trait1","bfdr_discoveries",0.05,56
20260849,37,500,15,3000,3000,3000,3000,"fast","control_informative",0.05,5,0.01,"","mtada_aggregated","trait1","bfdr_observed_fdp",0.1,0.8125
20260849,37,500,15,3000,3000,3000,3000,"fast","control_informative",0.05,5,0.01,"","mtada_aggregated","trait1","bfdr_estimate",0.1,0.0994599762899043
20260849,37,500,15,3000,3000,3000,3000,"fast","control_informative",0.05,5,0.01,"","mtada_aggregated","trait1","bfdr_power",0.1,0.48
20260849,37,500,15,3000,3000,3000,3000,"fast","control_informative",0.05,5,0.01,"","mtada_aggregated","trait1","bfdr_discoveries",0.1,64
20260849,37,500,15,3000,3000,3000,3000,"fast","control_informative",0.05,5,0.01,"","mtada_aggregated","trait1","bfdr_observed_fdp",0.2,0.828947368421053
20260849,37,500,15,3000,3000,3000,3000,"fast","control_informative",0.05,5,0.01,"","mtada_aggregated","trait1","bfdr_estimate",0.2,0.197213196608119
20260849,37,500,15,3000,3000,3000,3000,"fast","control_informative",0.05,5,0.01,"","mtada_aggregated","trait1","bfdr_power",0.2,0.52
20260849,37,500,15,3000,3000,3000,3000,"fast","control_informative",0.05,5,0.01,"","mtada_aggregated","trait1","bfdr_discoveries",0.2,76
20260849,37,500,15,3000,3000,3000,3000,"fast","control_informative",0.05,5,0.01,"","mtada_aggregated","trait2","bfdr_observed_fdp",0.01,1
20260849,37,500,15,3000,3000,3000,3000,"fast","control_informative",0.05,5,0.01,"","mtada_aggregated","trait2","bfdr_estimate",0.01,0.00892337233917763
20260849,37,500,15,3000,3000,3000,3000,"fast","control_informative",0.05,5,0.01,"","mtada_aggregated","trait2","bfdr_power",0.01,0
20260849,37,500,15,3000,3000,3000,3000,"fast","control_informative",0.05,5,0.01,"","mtada_aggregated","trait2","bfdr_discoveries",0.01,36
20260849,37,500,15,3000,3000,3000,3000,"fast","control_informative",0.05,5,0.01,"","mtada_aggregated","trait2","bfdr_observed_fdp",0.05,0.976744186046512
20260849,37,500,15,3000,3000,3000,3000,"fast","control_informative",0.05,5,0.01,"","mtada_aggregated","trait2","bfdr_estimate",0.05,0.0482752714910734
20260849,37,500,15,3000,3000,3000,3000,"fast","control_informative",0.05,5,0.01,"","mtada_aggregated","trait2","bfdr_power",0.05,0.1
20260849,37,500,15,3000,3000,3000,3000,"fast","control_informative",0.05,5,0.01,"","mtada_aggregated","trait2","bfdr_discoveries",0.05,43
20260849,37,500,15,3000,3000,3000,3000,"fast","control_informative",0.05,5,0.01,"","mtada_aggregated","trait2","bfdr_observed_fdp",0.1,0.979591836734694
20260849,37,500,15,3000,3000,3000,3000,"fast","control_informative",0.05,5,0.01,"","mtada_aggregated","trait2","bfdr_estimate",0.1,0.0974613412637463
20260849,37,500,15,3000,3000,3000,3000,"fast","control_informative",0.05,5,0.01,"","mtada_aggregated","trait2","bfdr_power",0.1,0.1
20260849,37,500,15,3000,3000,3000,3000,"fast","control_informative",0.05,5,0.01,"","mtada_aggregated","trait2","bfdr_discoveries",0.1,49
20260849,37,500,15,3000,3000,3000,3000,"fast","control_informative",0.05,5,0.01,"","mtada_aggregated","trait2","bfdr_observed_fdp",0.2,0.983333333333333
20260849,37,500,15,3000,3000,3000,3000,"fast","control_informative",0.05,5,0.01,"","mtada_aggregated","trait2","bfdr_estimate",0.2,0.196836820128087
20260849,37,500,15,3000,3000,3000,3000,"fast","control_informative",0.05,5,0.01,"","mtada_aggregated","trait2","bfdr_power",0.2,0.1
20260849,37,500,15,3000,3000,3000,3000,"fast","control_informative",0.05,5,0.01,"","mtada_aggregated","trait2","bfdr_discoveries",0.2,60
20260849,37,500,15,3000,3000,3000,3000,"fast","control_informative",0.05,5,0.01,"","mtada_aggregated","pleiotropy","bfdr_observed_fdp",0.01,1
20260849,37,500,15,3000,3000,3000,3000,"fast","control_informative",0.05,5,0.01,"","mtada_aggregated","pleiotropy","bfdr_estimate",0.01,0.00293318684473139
20260849,37,500,15,3000,3000,3000,3000,"fast","control_informative",0.05,5,0.01,"","mtada_aggregated","pleiotropy","bfdr_power",0.01,0
20260849,37,500,15,3000,3000,3000,3000,"fast","control_informative",0.05,5,0.01,"","mtada_aggregated","pleiotropy","bfdr_discoveries",0.01,6
20260849,37,500,15,3000,3000,3000,3000,"fast","control_informative",0.05,5,0.01,"","mtada_aggregated","pleiotropy","bfdr_observed_fdp",0.05,1
20260849,37,500,15,3000,3000,3000,3000,"fast","control_informative",0.05,5,0.01,"","mtada_aggregated","pleiotropy","bfdr_estimate",0.05,0.0438807344889603
20260849,37,500,15,3000,3000,3000,3000,"fast","control_informative",0.05,5,0.01,"","mtada_aggregated","pleiotropy","bfdr_power",0.05,0
20260849,37,500,15,3000,3000,3000,3000,"fast","control_informative",0.05,5,0.01,"","mtada_aggregated","pleiotropy","bfdr_discoveries",0.05,8
20260849,37,500,15,3000,3000,3000,3000,"fast","control_informative",0.05,5,0.01,"","mtada_aggregated","pleiotropy","bfdr_observed_fdp",0.1,1
20260849,37,500,15,3000,3000,3000,3000,"fast","control_informative",0.05,5,0.01,"","mtada_aggregated","pleiotropy","bfdr_estimate",0.1,0.0874362637487738
20260849,37,500,15,3000,3000,3000,3000,"fast","control_informative",0.05,5,0.01,"","mtada_aggregated","pleiotropy","bfdr_power",0.1,0
20260849,37,500,15,3000,3000,3000,3000,"fast","control_informative",0.05,5,0.01,"","mtada_aggregated","pleiotropy","bfdr_discoveries",0.1,9
20260849,37,500,15,3000,3000,3000,3000,"fast","control_informative",0.05,5,0.01,"","mtada_aggregated","pleiotropy","bfdr_observed_fdp",0.2,1
20260849,37,500,15,3000,3000,3000,3000,"fast","control_informative",0.05,5,0.01,"","mtada_aggregated","pleiotropy","bfdr_estimate",0.2,0.16712993109644
20260849,37,500,15,3000,3000,3000,3000,"fast","control_informative",0.05,5,0.01,"","mtada_aggregated","pleiotropy","bfdr_power",0.2,0
20260849,37,500,15,3000,3000,3000,3000,"fast","control_informative",0.05,5,0.01,"","mtada_aggregated","pleiotropy","bfdr_discoveries",0.2,11
20260849,37,500,15,3000,3000,3000,3000,"fast","control_informative",0.05,5,0.01,"","mtada_aggregated","global","runtime_seconds",NA,0.807000000000016
20260849,37,500,15,3000,3000,3000,3000,"fast","control_informative",0.05,5,0.01,"","mtada_aggregated","pleiotropy","pi11_estimate",NA,0.00411052
20260850,38,500,15,3000,3000,3000,3000,"fast","control_informative",0.05,5,0.01,"","mirage_joint","trait1","auc",NA,0.710736842105263
20260850,38,500,15,3000,3000,3000,3000,"fast","control_informative",0.05,5,0.01,"","mirage_joint","trait2","auc",NA,0.671020408163265
20260850,38,500,15,3000,3000,3000,3000,"fast","control_informative",0.05,5,0.01,"","mirage_joint","pleiotropy","auc",NA,0.603636363636364
20260850,38,500,15,3000,3000,3000,3000,"fast","control_informative",0.05,5,0.01,"","mirage_joint","trait1","pp08_power",0.8,0.08
20260850,38,500,15,3000,3000,3000,3000,"fast","control_informative",0.05,5,0.01,"","mirage_joint","trait1","pp08_fdp",0.8,0
20260850,38,500,15,3000,3000,3000,3000,"fast","control_informative",0.05,5,0.01,"","mirage_joint","trait1","pp08_discoveries",0.8,2
20260850,38,500,15,3000,3000,3000,3000,"fast","control_informative",0.05,5,0.01,"","mirage_joint","trait2","pp08_power",0.8,0
20260850,38,500,15,3000,3000,3000,3000,"fast","control_informative",0.05,5,0.01,"","mirage_joint","trait2","pp08_fdp",0.8,0
20260850,38,500,15,3000,3000,3000,3000,"fast","control_informative",0.05,5,0.01,"","mirage_joint","trait2","pp08_discoveries",0.8,0
20260850,38,500,15,3000,3000,3000,3000,"fast","control_informative",0.05,5,0.01,"","mirage_joint","pleiotropy","pp08_power",0.8,0
20260850,38,500,15,3000,3000,3000,3000,"fast","control_informative",0.05,5,0.01,"","mirage_joint","pleiotropy","pp08_fdp",0.8,0
20260850,38,500,15,3000,3000,3000,3000,"fast","control_informative",0.05,5,0.01,"","mirage_joint","pleiotropy","pp08_discoveries",0.8,0
20260850,38,500,15,3000,3000,3000,3000,"fast","control_informative",0.05,5,0.01,"","mirage_joint","trait1","bfdr_observed_fdp",0.01,0
20260850,38,500,15,3000,3000,3000,3000,"fast","control_informative",0.05,5,0.01,"","mirage_joint","trait1","bfdr_estimate",0.01,0.00331592756007293
20260850,38,500,15,3000,3000,3000,3000,"fast","control_informative",0.05,5,0.01,"","mirage_joint","trait1","bfdr_power",0.01,0.04
20260850,38,500,15,3000,3000,3000,3000,"fast","control_informative",0.05,5,0.01,"","mirage_joint","trait1","bfdr_discoveries",0.01,1
20260850,38,500,15,3000,3000,3000,3000,"fast","control_informative",0.05,5,0.01,"","mirage_joint","trait1","bfdr_observed_fdp",0.05,0
20260850,38,500,15,3000,3000,3000,3000,"fast","control_informative",0.05,5,0.01,"","mirage_joint","trait1","bfdr_estimate",0.05,0.01929878706213
20260850,38,500,15,3000,3000,3000,3000,"fast","control_informative",0.05,5,0.01,"","mirage_joint","trait1","bfdr_power",0.05,0.08
20260850,38,500,15,3000,3000,3000,3000,"fast","control_informative",0.05,5,0.01,"","mirage_joint","trait1","bfdr_discoveries",0.05,2
20260850,38,500,15,3000,3000,3000,3000,"fast","control_informative",0.05,5,0.01,"","mirage_joint","trait1","bfdr_observed_fdp",0.1,0
20260850,38,500,15,3000,3000,3000,3000,"fast","control_informative",0.05,5,0.01,"","mirage_joint","trait1","bfdr_estimate",0.1,0.0979527520469282
20260850,38,500,15,3000,3000,3000,3000,"fast","control_informative",0.05,5,0.01,"","mirage_joint","trait1","bfdr_power",0.1,0.12
20260850,38,500,15,3000,3000,3000,3000,"fast","control_informative",0.05,5,0.01,"","mirage_joint","trait1","bfdr_discoveries",0.1,3
20260850,38,500,15,3000,3000,3000,3000,"fast","control_informative",0.05,5,0.01,"","mirage_joint","trait1","bfdr_observed_fdp",0.2,0.25
20260850,38,500,15,3000,3000,3000,3000,"fast","control_informative",0.05,5,0.01,"","mirage_joint","trait1","bfdr_estimate",0.2,0.147155701994572
20260850,38,500,15,3000,3000,3000,3000,"fast","control_informative",0.05,5,0.01,"","mirage_joint","trait1","bfdr_power",0.2,0.12
20260850,38,500,15,3000,3000,3000,3000,"fast","control_informative",0.05,5,0.01,"","mirage_joint","trait1","bfdr_discoveries",0.2,4
20260850,38,500,15,3000,3000,3000,3000,"fast","control_informative",0.05,5,0.01,"","mirage_joint","trait2","bfdr_observed_fdp",0.01,0
20260850,38,500,15,3000,3000,3000,3000,"fast","control_informative",0.05,5,0.01,"","mirage_joint","trait2","bfdr_estimate",0.01,0
20260850,38,500,15,3000,3000,3000,3000,"fast","control_informative",0.05,5,0.01,"","mirage_joint","trait2","bfdr_power",0.01,0
20260850,38,500,15,3000,3000,3000,3000,"fast","control_informative",0.05,5,0.01,"","mirage_joint","trait2","bfdr_discoveries",0.01,0
20260850,38,500,15,3000,3000,3000,3000,"fast","control_informative",0.05,5,0.01,"","mirage_joint","trait2","bfdr_observed_fdp",0.05,0
20260850,38,500,15,3000,3000,3000,3000,"fast","control_informative",0.05,5,0.01,"","mirage_joint","trait2","bfdr_estimate",0.05,0
20260850,38,500,15,3000,3000,3000,3000,"fast","control_informative",0.05,5,0.01,"","mirage_joint","trait2","bfdr_power",0.05,0
20260850,38,500,15,3000,3000,3000,3000,"fast","control_informative",0.05,5,0.01,"","mirage_joint","trait2","bfdr_discoveries",0.05,0
20260850,38,500,15,3000,3000,3000,3000,"fast","control_informative",0.05,5,0.01,"","mirage_joint","trait2","bfdr_observed_fdp",0.1,0
20260850,38,500,15,3000,3000,3000,3000,"fast","control_informative",0.05,5,0.01,"","mirage_joint","trait2","bfdr_estimate",0.1,0
20260850,38,500,15,3000,3000,3000,3000,"fast","control_informative",0.05,5,0.01,"","mirage_joint","trait2","bfdr_power",0.1,0
20260850,38,500,15,3000,3000,3000,3000,"fast","control_informative",0.05,5,0.01,"","mirage_joint","trait2","bfdr_discoveries",0.1,0
20260850,38,500,15,3000,3000,3000,3000,"fast","control_informative",0.05,5,0.01,"","mirage_joint","trait2","bfdr_observed_fdp",0.2,0
20260850,38,500,15,3000,3000,3000,3000,"fast","control_informative",0.05,5,0.01,"","mirage_joint","trait2","bfdr_estimate",0.2,0
20260850,38,500,15,3000,3000,3000,3000,"fast","control_informative",0.05,5,0.01,"","mirage_joint","trait2","bfdr_power",0.2,0
20260850,38,500,15,3000,3000,3000,3000,"fast","control_informative",0.05,5,0.01,"","mirage_joint","trait2","bfdr_discoveries",0.2,0
20260850,38,500,15,3000,3000,3000,3000,"fast","control_informative",0.05,5,0.01,"","mirage_joint","pleiotropy","bfdr_observed_fdp",0.01,0
20260850,38,500,15,3000,3000,3000,3000,"fast","control_informative",0.05,5,0.01,"","mirage_joint","pleiotropy","bfdr_estimate",0.01,0
20260850,38,500,15,3000,3000,3000,3000,"fast","control_informative",0.05,5,0.01,"","mirage_joint","pleiotropy","bfdr_power",0.01,0
20260850,38,500,15,3000,3000,3000,3000,"fast","control_informative",0.05,5,0.01,"","mirage_joint","pleiotropy","bfdr_discoveries",0.01,0
20260850,38,500,15,3000,3000,3000,3000,"fast","control_informative",0.05,5,0.01,"","mirage_joint","pleiotropy","bfdr_observed_fdp",0.05,0
20260850,38,500,15,3000,3000,3000,3000,"fast","control_informative",0.05,5,0.01,"","mirage_joint","pleiotropy","bfdr_estimate",0.05,0
20260850,38,500,15,3000,3000,3000,3000,"fast","control_informative",0.05,5,0.01,"","mirage_joint","pleiotropy","bfdr_power",0.05,0
20260850,38,500,15,3000,3000,3000,3000,"fast","control_informative",0.05,5,0.01,"","mirage_joint","pleiotropy","bfdr_discoveries",0.05,0
20260850,38,500,15,3000,3000,3000,3000,"fast","control_informative",0.05,5,0.01,"","mirage_joint","pleiotropy","bfdr_observed_fdp",0.1,0
20260850,38,500,15,3000,3000,3000,3000,"fast","control_informative",0.05,5,0.01,"","mirage_joint","pleiotropy","bfdr_estimate",0.1,0
20260850,38,500,15,3000,3000,3000,3000,"fast","control_informative",0.05,5,0.01,"","mirage_joint","pleiotropy","bfdr_power",0.1,0
20260850,38,500,15,3000,3000,3000,3000,"fast","control_informative",0.05,5,0.01,"","mirage_joint","pleiotropy","bfdr_discoveries",0.1,0
20260850,38,500,15,3000,3000,3000,3000,"fast","control_informative",0.05,5,0.01,"","mirage_joint","pleiotropy","bfdr_observed_fdp",0.2,0
20260850,38,500,15,3000,3000,3000,3000,"fast","control_informative",0.05,5,0.01,"","mirage_joint","pleiotropy","bfdr_estimate",0.2,0
20260850,38,500,15,3000,3000,3000,3000,"fast","control_informative",0.05,5,0.01,"","mirage_joint","pleiotropy","bfdr_power",0.2,0
20260850,38,500,15,3000,3000,3000,3000,"fast","control_informative",0.05,5,0.01,"","mirage_joint","pleiotropy","bfdr_discoveries",0.2,0
20260850,38,500,15,3000,3000,3000,3000,"fast","control_informative",0.05,5,0.01,"","mirage_joint","global","runtime_seconds",NA,18.649
20260850,38,500,15,3000,3000,3000,3000,"fast","control_informative",0.05,5,0.01,"","mirage_joint","pleiotropy","pi11_estimate",NA,0.0167276004247541
20260850,38,500,15,3000,3000,3000,3000,"fast","control_informative",0.05,5,0.01,"","separate_mirage","trait1","auc",NA,0.727747368421053
20260850,38,500,15,3000,3000,3000,3000,"fast","control_informative",0.05,5,0.01,"","separate_mirage","trait2","auc",NA,0.643265306122449
20260850,38,500,15,3000,3000,3000,3000,"fast","control_informative",0.05,5,0.01,"","separate_mirage","pleiotropy","auc",NA,0.61050505050505
20260850,38,500,15,3000,3000,3000,3000,"fast","control_informative",0.05,5,0.01,"","separate_mirage","trait1","pp08_power",0.8,0.08
20260850,38,500,15,3000,3000,3000,3000,"fast","control_informative",0.05,5,0.01,"","separate_mirage","trait1","pp08_fdp",0.8,0
20260850,38,500,15,3000,3000,3000,3000,"fast","control_informative",0.05,5,0.01,"","separate_mirage","trait1","pp08_discoveries",0.8,2
20260850,38,500,15,3000,3000,3000,3000,"fast","control_informative",0.05,5,0.01,"","separate_mirage","trait2","pp08_power",0.8,0
20260850,38,500,15,3000,3000,3000,3000,"fast","control_informative",0.05,5,0.01,"","separate_mirage","trait2","pp08_fdp",0.8,0
20260850,38,500,15,3000,3000,3000,3000,"fast","control_informative",0.05,5,0.01,"","separate_mirage","trait2","pp08_discoveries",0.8,0
20260850,38,500,15,3000,3000,3000,3000,"fast","control_informative",0.05,5,0.01,"","separate_mirage","pleiotropy","pp08_power",0.8,0
20260850,38,500,15,3000,3000,3000,3000,"fast","control_informative",0.05,5,0.01,"","separate_mirage","pleiotropy","pp08_fdp",0.8,0
20260850,38,500,15,3000,3000,3000,3000,"fast","control_informative",0.05,5,0.01,"","separate_mirage","pleiotropy","pp08_discoveries",0.8,0
20260850,38,500,15,3000,3000,3000,3000,"fast","control_informative",0.05,5,0.01,"","separate_mirage","trait1","bfdr_observed_fdp",0.01,0
20260850,38,500,15,3000,3000,3000,3000,"fast","control_informative",0.05,5,0.01,"","separate_mirage","trait1","bfdr_estimate",0.01,0.00287527153838496
20260850,38,500,15,3000,3000,3000,3000,"fast","control_informative",0.05,5,0.01,"","separate_mirage","trait1","bfdr_power",0.01,0.04
20260850,38,500,15,3000,3000,3000,3000,"fast","control_informative",0.05,5,0.01,"","separate_mirage","trait1","bfdr_discoveries",0.01,1
20260850,38,500,15,3000,3000,3000,3000,"fast","control_informative",0.05,5,0.01,"","separate_mirage","trait1","bfdr_observed_fdp",0.05,0
20260850,38,500,15,3000,3000,3000,3000,"fast","control_informative",0.05,5,0.01,"","separate_mirage","trait1","bfdr_estimate",0.05,0.0162234092210758
20260850,38,500,15,3000,3000,3000,3000,"fast","control_informative",0.05,5,0.01,"","separate_mirage","trait1","bfdr_power",0.05,0.08
20260850,38,500,15,3000,3000,3000,3000,"fast","control_informative",0.05,5,0.01,"","separate_mirage","trait1","bfdr_discoveries",0.05,2
20260850,38,500,15,3000,3000,3000,3000,"fast","control_informative",0.05,5,0.01,"","separate_mirage","trait1","bfdr_observed_fdp",0.1,0
20260850,38,500,15,3000,3000,3000,3000,"fast","control_informative",0.05,5,0.01,"","separate_mirage","trait1","bfdr_estimate",0.1,0.0162234092210758
20260850,38,500,15,3000,3000,3000,3000,"fast","control_informative",0.05,5,0.01,"","separate_mirage","trait1","bfdr_power",0.1,0.08
20260850,38,500,15,3000,3000,3000,3000,"fast","control_informative",0.05,5,0.01,"","separate_mirage","trait1","bfdr_discoveries",0.1,2
20260850,38,500,15,3000,3000,3000,3000,"fast","control_informative",0.05,5,0.01,"","separate_mirage","trait1","bfdr_observed_fdp",0.2,0.25
20260850,38,500,15,3000,3000,3000,3000,"fast","control_informative",0.05,5,0.01,"","separate_mirage","trait1","bfdr_estimate",0.2,0.19683050321242
20260850,38,500,15,3000,3000,3000,3000,"fast","control_informative",0.05,5,0.01,"","separate_mirage","trait1","bfdr_power",0.2,0.12
20260850,38,500,15,3000,3000,3000,3000,"fast","control_informative",0.05,5,0.01,"","separate_mirage","trait1","bfdr_discoveries",0.2,4
20260850,38,500,15,3000,3000,3000,3000,"fast","control_informative",0.05,5,0.01,"","separate_mirage","trait2","bfdr_observed_fdp",0.01,0
20260850,38,500,15,3000,3000,3000,3000,"fast","control_informative",0.05,5,0.01,"","separate_mirage","trait2","bfdr_estimate",0.01,0
20260850,38,500,15,3000,3000,3000,3000,"fast","control_informative",0.05,5,0.01,"","separate_mirage","trait2","bfdr_power",0.01,0
20260850,38,500,15,3000,3000,3000,3000,"fast","control_informative",0.05,5,0.01,"","separate_mirage","trait2","bfdr_discoveries",0.01,0
20260850,38,500,15,3000,3000,3000,3000,"fast","control_informative",0.05,5,0.01,"","separate_mirage","trait2","bfdr_observed_fdp",0.05,0
20260850,38,500,15,3000,3000,3000,3000,"fast","control_informative",0.05,5,0.01,"","separate_mirage","trait2","bfdr_estimate",0.05,0
20260850,38,500,15,3000,3000,3000,3000,"fast","control_informative",0.05,5,0.01,"","separate_mirage","trait2","bfdr_power",0.05,0
20260850,38,500,15,3000,3000,3000,3000,"fast","control_informative",0.05,5,0.01,"","separate_mirage","trait2","bfdr_discoveries",0.05,0
20260850,38,500,15,3000,3000,3000,3000,"fast","control_informative",0.05,5,0.01,"","separate_mirage","trait2","bfdr_observed_fdp",0.1,0
20260850,38,500,15,3000,3000,3000,3000,"fast","control_informative",0.05,5,0.01,"","separate_mirage","trait2","bfdr_estimate",0.1,0
20260850,38,500,15,3000,3000,3000,3000,"fast","control_informative",0.05,5,0.01,"","separate_mirage","trait2","bfdr_power",0.1,0
20260850,38,500,15,3000,3000,3000,3000,"fast","control_informative",0.05,5,0.01,"","separate_mirage","trait2","bfdr_discoveries",0.1,0
20260850,38,500,15,3000,3000,3000,3000,"fast","control_informative",0.05,5,0.01,"","separate_mirage","trait2","bfdr_observed_fdp",0.2,0
20260850,38,500,15,3000,3000,3000,3000,"fast","control_informative",0.05,5,0.01,"","separate_mirage","trait2","bfdr_estimate",0.2,0
20260850,38,500,15,3000,3000,3000,3000,"fast","control_informative",0.05,5,0.01,"","separate_mirage","trait2","bfdr_power",0.2,0
20260850,38,500,15,3000,3000,3000,3000,"fast","control_informative",0.05,5,0.01,"","separate_mirage","trait2","bfdr_discoveries",0.2,0
20260850,38,500,15,3000,3000,3000,3000,"fast","control_informative",0.05,5,0.01,"","separate_mirage","pleiotropy","bfdr_observed_fdp",0.01,0
20260850,38,500,15,3000,3000,3000,3000,"fast","control_informative",0.05,5,0.01,"","separate_mirage","pleiotropy","bfdr_estimate",0.01,0
20260850,38,500,15,3000,3000,3000,3000,"fast","control_informative",0.05,5,0.01,"","separate_mirage","pleiotropy","bfdr_power",0.01,0
20260850,38,500,15,3000,3000,3000,3000,"fast","control_informative",0.05,5,0.01,"","separate_mirage","pleiotropy","bfdr_discoveries",0.01,0
20260850,38,500,15,3000,3000,3000,3000,"fast","control_informative",0.05,5,0.01,"","separate_mirage","pleiotropy","bfdr_observed_fdp",0.05,0
20260850,38,500,15,3000,3000,3000,3000,"fast","control_informative",0.05,5,0.01,"","separate_mirage","pleiotropy","bfdr_estimate",0.05,0
20260850,38,500,15,3000,3000,3000,3000,"fast","control_informative",0.05,5,0.01,"","separate_mirage","pleiotropy","bfdr_power",0.05,0
20260850,38,500,15,3000,3000,3000,3000,"fast","control_informative",0.05,5,0.01,"","separate_mirage","pleiotropy","bfdr_discoveries",0.05,0
20260850,38,500,15,3000,3000,3000,3000,"fast","control_informative",0.05,5,0.01,"","separate_mirage","pleiotropy","bfdr_observed_fdp",0.1,0
20260850,38,500,15,3000,3000,3000,3000,"fast","control_informative",0.05,5,0.01,"","separate_mirage","pleiotropy","bfdr_estimate",0.1,0
20260850,38,500,15,3000,3000,3000,3000,"fast","control_informative",0.05,5,0.01,"","separate_mirage","pleiotropy","bfdr_power",0.1,0
20260850,38,500,15,3000,3000,3000,3000,"fast","control_informative",0.05,5,0.01,"","separate_mirage","pleiotropy","bfdr_discoveries",0.1,0
20260850,38,500,15,3000,3000,3000,3000,"fast","control_informative",0.05,5,0.01,"","separate_mirage","pleiotropy","bfdr_observed_fdp",0.2,0
20260850,38,500,15,3000,3000,3000,3000,"fast","control_informative",0.05,5,0.01,"","separate_mirage","pleiotropy","bfdr_estimate",0.2,0
20260850,38,500,15,3000,3000,3000,3000,"fast","control_informative",0.05,5,0.01,"","separate_mirage","pleiotropy","bfdr_power",0.2,0
20260850,38,500,15,3000,3000,3000,3000,"fast","control_informative",0.05,5,0.01,"","separate_mirage","pleiotropy","bfdr_discoveries",0.2,0
20260850,38,500,15,3000,3000,3000,3000,"fast","control_informative",0.05,5,0.01,"","separate_mirage","global","runtime_seconds",NA,18.111
20260850,38,500,15,3000,3000,3000,3000,"fast","control_informative",0.05,5,0.01,"","separate_mirage","pleiotropy","pi11_estimate",NA,0.001
20260850,38,500,15,3000,3000,3000,3000,"fast","control_informative",0.05,5,0.01,"","mtada_aggregated","trait1","auc",NA,0.7696
20260850,38,500,15,3000,3000,3000,3000,"fast","control_informative",0.05,5,0.01,"","mtada_aggregated","trait2","auc",NA,0.627959183673469
20260850,38,500,15,3000,3000,3000,3000,"fast","control_informative",0.05,5,0.01,"","mtada_aggregated","pleiotropy","auc",NA,0.662222222222222
20260850,38,500,15,3000,3000,3000,3000,"fast","control_informative",0.05,5,0.01,"","mtada_aggregated","trait1","pp08_power",0.8,0.28
20260850,38,500,15,3000,3000,3000,3000,"fast","control_informative",0.05,5,0.01,"","mtada_aggregated","trait1","pp08_fdp",0.8,0.810810810810811
20260850,38,500,15,3000,3000,3000,3000,"fast","control_informative",0.05,5,0.01,"","mtada_aggregated","trait1","pp08_discoveries",0.8,37
20260850,38,500,15,3000,3000,3000,3000,"fast","control_informative",0.05,5,0.01,"","mtada_aggregated","trait2","pp08_power",0.8,0.2
20260850,38,500,15,3000,3000,3000,3000,"fast","control_informative",0.05,5,0.01,"","mtada_aggregated","trait2","pp08_fdp",0.8,0.925925925925926
20260850,38,500,15,3000,3000,3000,3000,"fast","control_informative",0.05,5,0.01,"","mtada_aggregated","trait2","pp08_discoveries",0.8,27
20260850,38,500,15,3000,3000,3000,3000,"fast","control_informative",0.05,5,0.01,"","mtada_aggregated","pleiotropy","pp08_power",0.8,0
20260850,38,500,15,3000,3000,3000,3000,"fast","control_informative",0.05,5,0.01,"","mtada_aggregated","pleiotropy","pp08_fdp",0.8,1
20260850,38,500,15,3000,3000,3000,3000,"fast","control_informative",0.05,5,0.01,"","mtada_aggregated","pleiotropy","pp08_discoveries",0.8,1
20260850,38,500,15,3000,3000,3000,3000,"fast","control_informative",0.05,5,0.01,"","mtada_aggregated","trait1","bfdr_observed_fdp",0.01,0.805555555555556
20260850,38,500,15,3000,3000,3000,3000,"fast","control_informative",0.05,5,0.01,"","mtada_aggregated","trait1","bfdr_estimate",0.01,0.0090950157908053
20260850,38,500,15,3000,3000,3000,3000,"fast","control_informative",0.05,5,0.01,"","mtada_aggregated","trait1","bfdr_power",0.01,0.28
20260850,38,500,15,3000,3000,3000,3000,"fast","control_informative",0.05,5,0.01,"","mtada_aggregated","trait1","bfdr_discoveries",0.01,36
20260850,38,500,15,3000,3000,3000,3000,"fast","control_informative",0.05,5,0.01,"","mtada_aggregated","trait1","bfdr_observed_fdp",0.05,0.785714285714286
20260850,38,500,15,3000,3000,3000,3000,"fast","control_informative",0.05,5,0.01,"","mtada_aggregated","trait1","bfdr_estimate",0.05,0.0437117157426802
20260850,38,500,15,3000,3000,3000,3000,"fast","control_informative",0.05,5,0.01,"","mtada_aggregated","trait1","bfdr_power",0.05,0.36
20260850,38,500,15,3000,3000,3000,3000,"fast","control_informative",0.05,5,0.01,"","mtada_aggregated","trait1","bfdr_discoveries",0.05,42
20260850,38,500,15,3000,3000,3000,3000,"fast","control_informative",0.05,5,0.01,"","mtada_aggregated","trait1","bfdr_observed_fdp",0.1,0.816326530612245
20260850,38,500,15,3000,3000,3000,3000,"fast","control_informative",0.05,5,0.01,"","mtada_aggregated","trait1","bfdr_estimate",0.1,0.0980385622584347
20260850,38,500,15,3000,3000,3000,3000,"fast","control_informative",0.05,5,0.01,"","mtada_aggregated","trait1","bfdr_power",0.1,0.36
20260850,38,500,15,3000,3000,3000,3000,"fast","control_informative",0.05,5,0.01,"","mtada_aggregated","trait1","bfdr_discoveries",0.1,49
20260850,38,500,15,3000,3000,3000,3000,"fast","control_informative",0.05,5,0.01,"","mtada_aggregated","trait1","bfdr_observed_fdp",0.2,0.844827586206897
20260850,38,500,15,3000,3000,3000,3000,"fast","control_informative",0.05,5,0.01,"","mtada_aggregated","trait1","bfdr_estimate",0.2,0.192093915197667
20260850,38,500,15,3000,3000,3000,3000,"fast","control_informative",0.05,5,0.01,"","mtada_aggregated","trait1","bfdr_power",0.2,0.36
20260850,38,500,15,3000,3000,3000,3000,"fast","control_informative",0.05,5,0.01,"","mtada_aggregated","trait1","bfdr_discoveries",0.2,58
20260850,38,500,15,3000,3000,3000,3000,"fast","control_informative",0.05,5,0.01,"","mtada_aggregated","trait2","bfdr_observed_fdp",0.01,0.916666666666667
20260850,38,500,15,3000,3000,3000,3000,"fast","control_informative",0.05,5,0.01,"","mtada_aggregated","trait2","bfdr_estimate",0.01,0.00686953359115066
20260850,38,500,15,3000,3000,3000,3000,"fast","control_informative",0.05,5,0.01,"","mtada_aggregated","trait2","bfdr_power",0.01,0.2
20260850,38,500,15,3000,3000,3000,3000,"fast","control_informative",0.05,5,0.01,"","mtada_aggregated","trait2","bfdr_discoveries",0.01,24
20260850,38,500,15,3000,3000,3000,3000,"fast","control_informative",0.05,5,0.01,"","mtada_aggregated","trait2","bfdr_observed_fdp",0.05,0.933333333333333
20260850,38,500,15,3000,3000,3000,3000,"fast","control_informative",0.05,5,0.01,"","mtada_aggregated","trait2","bfdr_estimate",0.05,0.0439905999902727
20260850,38,500,15,3000,3000,3000,3000,"fast","control_informative",0.05,5,0.01,"","mtada_aggregated","trait2","bfdr_power",0.05,0.2
20260850,38,500,15,3000,3000,3000,3000,"fast","control_informative",0.05,5,0.01,"","mtada_aggregated","trait2","bfdr_discoveries",0.05,30
20260850,38,500,15,3000,3000,3000,3000,"fast","control_informative",0.05,5,0.01,"","mtada_aggregated","trait2","bfdr_observed_fdp",0.1,0.942857142857143
20260850,38,500,15,3000,3000,3000,3000,"fast","control_informative",0.05,5,0.01,"","mtada_aggregated","trait2","bfdr_estimate",0.1,0.0920068857930022
20260850,38,500,15,3000,3000,3000,3000,"fast","control_informative",0.05,5,0.01,"","mtada_aggregated","trait2","bfdr_power",0.1,0.2
20260850,38,500,15,3000,3000,3000,3000,"fast","control_informative",0.05,5,0.01,"","mtada_aggregated","trait2","bfdr_discoveries",0.1,35
20260850,38,500,15,3000,3000,3000,3000,"fast","control_informative",0.05,5,0.01,"","mtada_aggregated","trait2","bfdr_observed_fdp",0.2,0.954545454545455
20260850,38,500,15,3000,3000,3000,3000,"fast","control_informative",0.05,5,0.01,"","mtada_aggregated","trait2","bfdr_estimate",0.2,0.197586335312612
20260850,38,500,15,3000,3000,3000,3000,"fast","control_informative",0.05,5,0.01,"","mtada_aggregated","trait2","bfdr_power",0.2,0.2
20260850,38,500,15,3000,3000,3000,3000,"fast","control_informative",0.05,5,0.01,"","mtada_aggregated","trait2","bfdr_discoveries",0.2,44
20260850,38,500,15,3000,3000,3000,3000,"fast","control_informative",0.05,5,0.01,"","mtada_aggregated","pleiotropy","bfdr_observed_fdp",0.01,1
20260850,38,500,15,3000,3000,3000,3000,"fast","control_informative",0.05,5,0.01,"","mtada_aggregated","pleiotropy","bfdr_estimate",0.01,0.000515048965562981
20260850,38,500,15,3000,3000,3000,3000,"fast","control_informative",0.05,5,0.01,"","mtada_aggregated","pleiotropy","bfdr_power",0.01,0
20260850,38,500,15,3000,3000,3000,3000,"fast","control_informative",0.05,5,0.01,"","mtada_aggregated","pleiotropy","bfdr_discoveries",0.01,1
20260850,38,500,15,3000,3000,3000,3000,"fast","control_informative",0.05,5,0.01,"","mtada_aggregated","pleiotropy","bfdr_observed_fdp",0.05,1
20260850,38,500,15,3000,3000,3000,3000,"fast","control_informative",0.05,5,0.01,"","mtada_aggregated","pleiotropy","bfdr_estimate",0.05,0.000515048965562981
20260850,38,500,15,3000,3000,3000,3000,"fast","control_informative",0.05,5,0.01,"","mtada_aggregated","pleiotropy","bfdr_power",0.05,0
20260850,38,500,15,3000,3000,3000,3000,"fast","control_informative",0.05,5,0.01,"","mtada_aggregated","pleiotropy","bfdr_discoveries",0.05,1
20260850,38,500,15,3000,3000,3000,3000,"fast","control_informative",0.05,5,0.01,"","mtada_aggregated","pleiotropy","bfdr_observed_fdp",0.1,1
20260850,38,500,15,3000,3000,3000,3000,"fast","control_informative",0.05,5,0.01,"","mtada_aggregated","pleiotropy","bfdr_estimate",0.1,0.000515048965562981
20260850,38,500,15,3000,3000,3000,3000,"fast","control_informative",0.05,5,0.01,"","mtada_aggregated","pleiotropy","bfdr_power",0.1,0
20260850,38,500,15,3000,3000,3000,3000,"fast","control_informative",0.05,5,0.01,"","mtada_aggregated","pleiotropy","bfdr_discoveries",0.1,1
20260850,38,500,15,3000,3000,3000,3000,"fast","control_informative",0.05,5,0.01,"","mtada_aggregated","pleiotropy","bfdr_observed_fdp",0.2,1
20260850,38,500,15,3000,3000,3000,3000,"fast","control_informative",0.05,5,0.01,"","mtada_aggregated","pleiotropy","bfdr_estimate",0.2,0.182804373319993
20260850,38,500,15,3000,3000,3000,3000,"fast","control_informative",0.05,5,0.01,"","mtada_aggregated","pleiotropy","bfdr_power",0.2,0
20260850,38,500,15,3000,3000,3000,3000,"fast","control_informative",0.05,5,0.01,"","mtada_aggregated","pleiotropy","bfdr_discoveries",0.2,2
20260850,38,500,15,3000,3000,3000,3000,"fast","control_informative",0.05,5,0.01,"","mtada_aggregated","global","runtime_seconds",NA,0.911999999999978
20260850,38,500,15,3000,3000,3000,3000,"fast","control_informative",0.05,5,0.01,"","mtada_aggregated","pleiotropy","pi11_estimate",NA,0.00155196
20260851,39,500,15,3000,3000,3000,3000,"fast","control_informative",0.05,5,0.01,"","mirage_joint","trait1","auc",NA,0.670652631578947
20260851,39,500,15,3000,3000,3000,3000,"fast","control_informative",0.05,5,0.01,"","mirage_joint","trait2","auc",NA,0.499387755102041
20260851,39,500,15,3000,3000,3000,3000,"fast","control_informative",0.05,5,0.01,"","mirage_joint","pleiotropy","auc",NA,0.72
20260851,39,500,15,3000,3000,3000,3000,"fast","control_informative",0.05,5,0.01,"","mirage_joint","trait1","pp08_power",0.8,0.12
20260851,39,500,15,3000,3000,3000,3000,"fast","control_informative",0.05,5,0.01,"","mirage_joint","trait1","pp08_fdp",0.8,0
20260851,39,500,15,3000,3000,3000,3000,"fast","control_informative",0.05,5,0.01,"","mirage_joint","trait1","pp08_discoveries",0.8,3
20260851,39,500,15,3000,3000,3000,3000,"fast","control_informative",0.05,5,0.01,"","mirage_joint","trait2","pp08_power",0.8,0.1
20260851,39,500,15,3000,3000,3000,3000,"fast","control_informative",0.05,5,0.01,"","mirage_joint","trait2","pp08_fdp",0.8,0
20260851,39,500,15,3000,3000,3000,3000,"fast","control_informative",0.05,5,0.01,"","mirage_joint","trait2","pp08_discoveries",0.8,1
20260851,39,500,15,3000,3000,3000,3000,"fast","control_informative",0.05,5,0.01,"","mirage_joint","pleiotropy","pp08_power",0.8,0
20260851,39,500,15,3000,3000,3000,3000,"fast","control_informative",0.05,5,0.01,"","mirage_joint","pleiotropy","pp08_fdp",0.8,0
20260851,39,500,15,3000,3000,3000,3000,"fast","control_informative",0.05,5,0.01,"","mirage_joint","pleiotropy","pp08_discoveries",0.8,0
20260851,39,500,15,3000,3000,3000,3000,"fast","control_informative",0.05,5,0.01,"","mirage_joint","trait1","bfdr_observed_fdp",0.01,0
20260851,39,500,15,3000,3000,3000,3000,"fast","control_informative",0.05,5,0.01,"","mirage_joint","trait1","bfdr_estimate",0.01,1.1788034270932e-07
20260851,39,500,15,3000,3000,3000,3000,"fast","control_informative",0.05,5,0.01,"","mirage_joint","trait1","bfdr_power",0.01,0.04
20260851,39,500,15,3000,3000,3000,3000,"fast","control_informative",0.05,5,0.01,"","mirage_joint","trait1","bfdr_discoveries",0.01,1
20260851,39,500,15,3000,3000,3000,3000,"fast","control_informative",0.05,5,0.01,"","mirage_joint","trait1","bfdr_observed_fdp",0.05,0
20260851,39,500,15,3000,3000,3000,3000,"fast","control_informative",0.05,5,0.01,"","mirage_joint","trait1","bfdr_estimate",0.05,0.0372982208689536
20260851,39,500,15,3000,3000,3000,3000,"fast","control_informative",0.05,5,0.01,"","mirage_joint","trait1","bfdr_power",0.05,0.12
20260851,39,500,15,3000,3000,3000,3000,"fast","control_informative",0.05,5,0.01,"","mirage_joint","trait1","bfdr_discoveries",0.05,3
20260851,39,500,15,3000,3000,3000,3000,"fast","control_informative",0.05,5,0.01,"","mirage_joint","trait1","bfdr_observed_fdp",0.1,0
20260851,39,500,15,3000,3000,3000,3000,"fast","control_informative",0.05,5,0.01,"","mirage_joint","trait1","bfdr_estimate",0.1,0.0372982208689536
20260851,39,500,15,3000,3000,3000,3000,"fast","control_informative",0.05,5,0.01,"","mirage_joint","trait1","bfdr_power",0.1,0.12
20260851,39,500,15,3000,3000,3000,3000,"fast","control_informative",0.05,5,0.01,"","mirage_joint","trait1","bfdr_discoveries",0.1,3
20260851,39,500,15,3000,3000,3000,3000,"fast","control_informative",0.05,5,0.01,"","mirage_joint","trait1","bfdr_observed_fdp",0.2,0.25
20260851,39,500,15,3000,3000,3000,3000,"fast","control_informative",0.05,5,0.01,"","mirage_joint","trait1","bfdr_estimate",0.2,0.149687885002881
20260851,39,500,15,3000,3000,3000,3000,"fast","control_informative",0.05,5,0.01,"","mirage_joint","trait1","bfdr_power",0.2,0.12
20260851,39,500,15,3000,3000,3000,3000,"fast","control_informative",0.05,5,0.01,"","mirage_joint","trait1","bfdr_discoveries",0.2,4
20260851,39,500,15,3000,3000,3000,3000,"fast","control_informative",0.05,5,0.01,"","mirage_joint","trait2","bfdr_observed_fdp",0.01,0
20260851,39,500,15,3000,3000,3000,3000,"fast","control_informative",0.05,5,0.01,"","mirage_joint","trait2","bfdr_estimate",0.01,0
20260851,39,500,15,3000,3000,3000,3000,"fast","control_informative",0.05,5,0.01,"","mirage_joint","trait2","bfdr_power",0.01,0
20260851,39,500,15,3000,3000,3000,3000,"fast","control_informative",0.05,5,0.01,"","mirage_joint","trait2","bfdr_discoveries",0.01,0
20260851,39,500,15,3000,3000,3000,3000,"fast","control_informative",0.05,5,0.01,"","mirage_joint","trait2","bfdr_observed_fdp",0.05,0
20260851,39,500,15,3000,3000,3000,3000,"fast","control_informative",0.05,5,0.01,"","mirage_joint","trait2","bfdr_estimate",0.05,0
20260851,39,500,15,3000,3000,3000,3000,"fast","control_informative",0.05,5,0.01,"","mirage_joint","trait2","bfdr_power",0.05,0
20260851,39,500,15,3000,3000,3000,3000,"fast","control_informative",0.05,5,0.01,"","mirage_joint","trait2","bfdr_discoveries",0.05,0
20260851,39,500,15,3000,3000,3000,3000,"fast","control_informative",0.05,5,0.01,"","mirage_joint","trait2","bfdr_observed_fdp",0.1,0
20260851,39,500,15,3000,3000,3000,3000,"fast","control_informative",0.05,5,0.01,"","mirage_joint","trait2","bfdr_estimate",0.1,0.0951090755063762
20260851,39,500,15,3000,3000,3000,3000,"fast","control_informative",0.05,5,0.01,"","mirage_joint","trait2","bfdr_power",0.1,0.1
20260851,39,500,15,3000,3000,3000,3000,"fast","control_informative",0.05,5,0.01,"","mirage_joint","trait2","bfdr_discoveries",0.1,1
20260851,39,500,15,3000,3000,3000,3000,"fast","control_informative",0.05,5,0.01,"","mirage_joint","trait2","bfdr_observed_fdp",0.2,0
20260851,39,500,15,3000,3000,3000,3000,"fast","control_informative",0.05,5,0.01,"","mirage_joint","trait2","bfdr_estimate",0.2,0.0951090755063762
20260851,39,500,15,3000,3000,3000,3000,"fast","control_informative",0.05,5,0.01,"","mirage_joint","trait2","bfdr_power",0.2,0.1
20260851,39,500,15,3000,3000,3000,3000,"fast","control_informative",0.05,5,0.01,"","mirage_joint","trait2","bfdr_discoveries",0.2,1
20260851,39,500,15,3000,3000,3000,3000,"fast","control_informative",0.05,5,0.01,"","mirage_joint","pleiotropy","bfdr_observed_fdp",0.01,0
20260851,39,500,15,3000,3000,3000,3000,"fast","control_informative",0.05,5,0.01,"","mirage_joint","pleiotropy","bfdr_estimate",0.01,0
20260851,39,500,15,3000,3000,3000,3000,"fast","control_informative",0.05,5,0.01,"","mirage_joint","pleiotropy","bfdr_power",0.01,0
20260851,39,500,15,3000,3000,3000,3000,"fast","control_informative",0.05,5,0.01,"","mirage_joint","pleiotropy","bfdr_discoveries",0.01,0
20260851,39,500,15,3000,3000,3000,3000,"fast","control_informative",0.05,5,0.01,"","mirage_joint","pleiotropy","bfdr_observed_fdp",0.05,0
20260851,39,500,15,3000,3000,3000,3000,"fast","control_informative",0.05,5,0.01,"","mirage_joint","pleiotropy","bfdr_estimate",0.05,0
20260851,39,500,15,3000,3000,3000,3000,"fast","control_informative",0.05,5,0.01,"","mirage_joint","pleiotropy","bfdr_power",0.05,0
20260851,39,500,15,3000,3000,3000,3000,"fast","control_informative",0.05,5,0.01,"","mirage_joint","pleiotropy","bfdr_discoveries",0.05,0
20260851,39,500,15,3000,3000,3000,3000,"fast","control_informative",0.05,5,0.01,"","mirage_joint","pleiotropy","bfdr_observed_fdp",0.1,0
20260851,39,500,15,3000,3000,3000,3000,"fast","control_informative",0.05,5,0.01,"","mirage_joint","pleiotropy","bfdr_estimate",0.1,0
20260851,39,500,15,3000,3000,3000,3000,"fast","control_informative",0.05,5,0.01,"","mirage_joint","pleiotropy","bfdr_power",0.1,0
20260851,39,500,15,3000,3000,3000,3000,"fast","control_informative",0.05,5,0.01,"","mirage_joint","pleiotropy","bfdr_discoveries",0.1,0
20260851,39,500,15,3000,3000,3000,3000,"fast","control_informative",0.05,5,0.01,"","mirage_joint","pleiotropy","bfdr_observed_fdp",0.2,0
20260851,39,500,15,3000,3000,3000,3000,"fast","control_informative",0.05,5,0.01,"","mirage_joint","pleiotropy","bfdr_estimate",0.2,0
20260851,39,500,15,3000,3000,3000,3000,"fast","control_informative",0.05,5,0.01,"","mirage_joint","pleiotropy","bfdr_power",0.2,0
20260851,39,500,15,3000,3000,3000,3000,"fast","control_informative",0.05,5,0.01,"","mirage_joint","pleiotropy","bfdr_discoveries",0.2,0
20260851,39,500,15,3000,3000,3000,3000,"fast","control_informative",0.05,5,0.01,"","mirage_joint","global","runtime_seconds",NA,18.537
20260851,39,500,15,3000,3000,3000,3000,"fast","control_informative",0.05,5,0.01,"","mirage_joint","pleiotropy","pi11_estimate",NA,0.0025936766467507
20260851,39,500,15,3000,3000,3000,3000,"fast","control_informative",0.05,5,0.01,"","separate_mirage","trait1","auc",NA,0.669978947368421
20260851,39,500,15,3000,3000,3000,3000,"fast","control_informative",0.05,5,0.01,"","separate_mirage","trait2","auc",NA,0.546530612244898
20260851,39,500,15,3000,3000,3000,3000,"fast","control_informative",0.05,5,0.01,"","separate_mirage","pleiotropy","auc",NA,0.720808080808081
20260851,39,500,15,3000,3000,3000,3000,"fast","control_informative",0.05,5,0.01,"","separate_mirage","trait1","pp08_power",0.8,0.12
20260851,39,500,15,3000,3000,3000,3000,"fast","control_informative",0.05,5,0.01,"","separate_mirage","trait1","pp08_fdp",0.8,0
20260851,39,500,15,3000,3000,3000,3000,"fast","control_informative",0.05,5,0.01,"","separate_mirage","trait1","pp08_discoveries",0.8,3
20260851,39,500,15,3000,3000,3000,3000,"fast","control_informative",0.05,5,0.01,"","separate_mirage","trait2","pp08_power",0.8,0
20260851,39,500,15,3000,3000,3000,3000,"fast","control_informative",0.05,5,0.01,"","separate_mirage","trait2","pp08_fdp",0.8,0
20260851,39,500,15,3000,3000,3000,3000,"fast","control_informative",0.05,5,0.01,"","separate_mirage","trait2","pp08_discoveries",0.8,0
20260851,39,500,15,3000,3000,3000,3000,"fast","control_informative",0.05,5,0.01,"","separate_mirage","pleiotropy","pp08_power",0.8,0
20260851,39,500,15,3000,3000,3000,3000,"fast","control_informative",0.05,5,0.01,"","separate_mirage","pleiotropy","pp08_fdp",0.8,0
20260851,39,500,15,3000,3000,3000,3000,"fast","control_informative",0.05,5,0.01,"","separate_mirage","pleiotropy","pp08_discoveries",0.8,0
20260851,39,500,15,3000,3000,3000,3000,"fast","control_informative",0.05,5,0.01,"","separate_mirage","trait1","bfdr_observed_fdp",0.01,0
20260851,39,500,15,3000,3000,3000,3000,"fast","control_informative",0.05,5,0.01,"","separate_mirage","trait1","bfdr_estimate",0.01,1.16913024594822e-07
20260851,39,500,15,3000,3000,3000,3000,"fast","control_informative",0.05,5,0.01,"","separate_mirage","trait1","bfdr_power",0.01,0.04
20260851,39,500,15,3000,3000,3000,3000,"fast","control_informative",0.05,5,0.01,"","separate_mirage","trait1","bfdr_discoveries",0.01,1
20260851,39,500,15,3000,3000,3000,3000,"fast","control_informative",0.05,5,0.01,"","separate_mirage","trait1","bfdr_observed_fdp",0.05,0
20260851,39,500,15,3000,3000,3000,3000,"fast","control_informative",0.05,5,0.01,"","separate_mirage","trait1","bfdr_estimate",0.05,0.0456120110617644
20260851,39,500,15,3000,3000,3000,3000,"fast","control_informative",0.05,5,0.01,"","separate_mirage","trait1","bfdr_power",0.05,0.12
20260851,39,500,15,3000,3000,3000,3000,"fast","control_informative",0.05,5,0.01,"","separate_mirage","trait1","bfdr_discoveries",0.05,3
20260851,39,500,15,3000,3000,3000,3000,"fast","control_informative",0.05,5,0.01,"","separate_mirage","trait1","bfdr_observed_fdp",0.1,0
20260851,39,500,15,3000,3000,3000,3000,"fast","control_informative",0.05,5,0.01,"","separate_mirage","trait1","bfdr_estimate",0.1,0.0456120110617644
20260851,39,500,15,3000,3000,3000,3000,"fast","control_informative",0.05,5,0.01,"","separate_mirage","trait1","bfdr_power",0.1,0.12
20260851,39,500,15,3000,3000,3000,3000,"fast","control_informative",0.05,5,0.01,"","separate_mirage","trait1","bfdr_discoveries",0.1,3
20260851,39,500,15,3000,3000,3000,3000,"fast","control_informative",0.05,5,0.01,"","separate_mirage","trait1","bfdr_observed_fdp",0.2,0.25
20260851,39,500,15,3000,3000,3000,3000,"fast","control_informative",0.05,5,0.01,"","separate_mirage","trait1","bfdr_estimate",0.2,0.166058638303304
20260851,39,500,15,3000,3000,3000,3000,"fast","control_informative",0.05,5,0.01,"","separate_mirage","trait1","bfdr_power",0.2,0.12
20260851,39,500,15,3000,3000,3000,3000,"fast","control_informative",0.05,5,0.01,"","separate_mirage","trait1","bfdr_discoveries",0.2,4
20260851,39,500,15,3000,3000,3000,3000,"fast","control_informative",0.05,5,0.01,"","separate_mirage","trait2","bfdr_observed_fdp",0.01,0
20260851,39,500,15,3000,3000,3000,3000,"fast","control_informative",0.05,5,0.01,"","separate_mirage","trait2","bfdr_estimate",0.01,0
20260851,39,500,15,3000,3000,3000,3000,"fast","control_informative",0.05,5,0.01,"","separate_mirage","trait2","bfdr_power",0.01,0
20260851,39,500,15,3000,3000,3000,3000,"fast","control_informative",0.05,5,0.01,"","separate_mirage","trait2","bfdr_discoveries",0.01,0
20260851,39,500,15,3000,3000,3000,3000,"fast","control_informative",0.05,5,0.01,"","separate_mirage","trait2","bfdr_observed_fdp",0.05,0
20260851,39,500,15,3000,3000,3000,3000,"fast","control_informative",0.05,5,0.01,"","separate_mirage","trait2","bfdr_estimate",0.05,0
20260851,39,500,15,3000,3000,3000,3000,"fast","control_informative",0.05,5,0.01,"","separate_mirage","trait2","bfdr_power",0.05,0
20260851,39,500,15,3000,3000,3000,3000,"fast","control_informative",0.05,5,0.01,"","separate_mirage","trait2","bfdr_discoveries",0.05,0
20260851,39,500,15,3000,3000,3000,3000,"fast","control_informative",0.05,5,0.01,"","separate_mirage","trait2","bfdr_observed_fdp",0.1,0
20260851,39,500,15,3000,3000,3000,3000,"fast","control_informative",0.05,5,0.01,"","separate_mirage","trait2","bfdr_estimate",0.1,0
20260851,39,500,15,3000,3000,3000,3000,"fast","control_informative",0.05,5,0.01,"","separate_mirage","trait2","bfdr_power",0.1,0
20260851,39,500,15,3000,3000,3000,3000,"fast","control_informative",0.05,5,0.01,"","separate_mirage","trait2","bfdr_discoveries",0.1,0
20260851,39,500,15,3000,3000,3000,3000,"fast","control_informative",0.05,5,0.01,"","separate_mirage","trait2","bfdr_observed_fdp",0.2,0
20260851,39,500,15,3000,3000,3000,3000,"fast","control_informative",0.05,5,0.01,"","separate_mirage","trait2","bfdr_estimate",0.2,0
20260851,39,500,15,3000,3000,3000,3000,"fast","control_informative",0.05,5,0.01,"","separate_mirage","trait2","bfdr_power",0.2,0
20260851,39,500,15,3000,3000,3000,3000,"fast","control_informative",0.05,5,0.01,"","separate_mirage","trait2","bfdr_discoveries",0.2,0
20260851,39,500,15,3000,3000,3000,3000,"fast","control_informative",0.05,5,0.01,"","separate_mirage","pleiotropy","bfdr_observed_fdp",0.01,0
20260851,39,500,15,3000,3000,3000,3000,"fast","control_informative",0.05,5,0.01,"","separate_mirage","pleiotropy","bfdr_estimate",0.01,0
20260851,39,500,15,3000,3000,3000,3000,"fast","control_informative",0.05,5,0.01,"","separate_mirage","pleiotropy","bfdr_power",0.01,0
20260851,39,500,15,3000,3000,3000,3000,"fast","control_informative",0.05,5,0.01,"","separate_mirage","pleiotropy","bfdr_discoveries",0.01,0
20260851,39,500,15,3000,3000,3000,3000,"fast","control_informative",0.05,5,0.01,"","separate_mirage","pleiotropy","bfdr_observed_fdp",0.05,0
20260851,39,500,15,3000,3000,3000,3000,"fast","control_informative",0.05,5,0.01,"","separate_mirage","pleiotropy","bfdr_estimate",0.05,0
20260851,39,500,15,3000,3000,3000,3000,"fast","control_informative",0.05,5,0.01,"","separate_mirage","pleiotropy","bfdr_power",0.05,0
20260851,39,500,15,3000,3000,3000,3000,"fast","control_informative",0.05,5,0.01,"","separate_mirage","pleiotropy","bfdr_discoveries",0.05,0
20260851,39,500,15,3000,3000,3000,3000,"fast","control_informative",0.05,5,0.01,"","separate_mirage","pleiotropy","bfdr_observed_fdp",0.1,0
20260851,39,500,15,3000,3000,3000,3000,"fast","control_informative",0.05,5,0.01,"","separate_mirage","pleiotropy","bfdr_estimate",0.1,0
20260851,39,500,15,3000,3000,3000,3000,"fast","control_informative",0.05,5,0.01,"","separate_mirage","pleiotropy","bfdr_power",0.1,0
20260851,39,500,15,3000,3000,3000,3000,"fast","control_informative",0.05,5,0.01,"","separate_mirage","pleiotropy","bfdr_discoveries",0.1,0
20260851,39,500,15,3000,3000,3000,3000,"fast","control_informative",0.05,5,0.01,"","separate_mirage","pleiotropy","bfdr_observed_fdp",0.2,0
20260851,39,500,15,3000,3000,3000,3000,"fast","control_informative",0.05,5,0.01,"","separate_mirage","pleiotropy","bfdr_estimate",0.2,0
20260851,39,500,15,3000,3000,3000,3000,"fast","control_informative",0.05,5,0.01,"","separate_mirage","pleiotropy","bfdr_power",0.2,0
20260851,39,500,15,3000,3000,3000,3000,"fast","control_informative",0.05,5,0.01,"","separate_mirage","pleiotropy","bfdr_discoveries",0.2,0
20260851,39,500,15,3000,3000,3000,3000,"fast","control_informative",0.05,5,0.01,"","separate_mirage","global","runtime_seconds",NA,18.258
20260851,39,500,15,3000,3000,3000,3000,"fast","control_informative",0.05,5,0.01,"","separate_mirage","pleiotropy","pi11_estimate",NA,0.001
20260851,39,500,15,3000,3000,3000,3000,"fast","control_informative",0.05,5,0.01,"","mtada_aggregated","trait1","auc",NA,0.602652631578947
20260851,39,500,15,3000,3000,3000,3000,"fast","control_informative",0.05,5,0.01,"","mtada_aggregated","trait2","auc",NA,0.556530612244898
20260851,39,500,15,3000,3000,3000,3000,"fast","control_informative",0.05,5,0.01,"","mtada_aggregated","pleiotropy","auc",NA,0.60040404040404
20260851,39,500,15,3000,3000,3000,3000,"fast","control_informative",0.05,5,0.01,"","mtada_aggregated","trait1","pp08_power",0.8,0.16
20260851,39,500,15,3000,3000,3000,3000,"fast","control_informative",0.05,5,0.01,"","mtada_aggregated","trait1","pp08_fdp",0.8,0.9
20260851,39,500,15,3000,3000,3000,3000,"fast","control_informative",0.05,5,0.01,"","mtada_aggregated","trait1","pp08_discoveries",0.8,40
20260851,39,500,15,3000,3000,3000,3000,"fast","control_informative",0.05,5,0.01,"","mtada_aggregated","trait2","pp08_power",0.8,0.2
20260851,39,500,15,3000,3000,3000,3000,"fast","control_informative",0.05,5,0.01,"","mtada_aggregated","trait2","pp08_fdp",0.8,0.931034482758621
20260851,39,500,15,3000,3000,3000,3000,"fast","control_informative",0.05,5,0.01,"","mtada_aggregated","trait2","pp08_discoveries",0.8,29
20260851,39,500,15,3000,3000,3000,3000,"fast","control_informative",0.05,5,0.01,"","mtada_aggregated","pleiotropy","pp08_power",0.8,0
20260851,39,500,15,3000,3000,3000,3000,"fast","control_informative",0.05,5,0.01,"","mtada_aggregated","pleiotropy","pp08_fdp",0.8,0
20260851,39,500,15,3000,3000,3000,3000,"fast","control_informative",0.05,5,0.01,"","mtada_aggregated","pleiotropy","pp08_discoveries",0.8,0
20260851,39,500,15,3000,3000,3000,3000,"fast","control_informative",0.05,5,0.01,"","mtada_aggregated","trait1","bfdr_observed_fdp",0.01,0.885714285714286
20260851,39,500,15,3000,3000,3000,3000,"fast","control_informative",0.05,5,0.01,"","mtada_aggregated","trait1","bfdr_estimate",0.01,0.00851998498897761
20260851,39,500,15,3000,3000,3000,3000,"fast","control_informative",0.05,5,0.01,"","mtada_aggregated","trait1","bfdr_power",0.01,0.16
20260851,39,500,15,3000,3000,3000,3000,"fast","control_informative",0.05,5,0.01,"","mtada_aggregated","trait1","bfdr_discoveries",0.01,35
20260851,39,500,15,3000,3000,3000,3000,"fast","control_informative",0.05,5,0.01,"","mtada_aggregated","trait1","bfdr_observed_fdp",0.05,0.909090909090909
20260851,39,500,15,3000,3000,3000,3000,"fast","control_informative",0.05,5,0.01,"","mtada_aggregated","trait1","bfdr_estimate",0.05,0.0484127500269136
20260851,39,500,15,3000,3000,3000,3000,"fast","control_informative",0.05,5,0.01,"","mtada_aggregated","trait1","bfdr_power",0.05,0.16
20260851,39,500,15,3000,3000,3000,3000,"fast","control_informative",0.05,5,0.01,"","mtada_aggregated","trait1","bfdr_discoveries",0.05,44
20260851,39,500,15,3000,3000,3000,3000,"fast","control_informative",0.05,5,0.01,"","mtada_aggregated","trait1","bfdr_observed_fdp",0.1,0.92
20260851,39,500,15,3000,3000,3000,3000,"fast","control_informative",0.05,5,0.01,"","mtada_aggregated","trait1","bfdr_estimate",0.1,0.094431802848369
20260851,39,500,15,3000,3000,3000,3000,"fast","control_informative",0.05,5,0.01,"","mtada_aggregated","trait1","bfdr_power",0.1,0.16
20260851,39,500,15,3000,3000,3000,3000,"fast","control_informative",0.05,5,0.01,"","mtada_aggregated","trait1","bfdr_discoveries",0.1,50
20260851,39,500,15,3000,3000,3000,3000,"fast","control_informative",0.05,5,0.01,"","mtada_aggregated","trait1","bfdr_observed_fdp",0.2,0.932203389830508
20260851,39,500,15,3000,3000,3000,3000,"fast","control_informative",0.05,5,0.01,"","mtada_aggregated","trait1","bfdr_estimate",0.2,0.192781075330759
20260851,39,500,15,3000,3000,3000,3000,"fast","control_informative",0.05,5,0.01,"","mtada_aggregated","trait1","bfdr_power",0.2,0.16
20260851,39,500,15,3000,3000,3000,3000,"fast","control_informative",0.05,5,0.01,"","mtada_aggregated","trait1","bfdr_discoveries",0.2,59
20260851,39,500,15,3000,3000,3000,3000,"fast","control_informative",0.05,5,0.01,"","mtada_aggregated","trait2","bfdr_observed_fdp",0.01,0.925925925925926
20260851,39,500,15,3000,3000,3000,3000,"fast","control_informative",0.05,5,0.01,"","mtada_aggregated","trait2","bfdr_estimate",0.01,0.00594255729257287
20260851,39,500,15,3000,3000,3000,3000,"fast","control_informative",0.05,5,0.01,"","mtada_aggregated","trait2","bfdr_power",0.01,0.2
20260851,39,500,15,3000,3000,3000,3000,"fast","control_informative",0.05,5,0.01,"","mtada_aggregated","trait2","bfdr_discoveries",0.01,27
20260851,39,500,15,3000,3000,3000,3000,"fast","control_informative",0.05,5,0.01,"","mtada_aggregated","trait2","bfdr_observed_fdp",0.05,0.93939393939394
20260851,39,500,15,3000,3000,3000,3000,"fast","control_informative",0.05,5,0.01,"","mtada_aggregated","trait2","bfdr_estimate",0.05,0.0463946231219906
20260851,39,500,15,3000,3000,3000,3000,"fast","control_informative",0.05,5,0.01,"","mtada_aggregated","trait2","bfdr_power",0.05,0.2
20260851,39,500,15,3000,3000,3000,3000,"fast","control_informative",0.05,5,0.01,"","mtada_aggregated","trait2","bfdr_discoveries",0.05,33
20260851,39,500,15,3000,3000,3000,3000,"fast","control_informative",0.05,5,0.01,"","mtada_aggregated","trait2","bfdr_observed_fdp",0.1,0.948717948717949
20260851,39,500,15,3000,3000,3000,3000,"fast","control_informative",0.05,5,0.01,"","mtada_aggregated","trait2","bfdr_estimate",0.1,0.0974571295079148
20260851,39,500,15,3000,3000,3000,3000,"fast","control_informative",0.05,5,0.01,"","mtada_aggregated","trait2","bfdr_power",0.1,0.2
20260851,39,500,15,3000,3000,3000,3000,"fast","control_informative",0.05,5,0.01,"","mtada_aggregated","trait2","bfdr_discoveries",0.1,39
20260851,39,500,15,3000,3000,3000,3000,"fast","control_informative",0.05,5,0.01,"","mtada_aggregated","trait2","bfdr_observed_fdp",0.2,0.958333333333333
20260851,39,500,15,3000,3000,3000,3000,"fast","control_informative",0.05,5,0.01,"","mtada_aggregated","trait2","bfdr_estimate",0.2,0.188364096900312
20260851,39,500,15,3000,3000,3000,3000,"fast","control_informative",0.05,5,0.01,"","mtada_aggregated","trait2","bfdr_power",0.2,0.2
20260851,39,500,15,3000,3000,3000,3000,"fast","control_informative",0.05,5,0.01,"","mtada_aggregated","trait2","bfdr_discoveries",0.2,48
20260851,39,500,15,3000,3000,3000,3000,"fast","control_informative",0.05,5,0.01,"","mtada_aggregated","pleiotropy","bfdr_observed_fdp",0.01,0
20260851,39,500,15,3000,3000,3000,3000,"fast","control_informative",0.05,5,0.01,"","mtada_aggregated","pleiotropy","bfdr_estimate",0.01,0
20260851,39,500,15,3000,3000,3000,3000,"fast","control_informative",0.05,5,0.01,"","mtada_aggregated","pleiotropy","bfdr_power",0.01,0
20260851,39,500,15,3000,3000,3000,3000,"fast","control_informative",0.05,5,0.01,"","mtada_aggregated","pleiotropy","bfdr_discoveries",0.01,0
20260851,39,500,15,3000,3000,3000,3000,"fast","control_informative",0.05,5,0.01,"","mtada_aggregated","pleiotropy","bfdr_observed_fdp",0.05,0
20260851,39,500,15,3000,3000,3000,3000,"fast","control_informative",0.05,5,0.01,"","mtada_aggregated","pleiotropy","bfdr_estimate",0.05,0
20260851,39,500,15,3000,3000,3000,3000,"fast","control_informative",0.05,5,0.01,"","mtada_aggregated","pleiotropy","bfdr_power",0.05,0
20260851,39,500,15,3000,3000,3000,3000,"fast","control_informative",0.05,5,0.01,"","mtada_aggregated","pleiotropy","bfdr_discoveries",0.05,0
20260851,39,500,15,3000,3000,3000,3000,"fast","control_informative",0.05,5,0.01,"","mtada_aggregated","pleiotropy","bfdr_observed_fdp",0.1,0
20260851,39,500,15,3000,3000,3000,3000,"fast","control_informative",0.05,5,0.01,"","mtada_aggregated","pleiotropy","bfdr_estimate",0.1,0
20260851,39,500,15,3000,3000,3000,3000,"fast","control_informative",0.05,5,0.01,"","mtada_aggregated","pleiotropy","bfdr_power",0.1,0
20260851,39,500,15,3000,3000,3000,3000,"fast","control_informative",0.05,5,0.01,"","mtada_aggregated","pleiotropy","bfdr_discoveries",0.1,0
20260851,39,500,15,3000,3000,3000,3000,"fast","control_informative",0.05,5,0.01,"","mtada_aggregated","pleiotropy","bfdr_observed_fdp",0.2,0
20260851,39,500,15,3000,3000,3000,3000,"fast","control_informative",0.05,5,0.01,"","mtada_aggregated","pleiotropy","bfdr_estimate",0.2,0
20260851,39,500,15,3000,3000,3000,3000,"fast","control_informative",0.05,5,0.01,"","mtada_aggregated","pleiotropy","bfdr_power",0.2,0
20260851,39,500,15,3000,3000,3000,3000,"fast","control_informative",0.05,5,0.01,"","mtada_aggregated","pleiotropy","bfdr_discoveries",0.2,0
20260851,39,500,15,3000,3000,3000,3000,"fast","control_informative",0.05,5,0.01,"","mtada_aggregated","global","runtime_seconds",NA,0.798999999999978
20260851,39,500,15,3000,3000,3000,3000,"fast","control_informative",0.05,5,0.01,"","mtada_aggregated","pleiotropy","pi11_estimate",NA,0.000449138
20260852,40,500,15,3000,3000,3000,3000,"fast","control_informative",0.05,5,0.01,"","mirage_joint","trait1","auc",NA,0.703073684210526
20260852,40,500,15,3000,3000,3000,3000,"fast","control_informative",0.05,5,0.01,"","mirage_joint","trait2","auc",NA,0.69734693877551
20260852,40,500,15,3000,3000,3000,3000,"fast","control_informative",0.05,5,0.01,"","mirage_joint","pleiotropy","auc",NA,0.765656565656566
20260852,40,500,15,3000,3000,3000,3000,"fast","control_informative",0.05,5,0.01,"","mirage_joint","trait1","pp08_power",0.8,0.12
20260852,40,500,15,3000,3000,3000,3000,"fast","control_informative",0.05,5,0.01,"","mirage_joint","trait1","pp08_fdp",0.8,0.25
20260852,40,500,15,3000,3000,3000,3000,"fast","control_informative",0.05,5,0.01,"","mirage_joint","trait1","pp08_discoveries",0.8,4
20260852,40,500,15,3000,3000,3000,3000,"fast","control_informative",0.05,5,0.01,"","mirage_joint","trait2","pp08_power",0.8,0
20260852,40,500,15,3000,3000,3000,3000,"fast","control_informative",0.05,5,0.01,"","mirage_joint","trait2","pp08_fdp",0.8,0
20260852,40,500,15,3000,3000,3000,3000,"fast","control_informative",0.05,5,0.01,"","mirage_joint","trait2","pp08_discoveries",0.8,0
20260852,40,500,15,3000,3000,3000,3000,"fast","control_informative",0.05,5,0.01,"","mirage_joint","pleiotropy","pp08_power",0.8,0
20260852,40,500,15,3000,3000,3000,3000,"fast","control_informative",0.05,5,0.01,"","mirage_joint","pleiotropy","pp08_fdp",0.8,0
20260852,40,500,15,3000,3000,3000,3000,"fast","control_informative",0.05,5,0.01,"","mirage_joint","pleiotropy","pp08_discoveries",0.8,0
20260852,40,500,15,3000,3000,3000,3000,"fast","control_informative",0.05,5,0.01,"","mirage_joint","trait1","bfdr_observed_fdp",0.01,0
20260852,40,500,15,3000,3000,3000,3000,"fast","control_informative",0.05,5,0.01,"","mirage_joint","trait1","bfdr_estimate",0.01,0.00081299991321393
20260852,40,500,15,3000,3000,3000,3000,"fast","control_informative",0.05,5,0.01,"","mirage_joint","trait1","bfdr_power",0.01,0.08
20260852,40,500,15,3000,3000,3000,3000,"fast","control_informative",0.05,5,0.01,"","mirage_joint","trait1","bfdr_discoveries",0.01,2
20260852,40,500,15,3000,3000,3000,3000,"fast","control_informative",0.05,5,0.01,"","mirage_joint","trait1","bfdr_observed_fdp",0.05,0.333333333333333
20260852,40,500,15,3000,3000,3000,3000,"fast","control_informative",0.05,5,0.01,"","mirage_joint","trait1","bfdr_estimate",0.05,0.0366224672919731
20260852,40,500,15,3000,3000,3000,3000,"fast","control_informative",0.05,5,0.01,"","mirage_joint","trait1","bfdr_power",0.05,0.08
20260852,40,500,15,3000,3000,3000,3000,"fast","control_informative",0.05,5,0.01,"","mirage_joint","trait1","bfdr_discoveries",0.05,3
20260852,40,500,15,3000,3000,3000,3000,"fast","control_informative",0.05,5,0.01,"","mirage_joint","trait1","bfdr_observed_fdp",0.1,0.25
20260852,40,500,15,3000,3000,3000,3000,"fast","control_informative",0.05,5,0.01,"","mirage_joint","trait1","bfdr_estimate",0.1,0.0573679807643089
20260852,40,500,15,3000,3000,3000,3000,"fast","control_informative",0.05,5,0.01,"","mirage_joint","trait1","bfdr_power",0.1,0.12
20260852,40,500,15,3000,3000,3000,3000,"fast","control_informative",0.05,5,0.01,"","mirage_joint","trait1","bfdr_discoveries",0.1,4
20260852,40,500,15,3000,3000,3000,3000,"fast","control_informative",0.05,5,0.01,"","mirage_joint","trait1","bfdr_observed_fdp",0.2,0.428571428571429
20260852,40,500,15,3000,3000,3000,3000,"fast","control_informative",0.05,5,0.01,"","mirage_joint","trait1","bfdr_estimate",0.2,0.186423158192145
20260852,40,500,15,3000,3000,3000,3000,"fast","control_informative",0.05,5,0.01,"","mirage_joint","trait1","bfdr_power",0.2,0.16
20260852,40,500,15,3000,3000,3000,3000,"fast","control_informative",0.05,5,0.01,"","mirage_joint","trait1","bfdr_discoveries",0.2,7
20260852,40,500,15,3000,3000,3000,3000,"fast","control_informative",0.05,5,0.01,"","mirage_joint","trait2","bfdr_observed_fdp",0.01,0
20260852,40,500,15,3000,3000,3000,3000,"fast","control_informative",0.05,5,0.01,"","mirage_joint","trait2","bfdr_estimate",0.01,0
20260852,40,500,15,3000,3000,3000,3000,"fast","control_informative",0.05,5,0.01,"","mirage_joint","trait2","bfdr_power",0.01,0
20260852,40,500,15,3000,3000,3000,3000,"fast","control_informative",0.05,5,0.01,"","mirage_joint","trait2","bfdr_discoveries",0.01,0
20260852,40,500,15,3000,3000,3000,3000,"fast","control_informative",0.05,5,0.01,"","mirage_joint","trait2","bfdr_observed_fdp",0.05,0
20260852,40,500,15,3000,3000,3000,3000,"fast","control_informative",0.05,5,0.01,"","mirage_joint","trait2","bfdr_estimate",0.05,0
20260852,40,500,15,3000,3000,3000,3000,"fast","control_informative",0.05,5,0.01,"","mirage_joint","trait2","bfdr_power",0.05,0
20260852,40,500,15,3000,3000,3000,3000,"fast","control_informative",0.05,5,0.01,"","mirage_joint","trait2","bfdr_discoveries",0.05,0
20260852,40,500,15,3000,3000,3000,3000,"fast","control_informative",0.05,5,0.01,"","mirage_joint","trait2","bfdr_observed_fdp",0.1,0
20260852,40,500,15,3000,3000,3000,3000,"fast","control_informative",0.05,5,0.01,"","mirage_joint","trait2","bfdr_estimate",0.1,0
20260852,40,500,15,3000,3000,3000,3000,"fast","control_informative",0.05,5,0.01,"","mirage_joint","trait2","bfdr_power",0.1,0
20260852,40,500,15,3000,3000,3000,3000,"fast","control_informative",0.05,5,0.01,"","mirage_joint","trait2","bfdr_discoveries",0.1,0
20260852,40,500,15,3000,3000,3000,3000,"fast","control_informative",0.05,5,0.01,"","mirage_joint","trait2","bfdr_observed_fdp",0.2,0
20260852,40,500,15,3000,3000,3000,3000,"fast","control_informative",0.05,5,0.01,"","mirage_joint","trait2","bfdr_estimate",0.2,0
20260852,40,500,15,3000,3000,3000,3000,"fast","control_informative",0.05,5,0.01,"","mirage_joint","trait2","bfdr_power",0.2,0
20260852,40,500,15,3000,3000,3000,3000,"fast","control_informative",0.05,5,0.01,"","mirage_joint","trait2","bfdr_discoveries",0.2,0
20260852,40,500,15,3000,3000,3000,3000,"fast","control_informative",0.05,5,0.01,"","mirage_joint","pleiotropy","bfdr_observed_fdp",0.01,0
20260852,40,500,15,3000,3000,3000,3000,"fast","control_informative",0.05,5,0.01,"","mirage_joint","pleiotropy","bfdr_estimate",0.01,0
20260852,40,500,15,3000,3000,3000,3000,"fast","control_informative",0.05,5,0.01,"","mirage_joint","pleiotropy","bfdr_power",0.01,0
20260852,40,500,15,3000,3000,3000,3000,"fast","control_informative",0.05,5,0.01,"","mirage_joint","pleiotropy","bfdr_discoveries",0.01,0
20260852,40,500,15,3000,3000,3000,3000,"fast","control_informative",0.05,5,0.01,"","mirage_joint","pleiotropy","bfdr_observed_fdp",0.05,0
20260852,40,500,15,3000,3000,3000,3000,"fast","control_informative",0.05,5,0.01,"","mirage_joint","pleiotropy","bfdr_estimate",0.05,0
20260852,40,500,15,3000,3000,3000,3000,"fast","control_informative",0.05,5,0.01,"","mirage_joint","pleiotropy","bfdr_power",0.05,0
20260852,40,500,15,3000,3000,3000,3000,"fast","control_informative",0.05,5,0.01,"","mirage_joint","pleiotropy","bfdr_discoveries",0.05,0
20260852,40,500,15,3000,3000,3000,3000,"fast","control_informative",0.05,5,0.01,"","mirage_joint","pleiotropy","bfdr_observed_fdp",0.1,0
20260852,40,500,15,3000,3000,3000,3000,"fast","control_informative",0.05,5,0.01,"","mirage_joint","pleiotropy","bfdr_estimate",0.1,0
20260852,40,500,15,3000,3000,3000,3000,"fast","control_informative",0.05,5,0.01,"","mirage_joint","pleiotropy","bfdr_power",0.1,0
20260852,40,500,15,3000,3000,3000,3000,"fast","control_informative",0.05,5,0.01,"","mirage_joint","pleiotropy","bfdr_discoveries",0.1,0
20260852,40,500,15,3000,3000,3000,3000,"fast","control_informative",0.05,5,0.01,"","mirage_joint","pleiotropy","bfdr_observed_fdp",0.2,0
20260852,40,500,15,3000,3000,3000,3000,"fast","control_informative",0.05,5,0.01,"","mirage_joint","pleiotropy","bfdr_estimate",0.2,0
20260852,40,500,15,3000,3000,3000,3000,"fast","control_informative",0.05,5,0.01,"","mirage_joint","pleiotropy","bfdr_power",0.2,0
20260852,40,500,15,3000,3000,3000,3000,"fast","control_informative",0.05,5,0.01,"","mirage_joint","pleiotropy","bfdr_discoveries",0.2,0
20260852,40,500,15,3000,3000,3000,3000,"fast","control_informative",0.05,5,0.01,"","mirage_joint","global","runtime_seconds",NA,18.58
20260852,40,500,15,3000,3000,3000,3000,"fast","control_informative",0.05,5,0.01,"","mirage_joint","pleiotropy","pi11_estimate",NA,0.00223436846516643
20260852,40,500,15,3000,3000,3000,3000,"fast","control_informative",0.05,5,0.01,"","separate_mirage","trait1","auc",NA,0.69978947368421
20260852,40,500,15,3000,3000,3000,3000,"fast","control_informative",0.05,5,0.01,"","separate_mirage","trait2","auc",NA,0.586734693877551
20260852,40,500,15,3000,3000,3000,3000,"fast","control_informative",0.05,5,0.01,"","separate_mirage","pleiotropy","auc",NA,0.765252525252525
20260852,40,500,15,3000,3000,3000,3000,"fast","control_informative",0.05,5,0.01,"","separate_mirage","trait1","pp08_power",0.8,0.12
20260852,40,500,15,3000,3000,3000,3000,"fast","control_informative",0.05,5,0.01,"","separate_mirage","trait1","pp08_fdp",0.8,0.25
20260852,40,500,15,3000,3000,3000,3000,"fast","control_informative",0.05,5,0.01,"","separate_mirage","trait1","pp08_discoveries",0.8,4
20260852,40,500,15,3000,3000,3000,3000,"fast","control_informative",0.05,5,0.01,"","separate_mirage","trait2","pp08_power",0.8,0
20260852,40,500,15,3000,3000,3000,3000,"fast","control_informative",0.05,5,0.01,"","separate_mirage","trait2","pp08_fdp",0.8,0
20260852,40,500,15,3000,3000,3000,3000,"fast","control_informative",0.05,5,0.01,"","separate_mirage","trait2","pp08_discoveries",0.8,0
20260852,40,500,15,3000,3000,3000,3000,"fast","control_informative",0.05,5,0.01,"","separate_mirage","pleiotropy","pp08_power",0.8,0
20260852,40,500,15,3000,3000,3000,3000,"fast","control_informative",0.05,5,0.01,"","separate_mirage","pleiotropy","pp08_fdp",0.8,0
20260852,40,500,15,3000,3000,3000,3000,"fast","control_informative",0.05,5,0.01,"","separate_mirage","pleiotropy","pp08_discoveries",0.8,0
20260852,40,500,15,3000,3000,3000,3000,"fast","control_informative",0.05,5,0.01,"","separate_mirage","trait1","bfdr_observed_fdp",0.01,0
20260852,40,500,15,3000,3000,3000,3000,"fast","control_informative",0.05,5,0.01,"","separate_mirage","trait1","bfdr_estimate",0.01,0.00111300761251698
20260852,40,500,15,3000,3000,3000,3000,"fast","control_informative",0.05,5,0.01,"","separate_mirage","trait1","bfdr_power",0.01,0.08
20260852,40,500,15,3000,3000,3000,3000,"fast","control_informative",0.05,5,0.01,"","separate_mirage","trait1","bfdr_discoveries",0.01,2
20260852,40,500,15,3000,3000,3000,3000,"fast","control_informative",0.05,5,0.01,"","separate_mirage","trait1","bfdr_observed_fdp",0.05,0.333333333333333
20260852,40,500,15,3000,3000,3000,3000,"fast","control_informative",0.05,5,0.01,"","separate_mirage","trait1","bfdr_estimate",0.05,0.0342641862893761
20260852,40,500,15,3000,3000,3000,3000,"fast","control_informative",0.05,5,0.01,"","separate_mirage","trait1","bfdr_power",0.05,0.08
20260852,40,500,15,3000,3000,3000,3000,"fast","control_informative",0.05,5,0.01,"","separate_mirage","trait1","bfdr_discoveries",0.05,3
20260852,40,500,15,3000,3000,3000,3000,"fast","control_informative",0.05,5,0.01,"","separate_mirage","trait1","bfdr_observed_fdp",0.1,0.25
20260852,40,500,15,3000,3000,3000,3000,"fast","control_informative",0.05,5,0.01,"","separate_mirage","trait1","bfdr_estimate",0.1,0.0658514242191152
20260852,40,500,15,3000,3000,3000,3000,"fast","control_informative",0.05,5,0.01,"","separate_mirage","trait1","bfdr_power",0.1,0.12
20260852,40,500,15,3000,3000,3000,3000,"fast","control_informative",0.05,5,0.01,"","separate_mirage","trait1","bfdr_discoveries",0.1,4
20260852,40,500,15,3000,3000,3000,3000,"fast","control_informative",0.05,5,0.01,"","separate_mirage","trait1","bfdr_observed_fdp",0.2,0.333333333333333
20260852,40,500,15,3000,3000,3000,3000,"fast","control_informative",0.05,5,0.01,"","separate_mirage","trait1","bfdr_estimate",0.2,0.172117814880303
20260852,40,500,15,3000,3000,3000,3000,"fast","control_informative",0.05,5,0.01,"","separate_mirage","trait1","bfdr_power",0.2,0.16
20260852,40,500,15,3000,3000,3000,3000,"fast","control_informative",0.05,5,0.01,"","separate_mirage","trait1","bfdr_discoveries",0.2,6
20260852,40,500,15,3000,3000,3000,3000,"fast","control_informative",0.05,5,0.01,"","separate_mirage","trait2","bfdr_observed_fdp",0.01,0
20260852,40,500,15,3000,3000,3000,3000,"fast","control_informative",0.05,5,0.01,"","separate_mirage","trait2","bfdr_estimate",0.01,0
20260852,40,500,15,3000,3000,3000,3000,"fast","control_informative",0.05,5,0.01,"","separate_mirage","trait2","bfdr_power",0.01,0
20260852,40,500,15,3000,3000,3000,3000,"fast","control_informative",0.05,5,0.01,"","separate_mirage","trait2","bfdr_discoveries",0.01,0
20260852,40,500,15,3000,3000,3000,3000,"fast","control_informative",0.05,5,0.01,"","separate_mirage","trait2","bfdr_observed_fdp",0.05,0
20260852,40,500,15,3000,3000,3000,3000,"fast","control_informative",0.05,5,0.01,"","separate_mirage","trait2","bfdr_estimate",0.05,0
20260852,40,500,15,3000,3000,3000,3000,"fast","control_informative",0.05,5,0.01,"","separate_mirage","trait2","bfdr_power",0.05,0
20260852,40,500,15,3000,3000,3000,3000,"fast","control_informative",0.05,5,0.01,"","separate_mirage","trait2","bfdr_discoveries",0.05,0
20260852,40,500,15,3000,3000,3000,3000,"fast","control_informative",0.05,5,0.01,"","separate_mirage","trait2","bfdr_observed_fdp",0.1,0
20260852,40,500,15,3000,3000,3000,3000,"fast","control_informative",0.05,5,0.01,"","separate_mirage","trait2","bfdr_estimate",0.1,0
20260852,40,500,15,3000,3000,3000,3000,"fast","control_informative",0.05,5,0.01,"","separate_mirage","trait2","bfdr_power",0.1,0
20260852,40,500,15,3000,3000,3000,3000,"fast","control_informative",0.05,5,0.01,"","separate_mirage","trait2","bfdr_discoveries",0.1,0
20260852,40,500,15,3000,3000,3000,3000,"fast","control_informative",0.05,5,0.01,"","separate_mirage","trait2","bfdr_observed_fdp",0.2,0
20260852,40,500,15,3000,3000,3000,3000,"fast","control_informative",0.05,5,0.01,"","separate_mirage","trait2","bfdr_estimate",0.2,0
20260852,40,500,15,3000,3000,3000,3000,"fast","control_informative",0.05,5,0.01,"","separate_mirage","trait2","bfdr_power",0.2,0
20260852,40,500,15,3000,3000,3000,3000,"fast","control_informative",0.05,5,0.01,"","separate_mirage","trait2","bfdr_discoveries",0.2,0
20260852,40,500,15,3000,3000,3000,3000,"fast","control_informative",0.05,5,0.01,"","separate_mirage","pleiotropy","bfdr_observed_fdp",0.01,0
20260852,40,500,15,3000,3000,3000,3000,"fast","control_informative",0.05,5,0.01,"","separate_mirage","pleiotropy","bfdr_estimate",0.01,0
20260852,40,500,15,3000,3000,3000,3000,"fast","control_informative",0.05,5,0.01,"","separate_mirage","pleiotropy","bfdr_power",0.01,0
20260852,40,500,15,3000,3000,3000,3000,"fast","control_informative",0.05,5,0.01,"","separate_mirage","pleiotropy","bfdr_discoveries",0.01,0
20260852,40,500,15,3000,3000,3000,3000,"fast","control_informative",0.05,5,0.01,"","separate_mirage","pleiotropy","bfdr_observed_fdp",0.05,0
20260852,40,500,15,3000,3000,3000,3000,"fast","control_informative",0.05,5,0.01,"","separate_mirage","pleiotropy","bfdr_estimate",0.05,0
20260852,40,500,15,3000,3000,3000,3000,"fast","control_informative",0.05,5,0.01,"","separate_mirage","pleiotropy","bfdr_power",0.05,0
20260852,40,500,15,3000,3000,3000,3000,"fast","control_informative",0.05,5,0.01,"","separate_mirage","pleiotropy","bfdr_discoveries",0.05,0
20260852,40,500,15,3000,3000,3000,3000,"fast","control_informative",0.05,5,0.01,"","separate_mirage","pleiotropy","bfdr_observed_fdp",0.1,0
20260852,40,500,15,3000,3000,3000,3000,"fast","control_informative",0.05,5,0.01,"","separate_mirage","pleiotropy","bfdr_estimate",0.1,0
20260852,40,500,15,3000,3000,3000,3000,"fast","control_informative",0.05,5,0.01,"","separate_mirage","pleiotropy","bfdr_power",0.1,0
20260852,40,500,15,3000,3000,3000,3000,"fast","control_informative",0.05,5,0.01,"","separate_mirage","pleiotropy","bfdr_discoveries",0.1,0
20260852,40,500,15,3000,3000,3000,3000,"fast","control_informative",0.05,5,0.01,"","separate_mirage","pleiotropy","bfdr_observed_fdp",0.2,0
20260852,40,500,15,3000,3000,3000,3000,"fast","control_informative",0.05,5,0.01,"","separate_mirage","pleiotropy","bfdr_estimate",0.2,0
20260852,40,500,15,3000,3000,3000,3000,"fast","control_informative",0.05,5,0.01,"","separate_mirage","pleiotropy","bfdr_power",0.2,0
20260852,40,500,15,3000,3000,3000,3000,"fast","control_informative",0.05,5,0.01,"","separate_mirage","pleiotropy","bfdr_discoveries",0.2,0
20260852,40,500,15,3000,3000,3000,3000,"fast","control_informative",0.05,5,0.01,"","separate_mirage","global","runtime_seconds",NA,18.249
20260852,40,500,15,3000,3000,3000,3000,"fast","control_informative",0.05,5,0.01,"","separate_mirage","pleiotropy","pi11_estimate",NA,0.001
20260852,40,500,15,3000,3000,3000,3000,"fast","control_informative",0.05,5,0.01,"","mtada_aggregated","trait1","auc",NA,0.67941052631579
20260852,40,500,15,3000,3000,3000,3000,"fast","control_informative",0.05,5,0.01,"","mtada_aggregated","trait2","auc",NA,0.612040816326531
20260852,40,500,15,3000,3000,3000,3000,"fast","control_informative",0.05,5,0.01,"","mtada_aggregated","pleiotropy","auc",NA,0.732929292929293
20260852,40,500,15,3000,3000,3000,3000,"fast","control_informative",0.05,5,0.01,"","mtada_aggregated","trait1","pp08_power",0.8,0.2
20260852,40,500,15,3000,3000,3000,3000,"fast","control_informative",0.05,5,0.01,"","mtada_aggregated","trait1","pp08_fdp",0.8,0.883720930232558
20260852,40,500,15,3000,3000,3000,3000,"fast","control_informative",0.05,5,0.01,"","mtada_aggregated","trait1","pp08_discoveries",0.8,43
20260852,40,500,15,3000,3000,3000,3000,"fast","control_informative",0.05,5,0.01,"","mtada_aggregated","trait2","pp08_power",0.8,0.1
20260852,40,500,15,3000,3000,3000,3000,"fast","control_informative",0.05,5,0.01,"","mtada_aggregated","trait2","pp08_fdp",0.8,0.966666666666667
20260852,40,500,15,3000,3000,3000,3000,"fast","control_informative",0.05,5,0.01,"","mtada_aggregated","trait2","pp08_discoveries",0.8,30
20260852,40,500,15,3000,3000,3000,3000,"fast","control_informative",0.05,5,0.01,"","mtada_aggregated","pleiotropy","pp08_power",0.8,0
20260852,40,500,15,3000,3000,3000,3000,"fast","control_informative",0.05,5,0.01,"","mtada_aggregated","pleiotropy","pp08_fdp",0.8,1
20260852,40,500,15,3000,3000,3000,3000,"fast","control_informative",0.05,5,0.01,"","mtada_aggregated","pleiotropy","pp08_discoveries",0.8,2
20260852,40,500,15,3000,3000,3000,3000,"fast","control_informative",0.05,5,0.01,"","mtada_aggregated","trait1","bfdr_observed_fdp",0.01,0.871794871794872
20260852,40,500,15,3000,3000,3000,3000,"fast","control_informative",0.05,5,0.01,"","mtada_aggregated","trait1","bfdr_estimate",0.01,0.00857621260164671
20260852,40,500,15,3000,3000,3000,3000,"fast","control_informative",0.05,5,0.01,"","mtada_aggregated","trait1","bfdr_power",0.01,0.2
20260852,40,500,15,3000,3000,3000,3000,"fast","control_informative",0.05,5,0.01,"","mtada_aggregated","trait1","bfdr_discoveries",0.01,39
20260852,40,500,15,3000,3000,3000,3000,"fast","control_informative",0.05,5,0.01,"","mtada_aggregated","trait1","bfdr_observed_fdp",0.05,0.877551020408163
20260852,40,500,15,3000,3000,3000,3000,"fast","control_informative",0.05,5,0.01,"","mtada_aggregated","trait1","bfdr_estimate",0.05,0.0477603725797419
20260852,40,500,15,3000,3000,3000,3000,"fast","control_informative",0.05,5,0.01,"","mtada_aggregated","trait1","bfdr_power",0.05,0.24
20260852,40,500,15,3000,3000,3000,3000,"fast","control_informative",0.05,5,0.01,"","mtada_aggregated","trait1","bfdr_discoveries",0.05,49
20260852,40,500,15,3000,3000,3000,3000,"fast","control_informative",0.05,5,0.01,"","mtada_aggregated","trait1","bfdr_observed_fdp",0.1,0.854545454545454
20260852,40,500,15,3000,3000,3000,3000,"fast","control_informative",0.05,5,0.01,"","mtada_aggregated","trait1","bfdr_estimate",0.1,0.098661189254205
20260852,40,500,15,3000,3000,3000,3000,"fast","control_informative",0.05,5,0.01,"","mtada_aggregated","trait1","bfdr_power",0.1,0.32
20260852,40,500,15,3000,3000,3000,3000,"fast","control_informative",0.05,5,0.01,"","mtada_aggregated","trait1","bfdr_discoveries",0.1,55
20260852,40,500,15,3000,3000,3000,3000,"fast","control_informative",0.05,5,0.01,"","mtada_aggregated","trait1","bfdr_observed_fdp",0.2,0.863636363636364
20260852,40,500,15,3000,3000,3000,3000,"fast","control_informative",0.05,5,0.01,"","mtada_aggregated","trait1","bfdr_estimate",0.2,0.192988781443683
20260852,40,500,15,3000,3000,3000,3000,"fast","control_informative",0.05,5,0.01,"","mtada_aggregated","trait1","bfdr_power",0.2,0.36
20260852,40,500,15,3000,3000,3000,3000,"fast","control_informative",0.05,5,0.01,"","mtada_aggregated","trait1","bfdr_discoveries",0.2,66
20260852,40,500,15,3000,3000,3000,3000,"fast","control_informative",0.05,5,0.01,"","mtada_aggregated","trait2","bfdr_observed_fdp",0.01,1
20260852,40,500,15,3000,3000,3000,3000,"fast","control_informative",0.05,5,0.01,"","mtada_aggregated","trait2","bfdr_estimate",0.01,0.00707140932118571
20260852,40,500,15,3000,3000,3000,3000,"fast","control_informative",0.05,5,0.01,"","mtada_aggregated","trait2","bfdr_power",0.01,0
20260852,40,500,15,3000,3000,3000,3000,"fast","control_informative",0.05,5,0.01,"","mtada_aggregated","trait2","bfdr_discoveries",0.01,22
20260852,40,500,15,3000,3000,3000,3000,"fast","control_informative",0.05,5,0.01,"","mtada_aggregated","trait2","bfdr_observed_fdp",0.05,0.966666666666667
20260852,40,500,15,3000,3000,3000,3000,"fast","control_informative",0.05,5,0.01,"","mtada_aggregated","trait2","bfdr_estimate",0.05,0.0450860209437153
20260852,40,500,15,3000,3000,3000,3000,"fast","control_informative",0.05,5,0.01,"","mtada_aggregated","trait2","bfdr_power",0.05,0.1
20260852,40,500,15,3000,3000,3000,3000,"fast","control_informative",0.05,5,0.01,"","mtada_aggregated","trait2","bfdr_discoveries",0.05,30
20260852,40,500,15,3000,3000,3000,3000,"fast","control_informative",0.05,5,0.01,"","mtada_aggregated","trait2","bfdr_observed_fdp",0.1,0.973684210526316
20260852,40,500,15,3000,3000,3000,3000,"fast","control_informative",0.05,5,0.01,"","mtada_aggregated","trait2","bfdr_estimate",0.1,0.0982258899072461
20260852,40,500,15,3000,3000,3000,3000,"fast","control_informative",0.05,5,0.01,"","mtada_aggregated","trait2","bfdr_power",0.1,0.1
20260852,40,500,15,3000,3000,3000,3000,"fast","control_informative",0.05,5,0.01,"","mtada_aggregated","trait2","bfdr_discoveries",0.1,38
20260852,40,500,15,3000,3000,3000,3000,"fast","control_informative",0.05,5,0.01,"","mtada_aggregated","trait2","bfdr_observed_fdp",0.2,0.979166666666667
20260852,40,500,15,3000,3000,3000,3000,"fast","control_informative",0.05,5,0.01,"","mtada_aggregated","trait2","bfdr_estimate",0.2,0.191014812092997
20260852,40,500,15,3000,3000,3000,3000,"fast","control_informative",0.05,5,0.01,"","mtada_aggregated","trait2","bfdr_power",0.2,0.1
20260852,40,500,15,3000,3000,3000,3000,"fast","control_informative",0.05,5,0.01,"","mtada_aggregated","trait2","bfdr_discoveries",0.2,48
20260852,40,500,15,3000,3000,3000,3000,"fast","control_informative",0.05,5,0.01,"","mtada_aggregated","pleiotropy","bfdr_observed_fdp",0.01,1
20260852,40,500,15,3000,3000,3000,3000,"fast","control_informative",0.05,5,0.01,"","mtada_aggregated","pleiotropy","bfdr_estimate",0.01,0.00497661588208487
20260852,40,500,15,3000,3000,3000,3000,"fast","control_informative",0.05,5,0.01,"","mtada_aggregated","pleiotropy","bfdr_power",0.01,0
20260852,40,500,15,3000,3000,3000,3000,"fast","control_informative",0.05,5,0.01,"","mtada_aggregated","pleiotropy","bfdr_discoveries",0.01,1
20260852,40,500,15,3000,3000,3000,3000,"fast","control_informative",0.05,5,0.01,"","mtada_aggregated","pleiotropy","bfdr_observed_fdp",0.05,1
20260852,40,500,15,3000,3000,3000,3000,"fast","control_informative",0.05,5,0.01,"","mtada_aggregated","pleiotropy","bfdr_estimate",0.05,0.0239908140730041
20260852,40,500,15,3000,3000,3000,3000,"fast","control_informative",0.05,5,0.01,"","mtada_aggregated","pleiotropy","bfdr_power",0.05,0
20260852,40,500,15,3000,3000,3000,3000,"fast","control_informative",0.05,5,0.01,"","mtada_aggregated","pleiotropy","bfdr_discoveries",0.05,2
20260852,40,500,15,3000,3000,3000,3000,"fast","control_informative",0.05,5,0.01,"","mtada_aggregated","pleiotropy","bfdr_observed_fdp",0.1,1
20260852,40,500,15,3000,3000,3000,3000,"fast","control_informative",0.05,5,0.01,"","mtada_aggregated","pleiotropy","bfdr_estimate",0.1,0.0239908140730041
20260852,40,500,15,3000,3000,3000,3000,"fast","control_informative",0.05,5,0.01,"","mtada_aggregated","pleiotropy","bfdr_power",0.1,0
20260852,40,500,15,3000,3000,3000,3000,"fast","control_informative",0.05,5,0.01,"","mtada_aggregated","pleiotropy","bfdr_discoveries",0.1,2
20260852,40,500,15,3000,3000,3000,3000,"fast","control_informative",0.05,5,0.01,"","mtada_aggregated","pleiotropy","bfdr_observed_fdp",0.2,1
20260852,40,500,15,3000,3000,3000,3000,"fast","control_informative",0.05,5,0.01,"","mtada_aggregated","pleiotropy","bfdr_estimate",0.2,0.0239908140730041
20260852,40,500,15,3000,3000,3000,3000,"fast","control_informative",0.05,5,0.01,"","mtada_aggregated","pleiotropy","bfdr_power",0.2,0
20260852,40,500,15,3000,3000,3000,3000,"fast","control_informative",0.05,5,0.01,"","mtada_aggregated","pleiotropy","bfdr_discoveries",0.2,2
20260852,40,500,15,3000,3000,3000,3000,"fast","control_informative",0.05,5,0.01,"","mtada_aggregated","global","runtime_seconds",NA,0.698999999999955
20260852,40,500,15,3000,3000,3000,3000,"fast","control_informative",0.05,5,0.01,"","mtada_aggregated","pleiotropy","pi11_estimate",NA,0.00077656
20260853,41,500,15,3000,3000,3000,3000,"fast","control_informative",0.05,5,0.01,"","mirage_joint","trait1","auc",NA,0.696421052631579
20260853,41,500,15,3000,3000,3000,3000,"fast","control_informative",0.05,5,0.01,"","mirage_joint","trait2","auc",NA,0.538571428571429
20260853,41,500,15,3000,3000,3000,3000,"fast","control_informative",0.05,5,0.01,"","mirage_joint","pleiotropy","auc",NA,0.627878787878788
20260853,41,500,15,3000,3000,3000,3000,"fast","control_informative",0.05,5,0.01,"","mirage_joint","trait1","pp08_power",0.8,0.16
20260853,41,500,15,3000,3000,3000,3000,"fast","control_informative",0.05,5,0.01,"","mirage_joint","trait1","pp08_fdp",0.8,0.2
20260853,41,500,15,3000,3000,3000,3000,"fast","control_informative",0.05,5,0.01,"","mirage_joint","trait1","pp08_discoveries",0.8,5
20260853,41,500,15,3000,3000,3000,3000,"fast","control_informative",0.05,5,0.01,"","mirage_joint","trait2","pp08_power",0.8,0.1
20260853,41,500,15,3000,3000,3000,3000,"fast","control_informative",0.05,5,0.01,"","mirage_joint","trait2","pp08_fdp",0.8,0.5
20260853,41,500,15,3000,3000,3000,3000,"fast","control_informative",0.05,5,0.01,"","mirage_joint","trait2","pp08_discoveries",0.8,2
20260853,41,500,15,3000,3000,3000,3000,"fast","control_informative",0.05,5,0.01,"","mirage_joint","pleiotropy","pp08_power",0.8,0.2
20260853,41,500,15,3000,3000,3000,3000,"fast","control_informative",0.05,5,0.01,"","mirage_joint","pleiotropy","pp08_fdp",0.8,0.5
20260853,41,500,15,3000,3000,3000,3000,"fast","control_informative",0.05,5,0.01,"","mirage_joint","pleiotropy","pp08_discoveries",0.8,2
20260853,41,500,15,3000,3000,3000,3000,"fast","control_informative",0.05,5,0.01,"","mirage_joint","trait1","bfdr_observed_fdp",0.01,0
20260853,41,500,15,3000,3000,3000,3000,"fast","control_informative",0.05,5,0.01,"","mirage_joint","trait1","bfdr_estimate",0.01,0.00103952287350736
20260853,41,500,15,3000,3000,3000,3000,"fast","control_informative",0.05,5,0.01,"","mirage_joint","trait1","bfdr_power",0.01,0.12
20260853,41,500,15,3000,3000,3000,3000,"fast","control_informative",0.05,5,0.01,"","mirage_joint","trait1","bfdr_discoveries",0.01,3
20260853,41,500,15,3000,3000,3000,3000,"fast","control_informative",0.05,5,0.01,"","mirage_joint","trait1","bfdr_observed_fdp",0.05,0.2
20260853,41,500,15,3000,3000,3000,3000,"fast","control_informative",0.05,5,0.01,"","mirage_joint","trait1","bfdr_estimate",0.05,0.032310913191468
20260853,41,500,15,3000,3000,3000,3000,"fast","control_informative",0.05,5,0.01,"","mirage_joint","trait1","bfdr_power",0.05,0.16
20260853,41,500,15,3000,3000,3000,3000,"fast","control_informative",0.05,5,0.01,"","mirage_joint","trait1","bfdr_discoveries",0.05,5
20260853,41,500,15,3000,3000,3000,3000,"fast","control_informative",0.05,5,0.01,"","mirage_joint","trait1","bfdr_observed_fdp",0.1,0.333333333333333
20260853,41,500,15,3000,3000,3000,3000,"fast","control_informative",0.05,5,0.01,"","mirage_joint","trait1","bfdr_estimate",0.1,0.0839488995290637
20260853,41,500,15,3000,3000,3000,3000,"fast","control_informative",0.05,5,0.01,"","mirage_joint","trait1","bfdr_power",0.1,0.16
20260853,41,500,15,3000,3000,3000,3000,"fast","control_informative",0.05,5,0.01,"","mirage_joint","trait1","bfdr_discoveries",0.1,6
20260853,41,500,15,3000,3000,3000,3000,"fast","control_informative",0.05,5,0.01,"","mirage_joint","trait1","bfdr_observed_fdp",0.2,0.285714285714286
20260853,41,500,15,3000,3000,3000,3000,"fast","control_informative",0.05,5,0.01,"","mirage_joint","trait1","bfdr_estimate",0.2,0.151712587032532
20260853,41,500,15,3000,3000,3000,3000,"fast","control_informative",0.05,5,0.01,"","mirage_joint","trait1","bfdr_power",0.2,0.2
20260853,41,500,15,3000,3000,3000,3000,"fast","control_informative",0.05,5,0.01,"","mirage_joint","trait1","bfdr_discoveries",0.2,7
20260853,41,500,15,3000,3000,3000,3000,"fast","control_informative",0.05,5,0.01,"","mirage_joint","trait2","bfdr_observed_fdp",0.01,0
20260853,41,500,15,3000,3000,3000,3000,"fast","control_informative",0.05,5,0.01,"","mirage_joint","trait2","bfdr_estimate",0.01,0.00478012335731659
20260853,41,500,15,3000,3000,3000,3000,"fast","control_informative",0.05,5,0.01,"","mirage_joint","trait2","bfdr_power",0.01,0.1
20260853,41,500,15,3000,3000,3000,3000,"fast","control_informative",0.05,5,0.01,"","mirage_joint","trait2","bfdr_discoveries",0.01,1
20260853,41,500,15,3000,3000,3000,3000,"fast","control_informative",0.05,5,0.01,"","mirage_joint","trait2","bfdr_observed_fdp",0.05,0
20260853,41,500,15,3000,3000,3000,3000,"fast","control_informative",0.05,5,0.01,"","mirage_joint","trait2","bfdr_estimate",0.05,0.00478012335731659
20260853,41,500,15,3000,3000,3000,3000,"fast","control_informative",0.05,5,0.01,"","mirage_joint","trait2","bfdr_power",0.05,0.1
20260853,41,500,15,3000,3000,3000,3000,"fast","control_informative",0.05,5,0.01,"","mirage_joint","trait2","bfdr_discoveries",0.05,1
20260853,41,500,15,3000,3000,3000,3000,"fast","control_informative",0.05,5,0.01,"","mirage_joint","trait2","bfdr_observed_fdp",0.1,0.5
20260853,41,500,15,3000,3000,3000,3000,"fast","control_informative",0.05,5,0.01,"","mirage_joint","trait2","bfdr_estimate",0.1,0.085336843657664
20260853,41,500,15,3000,3000,3000,3000,"fast","control_informative",0.05,5,0.01,"","mirage_joint","trait2","bfdr_power",0.1,0.1
20260853,41,500,15,3000,3000,3000,3000,"fast","control_informative",0.05,5,0.01,"","mirage_joint","trait2","bfdr_discoveries",0.1,2
20260853,41,500,15,3000,3000,3000,3000,"fast","control_informative",0.05,5,0.01,"","mirage_joint","trait2","bfdr_observed_fdp",0.2,0.5
20260853,41,500,15,3000,3000,3000,3000,"fast","control_informative",0.05,5,0.01,"","mirage_joint","trait2","bfdr_estimate",0.2,0.085336843657664
20260853,41,500,15,3000,3000,3000,3000,"fast","control_informative",0.05,5,0.01,"","mirage_joint","trait2","bfdr_power",0.2,0.1
20260853,41,500,15,3000,3000,3000,3000,"fast","control_informative",0.05,5,0.01,"","mirage_joint","trait2","bfdr_discoveries",0.2,2
20260853,41,500,15,3000,3000,3000,3000,"fast","control_informative",0.05,5,0.01,"","mirage_joint","pleiotropy","bfdr_observed_fdp",0.01,0
20260853,41,500,15,3000,3000,3000,3000,"fast","control_informative",0.05,5,0.01,"","mirage_joint","pleiotropy","bfdr_estimate",0.01,0.00498304203407407
20260853,41,500,15,3000,3000,3000,3000,"fast","control_informative",0.05,5,0.01,"","mirage_joint","pleiotropy","bfdr_power",0.01,0.2
20260853,41,500,15,3000,3000,3000,3000,"fast","control_informative",0.05,5,0.01,"","mirage_joint","pleiotropy","bfdr_discoveries",0.01,1
20260853,41,500,15,3000,3000,3000,3000,"fast","control_informative",0.05,5,0.01,"","mirage_joint","pleiotropy","bfdr_observed_fdp",0.05,0
20260853,41,500,15,3000,3000,3000,3000,"fast","control_informative",0.05,5,0.01,"","mirage_joint","pleiotropy","bfdr_estimate",0.05,0.00498304203407407
20260853,41,500,15,3000,3000,3000,3000,"fast","control_informative",0.05,5,0.01,"","mirage_joint","pleiotropy","bfdr_power",0.05,0.2
20260853,41,500,15,3000,3000,3000,3000,"fast","control_informative",0.05,5,0.01,"","mirage_joint","pleiotropy","bfdr_discoveries",0.05,1
20260853,41,500,15,3000,3000,3000,3000,"fast","control_informative",0.05,5,0.01,"","mirage_joint","pleiotropy","bfdr_observed_fdp",0.1,0.5
20260853,41,500,15,3000,3000,3000,3000,"fast","control_informative",0.05,5,0.01,"","mirage_joint","pleiotropy","bfdr_estimate",0.1,0.0854383047735471
20260853,41,500,15,3000,3000,3000,3000,"fast","control_informative",0.05,5,0.01,"","mirage_joint","pleiotropy","bfdr_power",0.1,0.2
20260853,41,500,15,3000,3000,3000,3000,"fast","control_informative",0.05,5,0.01,"","mirage_joint","pleiotropy","bfdr_discoveries",0.1,2
20260853,41,500,15,3000,3000,3000,3000,"fast","control_informative",0.05,5,0.01,"","mirage_joint","pleiotropy","bfdr_observed_fdp",0.2,0.5
20260853,41,500,15,3000,3000,3000,3000,"fast","control_informative",0.05,5,0.01,"","mirage_joint","pleiotropy","bfdr_estimate",0.2,0.0854383047735471
20260853,41,500,15,3000,3000,3000,3000,"fast","control_informative",0.05,5,0.01,"","mirage_joint","pleiotropy","bfdr_power",0.2,0.2
20260853,41,500,15,3000,3000,3000,3000,"fast","control_informative",0.05,5,0.01,"","mirage_joint","pleiotropy","bfdr_discoveries",0.2,2
20260853,41,500,15,3000,3000,3000,3000,"fast","control_informative",0.05,5,0.01,"","mirage_joint","global","runtime_seconds",NA,18.622
20260853,41,500,15,3000,3000,3000,3000,"fast","control_informative",0.05,5,0.01,"","mirage_joint","pleiotropy","pi11_estimate",NA,0.0331747309674023
20260853,41,500,15,3000,3000,3000,3000,"fast","control_informative",0.05,5,0.01,"","separate_mirage","trait1","auc",NA,0.712
20260853,41,500,15,3000,3000,3000,3000,"fast","control_informative",0.05,5,0.01,"","separate_mirage","trait2","auc",NA,0.603673469387755
20260853,41,500,15,3000,3000,3000,3000,"fast","control_informative",0.05,5,0.01,"","separate_mirage","pleiotropy","auc",NA,0.646868686868687
20260853,41,500,15,3000,3000,3000,3000,"fast","control_informative",0.05,5,0.01,"","separate_mirage","trait1","pp08_power",0.8,0.12
20260853,41,500,15,3000,3000,3000,3000,"fast","control_informative",0.05,5,0.01,"","separate_mirage","trait1","pp08_fdp",0.8,0.25
20260853,41,500,15,3000,3000,3000,3000,"fast","control_informative",0.05,5,0.01,"","separate_mirage","trait1","pp08_discoveries",0.8,4
20260853,41,500,15,3000,3000,3000,3000,"fast","control_informative",0.05,5,0.01,"","separate_mirage","trait2","pp08_power",0.8,0.1
20260853,41,500,15,3000,3000,3000,3000,"fast","control_informative",0.05,5,0.01,"","separate_mirage","trait2","pp08_fdp",0.8,0
20260853,41,500,15,3000,3000,3000,3000,"fast","control_informative",0.05,5,0.01,"","separate_mirage","trait2","pp08_discoveries",0.8,1
20260853,41,500,15,3000,3000,3000,3000,"fast","control_informative",0.05,5,0.01,"","separate_mirage","pleiotropy","pp08_power",0.8,0
20260853,41,500,15,3000,3000,3000,3000,"fast","control_informative",0.05,5,0.01,"","separate_mirage","pleiotropy","pp08_fdp",0.8,0
20260853,41,500,15,3000,3000,3000,3000,"fast","control_informative",0.05,5,0.01,"","separate_mirage","pleiotropy","pp08_discoveries",0.8,0
20260853,41,500,15,3000,3000,3000,3000,"fast","control_informative",0.05,5,0.01,"","separate_mirage","trait1","bfdr_observed_fdp",0.01,0
20260853,41,500,15,3000,3000,3000,3000,"fast","control_informative",0.05,5,0.01,"","separate_mirage","trait1","bfdr_estimate",0.01,6.95274845280425e-06
20260853,41,500,15,3000,3000,3000,3000,"fast","control_informative",0.05,5,0.01,"","separate_mirage","trait1","bfdr_power",0.01,0.08
20260853,41,500,15,3000,3000,3000,3000,"fast","control_informative",0.05,5,0.01,"","separate_mirage","trait1","bfdr_discoveries",0.01,2
20260853,41,500,15,3000,3000,3000,3000,"fast","control_informative",0.05,5,0.01,"","separate_mirage","trait1","bfdr_observed_fdp",0.05,0.25
20260853,41,500,15,3000,3000,3000,3000,"fast","control_informative",0.05,5,0.01,"","separate_mirage","trait1","bfdr_estimate",0.05,0.0345272865494226
20260853,41,500,15,3000,3000,3000,3000,"fast","control_informative",0.05,5,0.01,"","separate_mirage","trait1","bfdr_power",0.05,0.12
20260853,41,500,15,3000,3000,3000,3000,"fast","control_informative",0.05,5,0.01,"","separate_mirage","trait1","bfdr_discoveries",0.05,4
20260853,41,500,15,3000,3000,3000,3000,"fast","control_informative",0.05,5,0.01,"","separate_mirage","trait1","bfdr_observed_fdp",0.1,0.4
20260853,41,500,15,3000,3000,3000,3000,"fast","control_informative",0.05,5,0.01,"","separate_mirage","trait1","bfdr_estimate",0.1,0.0810983199405212
20260853,41,500,15,3000,3000,3000,3000,"fast","control_informative",0.05,5,0.01,"","separate_mirage","trait1","bfdr_power",0.1,0.12
20260853,41,500,15,3000,3000,3000,3000,"fast","control_informative",0.05,5,0.01,"","separate_mirage","trait1","bfdr_discoveries",0.1,5
20260853,41,500,15,3000,3000,3000,3000,"fast","control_informative",0.05,5,0.01,"","separate_mirage","trait1","bfdr_observed_fdp",0.2,0.428571428571429
20260853,41,500,15,3000,3000,3000,3000,"fast","control_informative",0.05,5,0.01,"","separate_mirage","trait1","bfdr_estimate",0.2,0.197547368472323
20260853,41,500,15,3000,3000,3000,3000,"fast","control_informative",0.05,5,0.01,"","separate_mirage","trait1","bfdr_power",0.2,0.16
20260853,41,500,15,3000,3000,3000,3000,"fast","control_informative",0.05,5,0.01,"","separate_mirage","trait1","bfdr_discoveries",0.2,7
20260853,41,500,15,3000,3000,3000,3000,"fast","control_informative",0.05,5,0.01,"","separate_mirage","trait2","bfdr_observed_fdp",0.01,0
20260853,41,500,15,3000,3000,3000,3000,"fast","control_informative",0.05,5,0.01,"","separate_mirage","trait2","bfdr_estimate",0.01,0
20260853,41,500,15,3000,3000,3000,3000,"fast","control_informative",0.05,5,0.01,"","separate_mirage","trait2","bfdr_power",0.01,0
20260853,41,500,15,3000,3000,3000,3000,"fast","control_informative",0.05,5,0.01,"","separate_mirage","trait2","bfdr_discoveries",0.01,0
20260853,41,500,15,3000,3000,3000,3000,"fast","control_informative",0.05,5,0.01,"","separate_mirage","trait2","bfdr_observed_fdp",0.05,0
20260853,41,500,15,3000,3000,3000,3000,"fast","control_informative",0.05,5,0.01,"","separate_mirage","trait2","bfdr_estimate",0.05,0
20260853,41,500,15,3000,3000,3000,3000,"fast","control_informative",0.05,5,0.01,"","separate_mirage","trait2","bfdr_power",0.05,0
20260853,41,500,15,3000,3000,3000,3000,"fast","control_informative",0.05,5,0.01,"","separate_mirage","trait2","bfdr_discoveries",0.05,0
20260853,41,500,15,3000,3000,3000,3000,"fast","control_informative",0.05,5,0.01,"","separate_mirage","trait2","bfdr_observed_fdp",0.1,0
20260853,41,500,15,3000,3000,3000,3000,"fast","control_informative",0.05,5,0.01,"","separate_mirage","trait2","bfdr_estimate",0.1,0.0642168781464659
20260853,41,500,15,3000,3000,3000,3000,"fast","control_informative",0.05,5,0.01,"","separate_mirage","trait2","bfdr_power",0.1,0.1
20260853,41,500,15,3000,3000,3000,3000,"fast","control_informative",0.05,5,0.01,"","separate_mirage","trait2","bfdr_discoveries",0.1,1
20260853,41,500,15,3000,3000,3000,3000,"fast","control_informative",0.05,5,0.01,"","separate_mirage","trait2","bfdr_observed_fdp",0.2,0
20260853,41,500,15,3000,3000,3000,3000,"fast","control_informative",0.05,5,0.01,"","separate_mirage","trait2","bfdr_estimate",0.2,0.0642168781464659
20260853,41,500,15,3000,3000,3000,3000,"fast","control_informative",0.05,5,0.01,"","separate_mirage","trait2","bfdr_power",0.2,0.1
20260853,41,500,15,3000,3000,3000,3000,"fast","control_informative",0.05,5,0.01,"","separate_mirage","trait2","bfdr_discoveries",0.2,1
20260853,41,500,15,3000,3000,3000,3000,"fast","control_informative",0.05,5,0.01,"","separate_mirage","pleiotropy","bfdr_observed_fdp",0.01,0
20260853,41,500,15,3000,3000,3000,3000,"fast","control_informative",0.05,5,0.01,"","separate_mirage","pleiotropy","bfdr_estimate",0.01,0
20260853,41,500,15,3000,3000,3000,3000,"fast","control_informative",0.05,5,0.01,"","separate_mirage","pleiotropy","bfdr_power",0.01,0
20260853,41,500,15,3000,3000,3000,3000,"fast","control_informative",0.05,5,0.01,"","separate_mirage","pleiotropy","bfdr_discoveries",0.01,0
20260853,41,500,15,3000,3000,3000,3000,"fast","control_informative",0.05,5,0.01,"","separate_mirage","pleiotropy","bfdr_observed_fdp",0.05,0
20260853,41,500,15,3000,3000,3000,3000,"fast","control_informative",0.05,5,0.01,"","separate_mirage","pleiotropy","bfdr_estimate",0.05,0
20260853,41,500,15,3000,3000,3000,3000,"fast","control_informative",0.05,5,0.01,"","separate_mirage","pleiotropy","bfdr_power",0.05,0
20260853,41,500,15,3000,3000,3000,3000,"fast","control_informative",0.05,5,0.01,"","separate_mirage","pleiotropy","bfdr_discoveries",0.05,0
20260853,41,500,15,3000,3000,3000,3000,"fast","control_informative",0.05,5,0.01,"","separate_mirage","pleiotropy","bfdr_observed_fdp",0.1,0
20260853,41,500,15,3000,3000,3000,3000,"fast","control_informative",0.05,5,0.01,"","separate_mirage","pleiotropy","bfdr_estimate",0.1,0
20260853,41,500,15,3000,3000,3000,3000,"fast","control_informative",0.05,5,0.01,"","separate_mirage","pleiotropy","bfdr_power",0.1,0
20260853,41,500,15,3000,3000,3000,3000,"fast","control_informative",0.05,5,0.01,"","separate_mirage","pleiotropy","bfdr_discoveries",0.1,0
20260853,41,500,15,3000,3000,3000,3000,"fast","control_informative",0.05,5,0.01,"","separate_mirage","pleiotropy","bfdr_observed_fdp",0.2,0
20260853,41,500,15,3000,3000,3000,3000,"fast","control_informative",0.05,5,0.01,"","separate_mirage","pleiotropy","bfdr_estimate",0.2,0
20260853,41,500,15,3000,3000,3000,3000,"fast","control_informative",0.05,5,0.01,"","separate_mirage","pleiotropy","bfdr_power",0.2,0
20260853,41,500,15,3000,3000,3000,3000,"fast","control_informative",0.05,5,0.01,"","separate_mirage","pleiotropy","bfdr_discoveries",0.2,0
20260853,41,500,15,3000,3000,3000,3000,"fast","control_informative",0.05,5,0.01,"","separate_mirage","global","runtime_seconds",NA,18.195
20260853,41,500,15,3000,3000,3000,3000,"fast","control_informative",0.05,5,0.01,"","separate_mirage","pleiotropy","pi11_estimate",NA,0.001
20260853,41,500,15,3000,3000,3000,3000,"fast","control_informative",0.05,5,0.01,"","mtada_aggregated","trait1","auc",NA,0.71141052631579
20260853,41,500,15,3000,3000,3000,3000,"fast","control_informative",0.05,5,0.01,"","mtada_aggregated","trait2","auc",NA,0.527142857142857
20260853,41,500,15,3000,3000,3000,3000,"fast","control_informative",0.05,5,0.01,"","mtada_aggregated","pleiotropy","auc",NA,0.611717171717172
20260853,41,500,15,3000,3000,3000,3000,"fast","control_informative",0.05,5,0.01,"","mtada_aggregated","trait1","pp08_power",0.8,0.24
20260853,41,500,15,3000,3000,3000,3000,"fast","control_informative",0.05,5,0.01,"","mtada_aggregated","trait1","pp08_fdp",0.8,0.86046511627907
20260853,41,500,15,3000,3000,3000,3000,"fast","control_informative",0.05,5,0.01,"","mtada_aggregated","trait1","pp08_discoveries",0.8,43
20260853,41,500,15,3000,3000,3000,3000,"fast","control_informative",0.05,5,0.01,"","mtada_aggregated","trait2","pp08_power",0.8,0.1
20260853,41,500,15,3000,3000,3000,3000,"fast","control_informative",0.05,5,0.01,"","mtada_aggregated","trait2","pp08_fdp",0.8,0.976190476190476
20260853,41,500,15,3000,3000,3000,3000,"fast","control_informative",0.05,5,0.01,"","mtada_aggregated","trait2","pp08_discoveries",0.8,42
20260853,41,500,15,3000,3000,3000,3000,"fast","control_informative",0.05,5,0.01,"","mtada_aggregated","pleiotropy","pp08_power",0.8,0.2
20260853,41,500,15,3000,3000,3000,3000,"fast","control_informative",0.05,5,0.01,"","mtada_aggregated","pleiotropy","pp08_fdp",0.8,0.666666666666667
20260853,41,500,15,3000,3000,3000,3000,"fast","control_informative",0.05,5,0.01,"","mtada_aggregated","pleiotropy","pp08_discoveries",0.8,3
20260853,41,500,15,3000,3000,3000,3000,"fast","control_informative",0.05,5,0.01,"","mtada_aggregated","trait1","bfdr_observed_fdp",0.01,0.857142857142857
20260853,41,500,15,3000,3000,3000,3000,"fast","control_informative",0.05,5,0.01,"","mtada_aggregated","trait1","bfdr_estimate",0.01,0.00937875197548173
20260853,41,500,15,3000,3000,3000,3000,"fast","control_informative",0.05,5,0.01,"","mtada_aggregated","trait1","bfdr_power",0.01,0.24
20260853,41,500,15,3000,3000,3000,3000,"fast","control_informative",0.05,5,0.01,"","mtada_aggregated","trait1","bfdr_discoveries",0.01,42
20260853,41,500,15,3000,3000,3000,3000,"fast","control_informative",0.05,5,0.01,"","mtada_aggregated","trait1","bfdr_observed_fdp",0.05,0.836734693877551
20260853,41,500,15,3000,3000,3000,3000,"fast","control_informative",0.05,5,0.01,"","mtada_aggregated","trait1","bfdr_estimate",0.05,0.0483068514896329
20260853,41,500,15,3000,3000,3000,3000,"fast","control_informative",0.05,5,0.01,"","mtada_aggregated","trait1","bfdr_power",0.05,0.32
20260853,41,500,15,3000,3000,3000,3000,"fast","control_informative",0.05,5,0.01,"","mtada_aggregated","trait1","bfdr_discoveries",0.05,49
20260853,41,500,15,3000,3000,3000,3000,"fast","control_informative",0.05,5,0.01,"","mtada_aggregated","trait1","bfdr_observed_fdp",0.1,0.851851851851852
20260853,41,500,15,3000,3000,3000,3000,"fast","control_informative",0.05,5,0.01,"","mtada_aggregated","trait1","bfdr_estimate",0.1,0.0914484641873296
20260853,41,500,15,3000,3000,3000,3000,"fast","control_informative",0.05,5,0.01,"","mtada_aggregated","trait1","bfdr_power",0.1,0.32
20260853,41,500,15,3000,3000,3000,3000,"fast","control_informative",0.05,5,0.01,"","mtada_aggregated","trait1","bfdr_discoveries",0.1,54
20260853,41,500,15,3000,3000,3000,3000,"fast","control_informative",0.05,5,0.01,"","mtada_aggregated","trait1","bfdr_observed_fdp",0.2,0.859375
20260853,41,500,15,3000,3000,3000,3000,"fast","control_informative",0.05,5,0.01,"","mtada_aggregated","trait1","bfdr_estimate",0.2,0.191755198742387
20260853,41,500,15,3000,3000,3000,3000,"fast","control_informative",0.05,5,0.01,"","mtada_aggregated","trait1","bfdr_power",0.2,0.36
20260853,41,500,15,3000,3000,3000,3000,"fast","control_informative",0.05,5,0.01,"","mtada_aggregated","trait1","bfdr_discoveries",0.2,64
20260853,41,500,15,3000,3000,3000,3000,"fast","control_informative",0.05,5,0.01,"","mtada_aggregated","trait2","bfdr_observed_fdp",0.01,0.973684210526316
20260853,41,500,15,3000,3000,3000,3000,"fast","control_informative",0.05,5,0.01,"","mtada_aggregated","trait2","bfdr_estimate",0.01,0.00983013351700045
20260853,41,500,15,3000,3000,3000,3000,"fast","control_informative",0.05,5,0.01,"","mtada_aggregated","trait2","bfdr_power",0.01,0.1
20260853,41,500,15,3000,3000,3000,3000,"fast","control_informative",0.05,5,0.01,"","mtada_aggregated","trait2","bfdr_discoveries",0.01,38
20260853,41,500,15,3000,3000,3000,3000,"fast","control_informative",0.05,5,0.01,"","mtada_aggregated","trait2","bfdr_observed_fdp",0.05,0.957446808510638
20260853,41,500,15,3000,3000,3000,3000,"fast","control_informative",0.05,5,0.01,"","mtada_aggregated","trait2","bfdr_estimate",0.05,0.0495403954823878
20260853,41,500,15,3000,3000,3000,3000,"fast","control_informative",0.05,5,0.01,"","mtada_aggregated","trait2","bfdr_power",0.05,0.2
20260853,41,500,15,3000,3000,3000,3000,"fast","control_informative",0.05,5,0.01,"","mtada_aggregated","trait2","bfdr_discoveries",0.05,47
20260853,41,500,15,3000,3000,3000,3000,"fast","control_informative",0.05,5,0.01,"","mtada_aggregated","trait2","bfdr_observed_fdp",0.1,0.961538461538462
20260853,41,500,15,3000,3000,3000,3000,"fast","control_informative",0.05,5,0.01,"","mtada_aggregated","trait2","bfdr_estimate",0.1,0.0927006420803625
20260853,41,500,15,3000,3000,3000,3000,"fast","control_informative",0.05,5,0.01,"","mtada_aggregated","trait2","bfdr_power",0.1,0.2
20260853,41,500,15,3000,3000,3000,3000,"fast","control_informative",0.05,5,0.01,"","mtada_aggregated","trait2","bfdr_discoveries",0.1,52
20260853,41,500,15,3000,3000,3000,3000,"fast","control_informative",0.05,5,0.01,"","mtada_aggregated","trait2","bfdr_observed_fdp",0.2,0.95
20260853,41,500,15,3000,3000,3000,3000,"fast","control_informative",0.05,5,0.01,"","mtada_aggregated","trait2","bfdr_estimate",0.2,0.190547645389958
20260853,41,500,15,3000,3000,3000,3000,"fast","control_informative",0.05,5,0.01,"","mtada_aggregated","trait2","bfdr_power",0.2,0.3
20260853,41,500,15,3000,3000,3000,3000,"fast","control_informative",0.05,5,0.01,"","mtada_aggregated","trait2","bfdr_discoveries",0.2,60
20260853,41,500,15,3000,3000,3000,3000,"fast","control_informative",0.05,5,0.01,"","mtada_aggregated","pleiotropy","bfdr_observed_fdp",0.01,0.666666666666667
20260853,41,500,15,3000,3000,3000,3000,"fast","control_informative",0.05,5,0.01,"","mtada_aggregated","pleiotropy","bfdr_estimate",0.01,0.00613681079828084
20260853,41,500,15,3000,3000,3000,3000,"fast","control_informative",0.05,5,0.01,"","mtada_aggregated","pleiotropy","bfdr_power",0.01,0.2
20260853,41,500,15,3000,3000,3000,3000,"fast","control_informative",0.05,5,0.01,"","mtada_aggregated","pleiotropy","bfdr_discoveries",0.01,3
20260853,41,500,15,3000,3000,3000,3000,"fast","control_informative",0.05,5,0.01,"","mtada_aggregated","pleiotropy","bfdr_observed_fdp",0.05,0.666666666666667
20260853,41,500,15,3000,3000,3000,3000,"fast","control_informative",0.05,5,0.01,"","mtada_aggregated","pleiotropy","bfdr_estimate",0.05,0.00613681079828084
20260853,41,500,15,3000,3000,3000,3000,"fast","control_informative",0.05,5,0.01,"","mtada_aggregated","pleiotropy","bfdr_power",0.05,0.2
20260853,41,500,15,3000,3000,3000,3000,"fast","control_informative",0.05,5,0.01,"","mtada_aggregated","pleiotropy","bfdr_discoveries",0.05,3
20260853,41,500,15,3000,3000,3000,3000,"fast","control_informative",0.05,5,0.01,"","mtada_aggregated","pleiotropy","bfdr_observed_fdp",0.1,0.666666666666667
20260853,41,500,15,3000,3000,3000,3000,"fast","control_informative",0.05,5,0.01,"","mtada_aggregated","pleiotropy","bfdr_estimate",0.1,0.00613681079828084
20260853,41,500,15,3000,3000,3000,3000,"fast","control_informative",0.05,5,0.01,"","mtada_aggregated","pleiotropy","bfdr_power",0.1,0.2
20260853,41,500,15,3000,3000,3000,3000,"fast","control_informative",0.05,5,0.01,"","mtada_aggregated","pleiotropy","bfdr_discoveries",0.1,3
20260853,41,500,15,3000,3000,3000,3000,"fast","control_informative",0.05,5,0.01,"","mtada_aggregated","pleiotropy","bfdr_observed_fdp",0.2,0.75
20260853,41,500,15,3000,3000,3000,3000,"fast","control_informative",0.05,5,0.01,"","mtada_aggregated","pleiotropy","bfdr_estimate",0.2,0.104796659706727
20260853,41,500,15,3000,3000,3000,3000,"fast","control_informative",0.05,5,0.01,"","mtada_aggregated","pleiotropy","bfdr_power",0.2,0.2
20260853,41,500,15,3000,3000,3000,3000,"fast","control_informative",0.05,5,0.01,"","mtada_aggregated","pleiotropy","bfdr_discoveries",0.2,4
20260853,41,500,15,3000,3000,3000,3000,"fast","control_informative",0.05,5,0.01,"","mtada_aggregated","global","runtime_seconds",NA,0.819000000000017
20260853,41,500,15,3000,3000,3000,3000,"fast","control_informative",0.05,5,0.01,"","mtada_aggregated","pleiotropy","pi11_estimate",NA,0.00147949
20260854,42,500,15,3000,3000,3000,3000,"fast","control_informative",0.05,5,0.01,"","mirage_joint","trait1","auc",NA,0.818357894736842
20260854,42,500,15,3000,3000,3000,3000,"fast","control_informative",0.05,5,0.01,"","mirage_joint","trait2","auc",NA,0.630408163265306
20260854,42,500,15,3000,3000,3000,3000,"fast","control_informative",0.05,5,0.01,"","mirage_joint","pleiotropy","auc",NA,0.700606060606061
20260854,42,500,15,3000,3000,3000,3000,"fast","control_informative",0.05,5,0.01,"","mirage_joint","trait1","pp08_power",0.8,0.44
20260854,42,500,15,3000,3000,3000,3000,"fast","control_informative",0.05,5,0.01,"","mirage_joint","trait1","pp08_fdp",0.8,0.0833333333333333
20260854,42,500,15,3000,3000,3000,3000,"fast","control_informative",0.05,5,0.01,"","mirage_joint","trait1","pp08_discoveries",0.8,12
20260854,42,500,15,3000,3000,3000,3000,"fast","control_informative",0.05,5,0.01,"","mirage_joint","trait2","pp08_power",0.8,0
20260854,42,500,15,3000,3000,3000,3000,"fast","control_informative",0.05,5,0.01,"","mirage_joint","trait2","pp08_fdp",0.8,0
20260854,42,500,15,3000,3000,3000,3000,"fast","control_informative",0.05,5,0.01,"","mirage_joint","trait2","pp08_discoveries",0.8,0
20260854,42,500,15,3000,3000,3000,3000,"fast","control_informative",0.05,5,0.01,"","mirage_joint","pleiotropy","pp08_power",0.8,0
20260854,42,500,15,3000,3000,3000,3000,"fast","control_informative",0.05,5,0.01,"","mirage_joint","pleiotropy","pp08_fdp",0.8,0
20260854,42,500,15,3000,3000,3000,3000,"fast","control_informative",0.05,5,0.01,"","mirage_joint","pleiotropy","pp08_discoveries",0.8,0
20260854,42,500,15,3000,3000,3000,3000,"fast","control_informative",0.05,5,0.01,"","mirage_joint","trait1","bfdr_observed_fdp",0.01,0.111111111111111
20260854,42,500,15,3000,3000,3000,3000,"fast","control_informative",0.05,5,0.01,"","mirage_joint","trait1","bfdr_estimate",0.01,0.00543968463827106
20260854,42,500,15,3000,3000,3000,3000,"fast","control_informative",0.05,5,0.01,"","mirage_joint","trait1","bfdr_power",0.01,0.32
20260854,42,500,15,3000,3000,3000,3000,"fast","control_informative",0.05,5,0.01,"","mirage_joint","trait1","bfdr_discoveries",0.01,9
20260854,42,500,15,3000,3000,3000,3000,"fast","control_informative",0.05,5,0.01,"","mirage_joint","trait1","bfdr_observed_fdp",0.05,0.0833333333333333
20260854,42,500,15,3000,3000,3000,3000,"fast","control_informative",0.05,5,0.01,"","mirage_joint","trait1","bfdr_estimate",0.05,0.0290022078934204
20260854,42,500,15,3000,3000,3000,3000,"fast","control_informative",0.05,5,0.01,"","mirage_joint","trait1","bfdr_power",0.05,0.44
20260854,42,500,15,3000,3000,3000,3000,"fast","control_informative",0.05,5,0.01,"","mirage_joint","trait1","bfdr_discoveries",0.05,12
20260854,42,500,15,3000,3000,3000,3000,"fast","control_informative",0.05,5,0.01,"","mirage_joint","trait1","bfdr_observed_fdp",0.1,0.214285714285714
20260854,42,500,15,3000,3000,3000,3000,"fast","control_informative",0.05,5,0.01,"","mirage_joint","trait1","bfdr_estimate",0.1,0.0802501685287802
20260854,42,500,15,3000,3000,3000,3000,"fast","control_informative",0.05,5,0.01,"","mirage_joint","trait1","bfdr_power",0.1,0.44
20260854,42,500,15,3000,3000,3000,3000,"fast","control_informative",0.05,5,0.01,"","mirage_joint","trait1","bfdr_discoveries",0.1,14
20260854,42,500,15,3000,3000,3000,3000,"fast","control_informative",0.05,5,0.01,"","mirage_joint","trait1","bfdr_observed_fdp",0.2,0.421052631578947
20260854,42,500,15,3000,3000,3000,3000,"fast","control_informative",0.05,5,0.01,"","mirage_joint","trait1","bfdr_estimate",0.2,0.194119252439764
20260854,42,500,15,3000,3000,3000,3000,"fast","control_informative",0.05,5,0.01,"","mirage_joint","trait1","bfdr_power",0.2,0.44
20260854,42,500,15,3000,3000,3000,3000,"fast","control_informative",0.05,5,0.01,"","mirage_joint","trait1","bfdr_discoveries",0.2,19
20260854,42,500,15,3000,3000,3000,3000,"fast","control_informative",0.05,5,0.01,"","mirage_joint","trait2","bfdr_observed_fdp",0.01,0
20260854,42,500,15,3000,3000,3000,3000,"fast","control_informative",0.05,5,0.01,"","mirage_joint","trait2","bfdr_estimate",0.01,0
20260854,42,500,15,3000,3000,3000,3000,"fast","control_informative",0.05,5,0.01,"","mirage_joint","trait2","bfdr_power",0.01,0
20260854,42,500,15,3000,3000,3000,3000,"fast","control_informative",0.05,5,0.01,"","mirage_joint","trait2","bfdr_discoveries",0.01,0
20260854,42,500,15,3000,3000,3000,3000,"fast","control_informative",0.05,5,0.01,"","mirage_joint","trait2","bfdr_observed_fdp",0.05,0
20260854,42,500,15,3000,3000,3000,3000,"fast","control_informative",0.05,5,0.01,"","mirage_joint","trait2","bfdr_estimate",0.05,0
20260854,42,500,15,3000,3000,3000,3000,"fast","control_informative",0.05,5,0.01,"","mirage_joint","trait2","bfdr_power",0.05,0
20260854,42,500,15,3000,3000,3000,3000,"fast","control_informative",0.05,5,0.01,"","mirage_joint","trait2","bfdr_discoveries",0.05,0
20260854,42,500,15,3000,3000,3000,3000,"fast","control_informative",0.05,5,0.01,"","mirage_joint","trait2","bfdr_observed_fdp",0.1,0
20260854,42,500,15,3000,3000,3000,3000,"fast","control_informative",0.05,5,0.01,"","mirage_joint","trait2","bfdr_estimate",0.1,0
20260854,42,500,15,3000,3000,3000,3000,"fast","control_informative",0.05,5,0.01,"","mirage_joint","trait2","bfdr_power",0.1,0
20260854,42,500,15,3000,3000,3000,3000,"fast","control_informative",0.05,5,0.01,"","mirage_joint","trait2","bfdr_discoveries",0.1,0
20260854,42,500,15,3000,3000,3000,3000,"fast","control_informative",0.05,5,0.01,"","mirage_joint","trait2","bfdr_observed_fdp",0.2,0
20260854,42,500,15,3000,3000,3000,3000,"fast","control_informative",0.05,5,0.01,"","mirage_joint","trait2","bfdr_estimate",0.2,0
20260854,42,500,15,3000,3000,3000,3000,"fast","control_informative",0.05,5,0.01,"","mirage_joint","trait2","bfdr_power",0.2,0
20260854,42,500,15,3000,3000,3000,3000,"fast","control_informative",0.05,5,0.01,"","mirage_joint","trait2","bfdr_discoveries",0.2,0
20260854,42,500,15,3000,3000,3000,3000,"fast","control_informative",0.05,5,0.01,"","mirage_joint","pleiotropy","bfdr_observed_fdp",0.01,0
20260854,42,500,15,3000,3000,3000,3000,"fast","control_informative",0.05,5,0.01,"","mirage_joint","pleiotropy","bfdr_estimate",0.01,0
20260854,42,500,15,3000,3000,3000,3000,"fast","control_informative",0.05,5,0.01,"","mirage_joint","pleiotropy","bfdr_power",0.01,0
20260854,42,500,15,3000,3000,3000,3000,"fast","control_informative",0.05,5,0.01,"","mirage_joint","pleiotropy","bfdr_discoveries",0.01,0
20260854,42,500,15,3000,3000,3000,3000,"fast","control_informative",0.05,5,0.01,"","mirage_joint","pleiotropy","bfdr_observed_fdp",0.05,0
20260854,42,500,15,3000,3000,3000,3000,"fast","control_informative",0.05,5,0.01,"","mirage_joint","pleiotropy","bfdr_estimate",0.05,0
20260854,42,500,15,3000,3000,3000,3000,"fast","control_informative",0.05,5,0.01,"","mirage_joint","pleiotropy","bfdr_power",0.05,0
20260854,42,500,15,3000,3000,3000,3000,"fast","control_informative",0.05,5,0.01,"","mirage_joint","pleiotropy","bfdr_discoveries",0.05,0
20260854,42,500,15,3000,3000,3000,3000,"fast","control_informative",0.05,5,0.01,"","mirage_joint","pleiotropy","bfdr_observed_fdp",0.1,0
20260854,42,500,15,3000,3000,3000,3000,"fast","control_informative",0.05,5,0.01,"","mirage_joint","pleiotropy","bfdr_estimate",0.1,0
20260854,42,500,15,3000,3000,3000,3000,"fast","control_informative",0.05,5,0.01,"","mirage_joint","pleiotropy","bfdr_power",0.1,0
20260854,42,500,15,3000,3000,3000,3000,"fast","control_informative",0.05,5,0.01,"","mirage_joint","pleiotropy","bfdr_discoveries",0.1,0
20260854,42,500,15,3000,3000,3000,3000,"fast","control_informative",0.05,5,0.01,"","mirage_joint","pleiotropy","bfdr_observed_fdp",0.2,0
20260854,42,500,15,3000,3000,3000,3000,"fast","control_informative",0.05,5,0.01,"","mirage_joint","pleiotropy","bfdr_estimate",0.2,0
20260854,42,500,15,3000,3000,3000,3000,"fast","control_informative",0.05,5,0.01,"","mirage_joint","pleiotropy","bfdr_power",0.2,0
20260854,42,500,15,3000,3000,3000,3000,"fast","control_informative",0.05,5,0.01,"","mirage_joint","pleiotropy","bfdr_discoveries",0.2,0
20260854,42,500,15,3000,3000,3000,3000,"fast","control_informative",0.05,5,0.01,"","mirage_joint","global","runtime_seconds",NA,18.61
20260854,42,500,15,3000,3000,3000,3000,"fast","control_informative",0.05,5,0.01,"","mirage_joint","pleiotropy","pi11_estimate",NA,0.0155502675316463
20260854,42,500,15,3000,3000,3000,3000,"fast","control_informative",0.05,5,0.01,"","separate_mirage","trait1","auc",NA,0.8192
20260854,42,500,15,3000,3000,3000,3000,"fast","control_informative",0.05,5,0.01,"","separate_mirage","trait2","auc",NA,0.598571428571429
20260854,42,500,15,3000,3000,3000,3000,"fast","control_informative",0.05,5,0.01,"","separate_mirage","pleiotropy","auc",NA,0.678787878787879
20260854,42,500,15,3000,3000,3000,3000,"fast","control_informative",0.05,5,0.01,"","separate_mirage","trait1","pp08_power",0.8,0.4
20260854,42,500,15,3000,3000,3000,3000,"fast","control_informative",0.05,5,0.01,"","separate_mirage","trait1","pp08_fdp",0.8,0.0909090909090909
20260854,42,500,15,3000,3000,3000,3000,"fast","control_informative",0.05,5,0.01,"","separate_mirage","trait1","pp08_discoveries",0.8,11
20260854,42,500,15,3000,3000,3000,3000,"fast","control_informative",0.05,5,0.01,"","separate_mirage","trait2","pp08_power",0.8,0
20260854,42,500,15,3000,3000,3000,3000,"fast","control_informative",0.05,5,0.01,"","separate_mirage","trait2","pp08_fdp",0.8,0
20260854,42,500,15,3000,3000,3000,3000,"fast","control_informative",0.05,5,0.01,"","separate_mirage","trait2","pp08_discoveries",0.8,0
20260854,42,500,15,3000,3000,3000,3000,"fast","control_informative",0.05,5,0.01,"","separate_mirage","pleiotropy","pp08_power",0.8,0
20260854,42,500,15,3000,3000,3000,3000,"fast","control_informative",0.05,5,0.01,"","separate_mirage","pleiotropy","pp08_fdp",0.8,0
20260854,42,500,15,3000,3000,3000,3000,"fast","control_informative",0.05,5,0.01,"","separate_mirage","pleiotropy","pp08_discoveries",0.8,0
20260854,42,500,15,3000,3000,3000,3000,"fast","control_informative",0.05,5,0.01,"","separate_mirage","trait1","bfdr_observed_fdp",0.01,0.111111111111111
20260854,42,500,15,3000,3000,3000,3000,"fast","control_informative",0.05,5,0.01,"","separate_mirage","trait1","bfdr_estimate",0.01,0.00908506337994882
20260854,42,500,15,3000,3000,3000,3000,"fast","control_informative",0.05,5,0.01,"","separate_mirage","trait1","bfdr_power",0.01,0.32
20260854,42,500,15,3000,3000,3000,3000,"fast","control_informative",0.05,5,0.01,"","separate_mirage","trait1","bfdr_discoveries",0.01,9
20260854,42,500,15,3000,3000,3000,3000,"fast","control_informative",0.05,5,0.01,"","separate_mirage","trait1","bfdr_observed_fdp",0.05,0.0833333333333333
20260854,42,500,15,3000,3000,3000,3000,"fast","control_informative",0.05,5,0.01,"","separate_mirage","trait1","bfdr_estimate",0.05,0.0452765494516027
20260854,42,500,15,3000,3000,3000,3000,"fast","control_informative",0.05,5,0.01,"","separate_mirage","trait1","bfdr_power",0.05,0.44
20260854,42,500,15,3000,3000,3000,3000,"fast","control_informative",0.05,5,0.01,"","separate_mirage","trait1","bfdr_discoveries",0.05,12
20260854,42,500,15,3000,3000,3000,3000,"fast","control_informative",0.05,5,0.01,"","separate_mirage","trait1","bfdr_observed_fdp",0.1,0.153846153846154
20260854,42,500,15,3000,3000,3000,3000,"fast","control_informative",0.05,5,0.01,"","separate_mirage","trait1","bfdr_estimate",0.1,0.0754152074356034
20260854,42,500,15,3000,3000,3000,3000,"fast","control_informative",0.05,5,0.01,"","separate_mirage","trait1","bfdr_power",0.1,0.44
20260854,42,500,15,3000,3000,3000,3000,"fast","control_informative",0.05,5,0.01,"","separate_mirage","trait1","bfdr_discoveries",0.1,13
20260854,42,500,15,3000,3000,3000,3000,"fast","control_informative",0.05,5,0.01,"","separate_mirage","trait1","bfdr_observed_fdp",0.2,0.352941176470588
20260854,42,500,15,3000,3000,3000,3000,"fast","control_informative",0.05,5,0.01,"","separate_mirage","trait1","bfdr_estimate",0.2,0.19433336117135
20260854,42,500,15,3000,3000,3000,3000,"fast","control_informative",0.05,5,0.01,"","separate_mirage","trait1","bfdr_power",0.2,0.44
20260854,42,500,15,3000,3000,3000,3000,"fast","control_informative",0.05,5,0.01,"","separate_mirage","trait1","bfdr_discoveries",0.2,17
20260854,42,500,15,3000,3000,3000,3000,"fast","control_informative",0.05,5,0.01,"","separate_mirage","trait2","bfdr_observed_fdp",0.01,0
20260854,42,500,15,3000,3000,3000,3000,"fast","control_informative",0.05,5,0.01,"","separate_mirage","trait2","bfdr_estimate",0.01,0
20260854,42,500,15,3000,3000,3000,3000,"fast","control_informative",0.05,5,0.01,"","separate_mirage","trait2","bfdr_power",0.01,0
20260854,42,500,15,3000,3000,3000,3000,"fast","control_informative",0.05,5,0.01,"","separate_mirage","trait2","bfdr_discoveries",0.01,0
20260854,42,500,15,3000,3000,3000,3000,"fast","control_informative",0.05,5,0.01,"","separate_mirage","trait2","bfdr_observed_fdp",0.05,0
20260854,42,500,15,3000,3000,3000,3000,"fast","control_informative",0.05,5,0.01,"","separate_mirage","trait2","bfdr_estimate",0.05,0
20260854,42,500,15,3000,3000,3000,3000,"fast","control_informative",0.05,5,0.01,"","separate_mirage","trait2","bfdr_power",0.05,0
20260854,42,500,15,3000,3000,3000,3000,"fast","control_informative",0.05,5,0.01,"","separate_mirage","trait2","bfdr_discoveries",0.05,0
20260854,42,500,15,3000,3000,3000,3000,"fast","control_informative",0.05,5,0.01,"","separate_mirage","trait2","bfdr_observed_fdp",0.1,0
20260854,42,500,15,3000,3000,3000,3000,"fast","control_informative",0.05,5,0.01,"","separate_mirage","trait2","bfdr_estimate",0.1,0
20260854,42,500,15,3000,3000,3000,3000,"fast","control_informative",0.05,5,0.01,"","separate_mirage","trait2","bfdr_power",0.1,0
20260854,42,500,15,3000,3000,3000,3000,"fast","control_informative",0.05,5,0.01,"","separate_mirage","trait2","bfdr_discoveries",0.1,0
20260854,42,500,15,3000,3000,3000,3000,"fast","control_informative",0.05,5,0.01,"","separate_mirage","trait2","bfdr_observed_fdp",0.2,0
20260854,42,500,15,3000,3000,3000,3000,"fast","control_informative",0.05,5,0.01,"","separate_mirage","trait2","bfdr_estimate",0.2,0
20260854,42,500,15,3000,3000,3000,3000,"fast","control_informative",0.05,5,0.01,"","separate_mirage","trait2","bfdr_power",0.2,0
20260854,42,500,15,3000,3000,3000,3000,"fast","control_informative",0.05,5,0.01,"","separate_mirage","trait2","bfdr_discoveries",0.2,0
20260854,42,500,15,3000,3000,3000,3000,"fast","control_informative",0.05,5,0.01,"","separate_mirage","pleiotropy","bfdr_observed_fdp",0.01,0
20260854,42,500,15,3000,3000,3000,3000,"fast","control_informative",0.05,5,0.01,"","separate_mirage","pleiotropy","bfdr_estimate",0.01,0
20260854,42,500,15,3000,3000,3000,3000,"fast","control_informative",0.05,5,0.01,"","separate_mirage","pleiotropy","bfdr_power",0.01,0
20260854,42,500,15,3000,3000,3000,3000,"fast","control_informative",0.05,5,0.01,"","separate_mirage","pleiotropy","bfdr_discoveries",0.01,0
20260854,42,500,15,3000,3000,3000,3000,"fast","control_informative",0.05,5,0.01,"","separate_mirage","pleiotropy","bfdr_observed_fdp",0.05,0
20260854,42,500,15,3000,3000,3000,3000,"fast","control_informative",0.05,5,0.01,"","separate_mirage","pleiotropy","bfdr_estimate",0.05,0
20260854,42,500,15,3000,3000,3000,3000,"fast","control_informative",0.05,5,0.01,"","separate_mirage","pleiotropy","bfdr_power",0.05,0
20260854,42,500,15,3000,3000,3000,3000,"fast","control_informative",0.05,5,0.01,"","separate_mirage","pleiotropy","bfdr_discoveries",0.05,0
20260854,42,500,15,3000,3000,3000,3000,"fast","control_informative",0.05,5,0.01,"","separate_mirage","pleiotropy","bfdr_observed_fdp",0.1,0
20260854,42,500,15,3000,3000,3000,3000,"fast","control_informative",0.05,5,0.01,"","separate_mirage","pleiotropy","bfdr_estimate",0.1,0
20260854,42,500,15,3000,3000,3000,3000,"fast","control_informative",0.05,5,0.01,"","separate_mirage","pleiotropy","bfdr_power",0.1,0
20260854,42,500,15,3000,3000,3000,3000,"fast","control_informative",0.05,5,0.01,"","separate_mirage","pleiotropy","bfdr_discoveries",0.1,0
20260854,42,500,15,3000,3000,3000,3000,"fast","control_informative",0.05,5,0.01,"","separate_mirage","pleiotropy","bfdr_observed_fdp",0.2,0
20260854,42,500,15,3000,3000,3000,3000,"fast","control_informative",0.05,5,0.01,"","separate_mirage","pleiotropy","bfdr_estimate",0.2,0
20260854,42,500,15,3000,3000,3000,3000,"fast","control_informative",0.05,5,0.01,"","separate_mirage","pleiotropy","bfdr_power",0.2,0
20260854,42,500,15,3000,3000,3000,3000,"fast","control_informative",0.05,5,0.01,"","separate_mirage","pleiotropy","bfdr_discoveries",0.2,0
20260854,42,500,15,3000,3000,3000,3000,"fast","control_informative",0.05,5,0.01,"","separate_mirage","global","runtime_seconds",NA,18.269
20260854,42,500,15,3000,3000,3000,3000,"fast","control_informative",0.05,5,0.01,"","separate_mirage","pleiotropy","pi11_estimate",NA,0.001
20260854,42,500,15,3000,3000,3000,3000,"fast","control_informative",0.05,5,0.01,"","mtada_aggregated","trait1","auc",NA,0.782989473684211
20260854,42,500,15,3000,3000,3000,3000,"fast","control_informative",0.05,5,0.01,"","mtada_aggregated","trait2","auc",NA,0.694897959183673
20260854,42,500,15,3000,3000,3000,3000,"fast","control_informative",0.05,5,0.01,"","mtada_aggregated","pleiotropy","auc",NA,0.57979797979798
20260854,42,500,15,3000,3000,3000,3000,"fast","control_informative",0.05,5,0.01,"","mtada_aggregated","trait1","pp08_power",0.8,0.52
20260854,42,500,15,3000,3000,3000,3000,"fast","control_informative",0.05,5,0.01,"","mtada_aggregated","trait1","pp08_fdp",0.8,0.771929824561403
20260854,42,500,15,3000,3000,3000,3000,"fast","control_informative",0.05,5,0.01,"","mtada_aggregated","trait1","pp08_discoveries",0.8,57
20260854,42,500,15,3000,3000,3000,3000,"fast","control_informative",0.05,5,0.01,"","mtada_aggregated","trait2","pp08_power",0.8,0.1
20260854,42,500,15,3000,3000,3000,3000,"fast","control_informative",0.05,5,0.01,"","mtada_aggregated","trait2","pp08_fdp",0.8,0.972222222222222
20260854,42,500,15,3000,3000,3000,3000,"fast","control_informative",0.05,5,0.01,"","mtada_aggregated","trait2","pp08_discoveries",0.8,36
20260854,42,500,15,3000,3000,3000,3000,"fast","control_informative",0.05,5,0.01,"","mtada_aggregated","pleiotropy","pp08_power",0.8,0
20260854,42,500,15,3000,3000,3000,3000,"fast","control_informative",0.05,5,0.01,"","mtada_aggregated","pleiotropy","pp08_fdp",0.8,1
20260854,42,500,15,3000,3000,3000,3000,"fast","control_informative",0.05,5,0.01,"","mtada_aggregated","pleiotropy","pp08_discoveries",0.8,5
20260854,42,500,15,3000,3000,3000,3000,"fast","control_informative",0.05,5,0.01,"","mtada_aggregated","trait1","bfdr_observed_fdp",0.01,0.745098039215686
20260854,42,500,15,3000,3000,3000,3000,"fast","control_informative",0.05,5,0.01,"","mtada_aggregated","trait1","bfdr_estimate",0.01,0.009795409446374
20260854,42,500,15,3000,3000,3000,3000,"fast","control_informative",0.05,5,0.01,"","mtada_aggregated","trait1","bfdr_power",0.01,0.52
20260854,42,500,15,3000,3000,3000,3000,"fast","control_informative",0.05,5,0.01,"","mtada_aggregated","trait1","bfdr_discoveries",0.01,51
20260854,42,500,15,3000,3000,3000,3000,"fast","control_informative",0.05,5,0.01,"","mtada_aggregated","trait1","bfdr_observed_fdp",0.05,0.783333333333333
20260854,42,500,15,3000,3000,3000,3000,"fast","control_informative",0.05,5,0.01,"","mtada_aggregated","trait1","bfdr_estimate",0.05,0.0450457979727697
20260854,42,500,15,3000,3000,3000,3000,"fast","control_informative",0.05,5,0.01,"","mtada_aggregated","trait1","bfdr_power",0.05,0.52
20260854,42,500,15,3000,3000,3000,3000,"fast","control_informative",0.05,5,0.01,"","mtada_aggregated","trait1","bfdr_discoveries",0.05,60
20260854,42,500,15,3000,3000,3000,3000,"fast","control_informative",0.05,5,0.01,"","mtada_aggregated","trait1","bfdr_observed_fdp",0.1,0.803030303030303
20260854,42,500,15,3000,3000,3000,3000,"fast","control_informative",0.05,5,0.01,"","mtada_aggregated","trait1","bfdr_estimate",0.1,0.0955815694195955
20260854,42,500,15,3000,3000,3000,3000,"fast","control_informative",0.05,5,0.01,"","mtada_aggregated","trait1","bfdr_power",0.1,0.52
20260854,42,500,15,3000,3000,3000,3000,"fast","control_informative",0.05,5,0.01,"","mtada_aggregated","trait1","bfdr_discoveries",0.1,66
20260854,42,500,15,3000,3000,3000,3000,"fast","control_informative",0.05,5,0.01,"","mtada_aggregated","trait1","bfdr_observed_fdp",0.2,0.82051282051282
20260854,42,500,15,3000,3000,3000,3000,"fast","control_informative",0.05,5,0.01,"","mtada_aggregated","trait1","bfdr_estimate",0.2,0.195226199405558
20260854,42,500,15,3000,3000,3000,3000,"fast","control_informative",0.05,5,0.01,"","mtada_aggregated","trait1","bfdr_power",0.2,0.56
20260854,42,500,15,3000,3000,3000,3000,"fast","control_informative",0.05,5,0.01,"","mtada_aggregated","trait1","bfdr_discoveries",0.2,78
20260854,42,500,15,3000,3000,3000,3000,"fast","control_informative",0.05,5,0.01,"","mtada_aggregated","trait2","bfdr_observed_fdp",0.01,0.967741935483871
20260854,42,500,15,3000,3000,3000,3000,"fast","control_informative",0.05,5,0.01,"","mtada_aggregated","trait2","bfdr_estimate",0.01,0.00880143498933759
20260854,42,500,15,3000,3000,3000,3000,"fast","control_informative",0.05,5,0.01,"","mtada_aggregated","trait2","bfdr_power",0.01,0.1
20260854,42,500,15,3000,3000,3000,3000,"fast","control_informative",0.05,5,0.01,"","mtada_aggregated","trait2","bfdr_discoveries",0.01,31
20260854,42,500,15,3000,3000,3000,3000,"fast","control_informative",0.05,5,0.01,"","mtada_aggregated","trait2","bfdr_observed_fdp",0.05,0.974358974358974
20260854,42,500,15,3000,3000,3000,3000,"fast","control_informative",0.05,5,0.01,"","mtada_aggregated","trait2","bfdr_estimate",0.05,0.0427461082006407
20260854,42,500,15,3000,3000,3000,3000,"fast","control_informative",0.05,5,0.01,"","mtada_aggregated","trait2","bfdr_power",0.05,0.1
20260854,42,500,15,3000,3000,3000,3000,"fast","control_informative",0.05,5,0.01,"","mtada_aggregated","trait2","bfdr_discoveries",0.05,39
20260854,42,500,15,3000,3000,3000,3000,"fast","control_informative",0.05,5,0.01,"","mtada_aggregated","trait2","bfdr_observed_fdp",0.1,0.954545454545455
20260854,42,500,15,3000,3000,3000,3000,"fast","control_informative",0.05,5,0.01,"","mtada_aggregated","trait2","bfdr_estimate",0.1,0.092944957711214
20260854,42,500,15,3000,3000,3000,3000,"fast","control_informative",0.05,5,0.01,"","mtada_aggregated","trait2","bfdr_power",0.1,0.2
20260854,42,500,15,3000,3000,3000,3000,"fast","control_informative",0.05,5,0.01,"","mtada_aggregated","trait2","bfdr_discoveries",0.1,44
20260854,42,500,15,3000,3000,3000,3000,"fast","control_informative",0.05,5,0.01,"","mtada_aggregated","trait2","bfdr_observed_fdp",0.2,0.962264150943396
20260854,42,500,15,3000,3000,3000,3000,"fast","control_informative",0.05,5,0.01,"","mtada_aggregated","trait2","bfdr_estimate",0.2,0.197147160048817
20260854,42,500,15,3000,3000,3000,3000,"fast","control_informative",0.05,5,0.01,"","mtada_aggregated","trait2","bfdr_power",0.2,0.2
20260854,42,500,15,3000,3000,3000,3000,"fast","control_informative",0.05,5,0.01,"","mtada_aggregated","trait2","bfdr_discoveries",0.2,53
20260854,42,500,15,3000,3000,3000,3000,"fast","control_informative",0.05,5,0.01,"","mtada_aggregated","pleiotropy","bfdr_observed_fdp",0.01,1
20260854,42,500,15,3000,3000,3000,3000,"fast","control_informative",0.05,5,0.01,"","mtada_aggregated","pleiotropy","bfdr_estimate",0.01,0.00615952443328233
20260854,42,500,15,3000,3000,3000,3000,"fast","control_informative",0.05,5,0.01,"","mtada_aggregated","pleiotropy","bfdr_power",0.01,0
20260854,42,500,15,3000,3000,3000,3000,"fast","control_informative",0.05,5,0.01,"","mtada_aggregated","pleiotropy","bfdr_discoveries",0.01,2
20260854,42,500,15,3000,3000,3000,3000,"fast","control_informative",0.05,5,0.01,"","mtada_aggregated","pleiotropy","bfdr_observed_fdp",0.05,1
20260854,42,500,15,3000,3000,3000,3000,"fast","control_informative",0.05,5,0.01,"","mtada_aggregated","pleiotropy","bfdr_estimate",0.05,0.0203251706232005
20260854,42,500,15,3000,3000,3000,3000,"fast","control_informative",0.05,5,0.01,"","mtada_aggregated","pleiotropy","bfdr_power",0.05,0
20260854,42,500,15,3000,3000,3000,3000,"fast","control_informative",0.05,5,0.01,"","mtada_aggregated","pleiotropy","bfdr_discoveries",0.05,4
20260854,42,500,15,3000,3000,3000,3000,"fast","control_informative",0.05,5,0.01,"","mtada_aggregated","pleiotropy","bfdr_observed_fdp",0.1,1
20260854,42,500,15,3000,3000,3000,3000,"fast","control_informative",0.05,5,0.01,"","mtada_aggregated","pleiotropy","bfdr_estimate",0.1,0.0949700188149579
20260854,42,500,15,3000,3000,3000,3000,"fast","control_informative",0.05,5,0.01,"","mtada_aggregated","pleiotropy","bfdr_power",0.1,0
20260854,42,500,15,3000,3000,3000,3000,"fast","control_informative",0.05,5,0.01,"","mtada_aggregated","pleiotropy","bfdr_discoveries",0.1,6
20260854,42,500,15,3000,3000,3000,3000,"fast","control_informative",0.05,5,0.01,"","mtada_aggregated","pleiotropy","bfdr_observed_fdp",0.2,1
20260854,42,500,15,3000,3000,3000,3000,"fast","control_informative",0.05,5,0.01,"","mtada_aggregated","pleiotropy","bfdr_estimate",0.2,0.15331682849078
20260854,42,500,15,3000,3000,3000,3000,"fast","control_informative",0.05,5,0.01,"","mtada_aggregated","pleiotropy","bfdr_power",0.2,0
20260854,42,500,15,3000,3000,3000,3000,"fast","control_informative",0.05,5,0.01,"","mtada_aggregated","pleiotropy","bfdr_discoveries",0.2,7
20260854,42,500,15,3000,3000,3000,3000,"fast","control_informative",0.05,5,0.01,"","mtada_aggregated","global","runtime_seconds",NA,0.713000000000022
20260854,42,500,15,3000,3000,3000,3000,"fast","control_informative",0.05,5,0.01,"","mtada_aggregated","pleiotropy","pi11_estimate",NA,0.0029254
20260855,43,500,15,3000,3000,3000,3000,"fast","control_informative",0.05,5,0.01,"","mirage_joint","trait1","auc",NA,0.620715789473684
20260855,43,500,15,3000,3000,3000,3000,"fast","control_informative",0.05,5,0.01,"","mirage_joint","trait2","auc",NA,0.798367346938776
20260855,43,500,15,3000,3000,3000,3000,"fast","control_informative",0.05,5,0.01,"","mirage_joint","pleiotropy","auc",NA,0.966464646464646
20260855,43,500,15,3000,3000,3000,3000,"fast","control_informative",0.05,5,0.01,"","mirage_joint","trait1","pp08_power",0.8,0.04
20260855,43,500,15,3000,3000,3000,3000,"fast","control_informative",0.05,5,0.01,"","mirage_joint","trait1","pp08_fdp",0.8,0
20260855,43,500,15,3000,3000,3000,3000,"fast","control_informative",0.05,5,0.01,"","mirage_joint","trait1","pp08_discoveries",0.8,1
20260855,43,500,15,3000,3000,3000,3000,"fast","control_informative",0.05,5,0.01,"","mirage_joint","trait2","pp08_power",0.8,0.2
20260855,43,500,15,3000,3000,3000,3000,"fast","control_informative",0.05,5,0.01,"","mirage_joint","trait2","pp08_fdp",0.8,0
20260855,43,500,15,3000,3000,3000,3000,"fast","control_informative",0.05,5,0.01,"","mirage_joint","trait2","pp08_discoveries",0.8,2
20260855,43,500,15,3000,3000,3000,3000,"fast","control_informative",0.05,5,0.01,"","mirage_joint","pleiotropy","pp08_power",0.8,0
20260855,43,500,15,3000,3000,3000,3000,"fast","control_informative",0.05,5,0.01,"","mirage_joint","pleiotropy","pp08_fdp",0.8,0
20260855,43,500,15,3000,3000,3000,3000,"fast","control_informative",0.05,5,0.01,"","mirage_joint","pleiotropy","pp08_discoveries",0.8,0
20260855,43,500,15,3000,3000,3000,3000,"fast","control_informative",0.05,5,0.01,"","mirage_joint","trait1","bfdr_observed_fdp",0.01,0
20260855,43,500,15,3000,3000,3000,3000,"fast","control_informative",0.05,5,0.01,"","mirage_joint","trait1","bfdr_estimate",0.01,3.22437342161752e-05
20260855,43,500,15,3000,3000,3000,3000,"fast","control_informative",0.05,5,0.01,"","mirage_joint","trait1","bfdr_power",0.01,0.04
20260855,43,500,15,3000,3000,3000,3000,"fast","control_informative",0.05,5,0.01,"","mirage_joint","trait1","bfdr_discoveries",0.01,1
20260855,43,500,15,3000,3000,3000,3000,"fast","control_informative",0.05,5,0.01,"","mirage_joint","trait1","bfdr_observed_fdp",0.05,0
20260855,43,500,15,3000,3000,3000,3000,"fast","control_informative",0.05,5,0.01,"","mirage_joint","trait1","bfdr_estimate",0.05,3.22437342161752e-05
20260855,43,500,15,3000,3000,3000,3000,"fast","control_informative",0.05,5,0.01,"","mirage_joint","trait1","bfdr_power",0.05,0.04
20260855,43,500,15,3000,3000,3000,3000,"fast","control_informative",0.05,5,0.01,"","mirage_joint","trait1","bfdr_discoveries",0.05,1
20260855,43,500,15,3000,3000,3000,3000,"fast","control_informative",0.05,5,0.01,"","mirage_joint","trait1","bfdr_observed_fdp",0.1,0
20260855,43,500,15,3000,3000,3000,3000,"fast","control_informative",0.05,5,0.01,"","mirage_joint","trait1","bfdr_estimate",0.1,3.22437342161752e-05
20260855,43,500,15,3000,3000,3000,3000,"fast","control_informative",0.05,5,0.01,"","mirage_joint","trait1","bfdr_power",0.1,0.04
20260855,43,500,15,3000,3000,3000,3000,"fast","control_informative",0.05,5,0.01,"","mirage_joint","trait1","bfdr_discoveries",0.1,1
20260855,43,500,15,3000,3000,3000,3000,"fast","control_informative",0.05,5,0.01,"","mirage_joint","trait1","bfdr_observed_fdp",0.2,0
20260855,43,500,15,3000,3000,3000,3000,"fast","control_informative",0.05,5,0.01,"","mirage_joint","trait1","bfdr_estimate",0.2,3.22437342161752e-05
20260855,43,500,15,3000,3000,3000,3000,"fast","control_informative",0.05,5,0.01,"","mirage_joint","trait1","bfdr_power",0.2,0.04
20260855,43,500,15,3000,3000,3000,3000,"fast","control_informative",0.05,5,0.01,"","mirage_joint","trait1","bfdr_discoveries",0.2,1
20260855,43,500,15,3000,3000,3000,3000,"fast","control_informative",0.05,5,0.01,"","mirage_joint","trait2","bfdr_observed_fdp",0.01,0
20260855,43,500,15,3000,3000,3000,3000,"fast","control_informative",0.05,5,0.01,"","mirage_joint","trait2","bfdr_estimate",0.01,2.51355714020463e-10
20260855,43,500,15,3000,3000,3000,3000,"fast","control_informative",0.05,5,0.01,"","mirage_joint","trait2","bfdr_power",0.01,0.1
20260855,43,500,15,3000,3000,3000,3000,"fast","control_informative",0.05,5,0.01,"","mirage_joint","trait2","bfdr_discoveries",0.01,1
20260855,43,500,15,3000,3000,3000,3000,"fast","control_informative",0.05,5,0.01,"","mirage_joint","trait2","bfdr_observed_fdp",0.05,0
20260855,43,500,15,3000,3000,3000,3000,"fast","control_informative",0.05,5,0.01,"","mirage_joint","trait2","bfdr_estimate",0.05,0.0398480909481481
20260855,43,500,15,3000,3000,3000,3000,"fast","control_informative",0.05,5,0.01,"","mirage_joint","trait2","bfdr_power",0.05,0.2
20260855,43,500,15,3000,3000,3000,3000,"fast","control_informative",0.05,5,0.01,"","mirage_joint","trait2","bfdr_discoveries",0.05,2
20260855,43,500,15,3000,3000,3000,3000,"fast","control_informative",0.05,5,0.01,"","mirage_joint","trait2","bfdr_observed_fdp",0.1,0
20260855,43,500,15,3000,3000,3000,3000,"fast","control_informative",0.05,5,0.01,"","mirage_joint","trait2","bfdr_estimate",0.1,0.0398480909481481
20260855,43,500,15,3000,3000,3000,3000,"fast","control_informative",0.05,5,0.01,"","mirage_joint","trait2","bfdr_power",0.1,0.2
20260855,43,500,15,3000,3000,3000,3000,"fast","control_informative",0.05,5,0.01,"","mirage_joint","trait2","bfdr_discoveries",0.1,2
20260855,43,500,15,3000,3000,3000,3000,"fast","control_informative",0.05,5,0.01,"","mirage_joint","trait2","bfdr_observed_fdp",0.2,0
20260855,43,500,15,3000,3000,3000,3000,"fast","control_informative",0.05,5,0.01,"","mirage_joint","trait2","bfdr_estimate",0.2,0.13461366384219
20260855,43,500,15,3000,3000,3000,3000,"fast","control_informative",0.05,5,0.01,"","mirage_joint","trait2","bfdr_power",0.2,0.3
20260855,43,500,15,3000,3000,3000,3000,"fast","control_informative",0.05,5,0.01,"","mirage_joint","trait2","bfdr_discoveries",0.2,3
20260855,43,500,15,3000,3000,3000,3000,"fast","control_informative",0.05,5,0.01,"","mirage_joint","pleiotropy","bfdr_observed_fdp",0.01,0
20260855,43,500,15,3000,3000,3000,3000,"fast","control_informative",0.05,5,0.01,"","mirage_joint","pleiotropy","bfdr_estimate",0.01,0
20260855,43,500,15,3000,3000,3000,3000,"fast","control_informative",0.05,5,0.01,"","mirage_joint","pleiotropy","bfdr_power",0.01,0
20260855,43,500,15,3000,3000,3000,3000,"fast","control_informative",0.05,5,0.01,"","mirage_joint","pleiotropy","bfdr_discoveries",0.01,0
20260855,43,500,15,3000,3000,3000,3000,"fast","control_informative",0.05,5,0.01,"","mirage_joint","pleiotropy","bfdr_observed_fdp",0.05,0
20260855,43,500,15,3000,3000,3000,3000,"fast","control_informative",0.05,5,0.01,"","mirage_joint","pleiotropy","bfdr_estimate",0.05,0
20260855,43,500,15,3000,3000,3000,3000,"fast","control_informative",0.05,5,0.01,"","mirage_joint","pleiotropy","bfdr_power",0.05,0
20260855,43,500,15,3000,3000,3000,3000,"fast","control_informative",0.05,5,0.01,"","mirage_joint","pleiotropy","bfdr_discoveries",0.05,0
20260855,43,500,15,3000,3000,3000,3000,"fast","control_informative",0.05,5,0.01,"","mirage_joint","pleiotropy","bfdr_observed_fdp",0.1,0
20260855,43,500,15,3000,3000,3000,3000,"fast","control_informative",0.05,5,0.01,"","mirage_joint","pleiotropy","bfdr_estimate",0.1,0
20260855,43,500,15,3000,3000,3000,3000,"fast","control_informative",0.05,5,0.01,"","mirage_joint","pleiotropy","bfdr_power",0.1,0
20260855,43,500,15,3000,3000,3000,3000,"fast","control_informative",0.05,5,0.01,"","mirage_joint","pleiotropy","bfdr_discoveries",0.1,0
20260855,43,500,15,3000,3000,3000,3000,"fast","control_informative",0.05,5,0.01,"","mirage_joint","pleiotropy","bfdr_observed_fdp",0.2,0
20260855,43,500,15,3000,3000,3000,3000,"fast","control_informative",0.05,5,0.01,"","mirage_joint","pleiotropy","bfdr_estimate",0.2,0
20260855,43,500,15,3000,3000,3000,3000,"fast","control_informative",0.05,5,0.01,"","mirage_joint","pleiotropy","bfdr_power",0.2,0
20260855,43,500,15,3000,3000,3000,3000,"fast","control_informative",0.05,5,0.01,"","mirage_joint","pleiotropy","bfdr_discoveries",0.2,0
20260855,43,500,15,3000,3000,3000,3000,"fast","control_informative",0.05,5,0.01,"","mirage_joint","global","runtime_seconds",NA,18.611
20260855,43,500,15,3000,3000,3000,3000,"fast","control_informative",0.05,5,0.01,"","mirage_joint","pleiotropy","pi11_estimate",NA,8.70648088768459e-12
20260855,43,500,15,3000,3000,3000,3000,"fast","control_informative",0.05,5,0.01,"","separate_mirage","trait1","auc",NA,0.645305263157895
20260855,43,500,15,3000,3000,3000,3000,"fast","control_informative",0.05,5,0.01,"","separate_mirage","trait2","auc",NA,0.803061224489796
20260855,43,500,15,3000,3000,3000,3000,"fast","control_informative",0.05,5,0.01,"","separate_mirage","pleiotropy","auc",NA,0.966464646464646
20260855,43,500,15,3000,3000,3000,3000,"fast","control_informative",0.05,5,0.01,"","separate_mirage","trait1","pp08_power",0.8,0.04
20260855,43,500,15,3000,3000,3000,3000,"fast","control_informative",0.05,5,0.01,"","separate_mirage","trait1","pp08_fdp",0.8,0
20260855,43,500,15,3000,3000,3000,3000,"fast","control_informative",0.05,5,0.01,"","separate_mirage","trait1","pp08_discoveries",0.8,1
20260855,43,500,15,3000,3000,3000,3000,"fast","control_informative",0.05,5,0.01,"","separate_mirage","trait2","pp08_power",0.8,0.2
20260855,43,500,15,3000,3000,3000,3000,"fast","control_informative",0.05,5,0.01,"","separate_mirage","trait2","pp08_fdp",0.8,0
20260855,43,500,15,3000,3000,3000,3000,"fast","control_informative",0.05,5,0.01,"","separate_mirage","trait2","pp08_discoveries",0.8,2
20260855,43,500,15,3000,3000,3000,3000,"fast","control_informative",0.05,5,0.01,"","separate_mirage","pleiotropy","pp08_power",0.8,0
20260855,43,500,15,3000,3000,3000,3000,"fast","control_informative",0.05,5,0.01,"","separate_mirage","pleiotropy","pp08_fdp",0.8,0
20260855,43,500,15,3000,3000,3000,3000,"fast","control_informative",0.05,5,0.01,"","separate_mirage","pleiotropy","pp08_discoveries",0.8,0
20260855,43,500,15,3000,3000,3000,3000,"fast","control_informative",0.05,5,0.01,"","separate_mirage","trait1","bfdr_observed_fdp",0.01,0
20260855,43,500,15,3000,3000,3000,3000,"fast","control_informative",0.05,5,0.01,"","separate_mirage","trait1","bfdr_estimate",0.01,4.23362032019314e-05
20260855,43,500,15,3000,3000,3000,3000,"fast","control_informative",0.05,5,0.01,"","separate_mirage","trait1","bfdr_power",0.01,0.04
20260855,43,500,15,3000,3000,3000,3000,"fast","control_informative",0.05,5,0.01,"","separate_mirage","trait1","bfdr_discoveries",0.01,1
20260855,43,500,15,3000,3000,3000,3000,"fast","control_informative",0.05,5,0.01,"","separate_mirage","trait1","bfdr_observed_fdp",0.05,0
20260855,43,500,15,3000,3000,3000,3000,"fast","control_informative",0.05,5,0.01,"","separate_mirage","trait1","bfdr_estimate",0.05,4.23362032019314e-05
20260855,43,500,15,3000,3000,3000,3000,"fast","control_informative",0.05,5,0.01,"","separate_mirage","trait1","bfdr_power",0.05,0.04
20260855,43,500,15,3000,3000,3000,3000,"fast","control_informative",0.05,5,0.01,"","separate_mirage","trait1","bfdr_discoveries",0.05,1
20260855,43,500,15,3000,3000,3000,3000,"fast","control_informative",0.05,5,0.01,"","separate_mirage","trait1","bfdr_observed_fdp",0.1,0
20260855,43,500,15,3000,3000,3000,3000,"fast","control_informative",0.05,5,0.01,"","separate_mirage","trait1","bfdr_estimate",0.1,4.23362032019314e-05
20260855,43,500,15,3000,3000,3000,3000,"fast","control_informative",0.05,5,0.01,"","separate_mirage","trait1","bfdr_power",0.1,0.04
20260855,43,500,15,3000,3000,3000,3000,"fast","control_informative",0.05,5,0.01,"","separate_mirage","trait1","bfdr_discoveries",0.1,1
20260855,43,500,15,3000,3000,3000,3000,"fast","control_informative",0.05,5,0.01,"","separate_mirage","trait1","bfdr_observed_fdp",0.2,0
20260855,43,500,15,3000,3000,3000,3000,"fast","control_informative",0.05,5,0.01,"","separate_mirage","trait1","bfdr_estimate",0.2,4.23362032019314e-05
20260855,43,500,15,3000,3000,3000,3000,"fast","control_informative",0.05,5,0.01,"","separate_mirage","trait1","bfdr_power",0.2,0.04
20260855,43,500,15,3000,3000,3000,3000,"fast","control_informative",0.05,5,0.01,"","separate_mirage","trait1","bfdr_discoveries",0.2,1
20260855,43,500,15,3000,3000,3000,3000,"fast","control_informative",0.05,5,0.01,"","separate_mirage","trait2","bfdr_observed_fdp",0.01,0
20260855,43,500,15,3000,3000,3000,3000,"fast","control_informative",0.05,5,0.01,"","separate_mirage","trait2","bfdr_estimate",0.01,3.21289994609231e-10
20260855,43,500,15,3000,3000,3000,3000,"fast","control_informative",0.05,5,0.01,"","separate_mirage","trait2","bfdr_power",0.01,0.1
20260855,43,500,15,3000,3000,3000,3000,"fast","control_informative",0.05,5,0.01,"","separate_mirage","trait2","bfdr_discoveries",0.01,1
20260855,43,500,15,3000,3000,3000,3000,"fast","control_informative",0.05,5,0.01,"","separate_mirage","trait2","bfdr_observed_fdp",0.05,0
20260855,43,500,15,3000,3000,3000,3000,"fast","control_informative",0.05,5,0.01,"","separate_mirage","trait2","bfdr_estimate",0.05,3.21289994609231e-10
20260855,43,500,15,3000,3000,3000,3000,"fast","control_informative",0.05,5,0.01,"","separate_mirage","trait2","bfdr_power",0.05,0.1
20260855,43,500,15,3000,3000,3000,3000,"fast","control_informative",0.05,5,0.01,"","separate_mirage","trait2","bfdr_discoveries",0.05,1
20260855,43,500,15,3000,3000,3000,3000,"fast","control_informative",0.05,5,0.01,"","separate_mirage","trait2","bfdr_observed_fdp",0.1,0
20260855,43,500,15,3000,3000,3000,3000,"fast","control_informative",0.05,5,0.01,"","separate_mirage","trait2","bfdr_estimate",0.1,0.0560913132622236
20260855,43,500,15,3000,3000,3000,3000,"fast","control_informative",0.05,5,0.01,"","separate_mirage","trait2","bfdr_power",0.1,0.2
20260855,43,500,15,3000,3000,3000,3000,"fast","control_informative",0.05,5,0.01,"","separate_mirage","trait2","bfdr_discoveries",0.1,2
20260855,43,500,15,3000,3000,3000,3000,"fast","control_informative",0.05,5,0.01,"","separate_mirage","trait2","bfdr_observed_fdp",0.2,0
20260855,43,500,15,3000,3000,3000,3000,"fast","control_informative",0.05,5,0.01,"","separate_mirage","trait2","bfdr_estimate",0.2,0.149109056885356
20260855,43,500,15,3000,3000,3000,3000,"fast","control_informative",0.05,5,0.01,"","separate_mirage","trait2","bfdr_power",0.2,0.3
20260855,43,500,15,3000,3000,3000,3000,"fast","control_informative",0.05,5,0.01,"","separate_mirage","trait2","bfdr_discoveries",0.2,3
20260855,43,500,15,3000,3000,3000,3000,"fast","control_informative",0.05,5,0.01,"","separate_mirage","pleiotropy","bfdr_observed_fdp",0.01,0
20260855,43,500,15,3000,3000,3000,3000,"fast","control_informative",0.05,5,0.01,"","separate_mirage","pleiotropy","bfdr_estimate",0.01,0
20260855,43,500,15,3000,3000,3000,3000,"fast","control_informative",0.05,5,0.01,"","separate_mirage","pleiotropy","bfdr_power",0.01,0
20260855,43,500,15,3000,3000,3000,3000,"fast","control_informative",0.05,5,0.01,"","separate_mirage","pleiotropy","bfdr_discoveries",0.01,0
20260855,43,500,15,3000,3000,3000,3000,"fast","control_informative",0.05,5,0.01,"","separate_mirage","pleiotropy","bfdr_observed_fdp",0.05,0
20260855,43,500,15,3000,3000,3000,3000,"fast","control_informative",0.05,5,0.01,"","separate_mirage","pleiotropy","bfdr_estimate",0.05,0
20260855,43,500,15,3000,3000,3000,3000,"fast","control_informative",0.05,5,0.01,"","separate_mirage","pleiotropy","bfdr_power",0.05,0
20260855,43,500,15,3000,3000,3000,3000,"fast","control_informative",0.05,5,0.01,"","separate_mirage","pleiotropy","bfdr_discoveries",0.05,0
20260855,43,500,15,3000,3000,3000,3000,"fast","control_informative",0.05,5,0.01,"","separate_mirage","pleiotropy","bfdr_observed_fdp",0.1,0
20260855,43,500,15,3000,3000,3000,3000,"fast","control_informative",0.05,5,0.01,"","separate_mirage","pleiotropy","bfdr_estimate",0.1,0
20260855,43,500,15,3000,3000,3000,3000,"fast","control_informative",0.05,5,0.01,"","separate_mirage","pleiotropy","bfdr_power",0.1,0
20260855,43,500,15,3000,3000,3000,3000,"fast","control_informative",0.05,5,0.01,"","separate_mirage","pleiotropy","bfdr_discoveries",0.1,0
20260855,43,500,15,3000,3000,3000,3000,"fast","control_informative",0.05,5,0.01,"","separate_mirage","pleiotropy","bfdr_observed_fdp",0.2,0
20260855,43,500,15,3000,3000,3000,3000,"fast","control_informative",0.05,5,0.01,"","separate_mirage","pleiotropy","bfdr_estimate",0.2,0
20260855,43,500,15,3000,3000,3000,3000,"fast","control_informative",0.05,5,0.01,"","separate_mirage","pleiotropy","bfdr_power",0.2,0
20260855,43,500,15,3000,3000,3000,3000,"fast","control_informative",0.05,5,0.01,"","separate_mirage","pleiotropy","bfdr_discoveries",0.2,0
20260855,43,500,15,3000,3000,3000,3000,"fast","control_informative",0.05,5,0.01,"","separate_mirage","global","runtime_seconds",NA,18.201
20260855,43,500,15,3000,3000,3000,3000,"fast","control_informative",0.05,5,0.01,"","separate_mirage","pleiotropy","pi11_estimate",NA,0.001
20260855,43,500,15,3000,3000,3000,3000,"fast","control_informative",0.05,5,0.01,"","mtada_aggregated","trait1","auc",NA,0.68741052631579
20260855,43,500,15,3000,3000,3000,3000,"fast","control_informative",0.05,5,0.01,"","mtada_aggregated","trait2","auc",NA,0.746632653061225
20260855,43,500,15,3000,3000,3000,3000,"fast","control_informative",0.05,5,0.01,"","mtada_aggregated","pleiotropy","auc",NA,0.878787878787879
20260855,43,500,15,3000,3000,3000,3000,"fast","control_informative",0.05,5,0.01,"","mtada_aggregated","trait1","pp08_power",0.8,0.28
20260855,43,500,15,3000,3000,3000,3000,"fast","control_informative",0.05,5,0.01,"","mtada_aggregated","trait1","pp08_fdp",0.8,0.851063829787234
20260855,43,500,15,3000,3000,3000,3000,"fast","control_informative",0.05,5,0.01,"","mtada_aggregated","trait1","pp08_discoveries",0.8,47
20260855,43,500,15,3000,3000,3000,3000,"fast","control_informative",0.05,5,0.01,"","mtada_aggregated","trait2","pp08_power",0.8,0.3
20260855,43,500,15,3000,3000,3000,3000,"fast","control_informative",0.05,5,0.01,"","mtada_aggregated","trait2","pp08_fdp",0.8,0.928571428571429
20260855,43,500,15,3000,3000,3000,3000,"fast","control_informative",0.05,5,0.01,"","mtada_aggregated","trait2","pp08_discoveries",0.8,42
20260855,43,500,15,3000,3000,3000,3000,"fast","control_informative",0.05,5,0.01,"","mtada_aggregated","pleiotropy","pp08_power",0.8,0
20260855,43,500,15,3000,3000,3000,3000,"fast","control_informative",0.05,5,0.01,"","mtada_aggregated","pleiotropy","pp08_fdp",0.8,1
20260855,43,500,15,3000,3000,3000,3000,"fast","control_informative",0.05,5,0.01,"","mtada_aggregated","pleiotropy","pp08_discoveries",0.8,3
20260855,43,500,15,3000,3000,3000,3000,"fast","control_informative",0.05,5,0.01,"","mtada_aggregated","trait1","bfdr_observed_fdp",0.01,0.829268292682927
20260855,43,500,15,3000,3000,3000,3000,"fast","control_informative",0.05,5,0.01,"","mtada_aggregated","trait1","bfdr_estimate",0.01,0.00984147768391998
20260855,43,500,15,3000,3000,3000,3000,"fast","control_informative",0.05,5,0.01,"","mtada_aggregated","trait1","bfdr_power",0.01,0.28
20260855,43,500,15,3000,3000,3000,3000,"fast","control_informative",0.05,5,0.01,"","mtada_aggregated","trait1","bfdr_discoveries",0.01,41
20260855,43,500,15,3000,3000,3000,3000,"fast","control_informative",0.05,5,0.01,"","mtada_aggregated","trait1","bfdr_observed_fdp",0.05,0.846153846153846
20260855,43,500,15,3000,3000,3000,3000,"fast","control_informative",0.05,5,0.01,"","mtada_aggregated","trait1","bfdr_estimate",0.05,0.046180892847529
20260855,43,500,15,3000,3000,3000,3000,"fast","control_informative",0.05,5,0.01,"","mtada_aggregated","trait1","bfdr_power",0.05,0.32
20260855,43,500,15,3000,3000,3000,3000,"fast","control_informative",0.05,5,0.01,"","mtada_aggregated","trait1","bfdr_discoveries",0.05,52
20260855,43,500,15,3000,3000,3000,3000,"fast","control_informative",0.05,5,0.01,"","mtada_aggregated","trait1","bfdr_observed_fdp",0.1,0.85
20260855,43,500,15,3000,3000,3000,3000,"fast","control_informative",0.05,5,0.01,"","mtada_aggregated","trait1","bfdr_estimate",0.1,0.0936370600279374
20260855,43,500,15,3000,3000,3000,3000,"fast","control_informative",0.05,5,0.01,"","mtada_aggregated","trait1","bfdr_power",0.1,0.36
20260855,43,500,15,3000,3000,3000,3000,"fast","control_informative",0.05,5,0.01,"","mtada_aggregated","trait1","bfdr_discoveries",0.1,60
20260855,43,500,15,3000,3000,3000,3000,"fast","control_informative",0.05,5,0.01,"","mtada_aggregated","trait1","bfdr_observed_fdp",0.2,0.863013698630137
20260855,43,500,15,3000,3000,3000,3000,"fast","control_informative",0.05,5,0.01,"","mtada_aggregated","trait1","bfdr_estimate",0.2,0.19443870778186
20260855,43,500,15,3000,3000,3000,3000,"fast","control_informative",0.05,5,0.01,"","mtada_aggregated","trait1","bfdr_power",0.2,0.4
20260855,43,500,15,3000,3000,3000,3000,"fast","control_informative",0.05,5,0.01,"","mtada_aggregated","trait1","bfdr_discoveries",0.2,73
20260855,43,500,15,3000,3000,3000,3000,"fast","control_informative",0.05,5,0.01,"","mtada_aggregated","trait2","bfdr_observed_fdp",0.01,0.926829268292683
20260855,43,500,15,3000,3000,3000,3000,"fast","control_informative",0.05,5,0.01,"","mtada_aggregated","trait2","bfdr_estimate",0.01,0.00996230604128884
20260855,43,500,15,3000,3000,3000,3000,"fast","control_informative",0.05,5,0.01,"","mtada_aggregated","trait2","bfdr_power",0.01,0.3
20260855,43,500,15,3000,3000,3000,3000,"fast","control_informative",0.05,5,0.01,"","mtada_aggregated","trait2","bfdr_discoveries",0.01,41
20260855,43,500,15,3000,3000,3000,3000,"fast","control_informative",0.05,5,0.01,"","mtada_aggregated","trait2","bfdr_observed_fdp",0.05,0.936170212765957
20260855,43,500,15,3000,3000,3000,3000,"fast","control_informative",0.05,5,0.01,"","mtada_aggregated","trait2","bfdr_estimate",0.05,0.0492440064171489
20260855,43,500,15,3000,3000,3000,3000,"fast","control_informative",0.05,5,0.01,"","mtada_aggregated","trait2","bfdr_power",0.05,0.3
20260855,43,500,15,3000,3000,3000,3000,"fast","control_informative",0.05,5,0.01,"","mtada_aggregated","trait2","bfdr_discoveries",0.05,47
20260855,43,500,15,3000,3000,3000,3000,"fast","control_informative",0.05,5,0.01,"","mtada_aggregated","trait2","bfdr_observed_fdp",0.1,0.923076923076923
20260855,43,500,15,3000,3000,3000,3000,"fast","control_informative",0.05,5,0.01,"","mtada_aggregated","trait2","bfdr_estimate",0.1,0.0922734473999445
20260855,43,500,15,3000,3000,3000,3000,"fast","control_informative",0.05,5,0.01,"","mtada_aggregated","trait2","bfdr_power",0.1,0.4
20260855,43,500,15,3000,3000,3000,3000,"fast","control_informative",0.05,5,0.01,"","mtada_aggregated","trait2","bfdr_discoveries",0.1,52
20260855,43,500,15,3000,3000,3000,3000,"fast","control_informative",0.05,5,0.01,"","mtada_aggregated","trait2","bfdr_observed_fdp",0.2,0.920634920634921
20260855,43,500,15,3000,3000,3000,3000,"fast","control_informative",0.05,5,0.01,"","mtada_aggregated","trait2","bfdr_estimate",0.2,0.19771439608133
20260855,43,500,15,3000,3000,3000,3000,"fast","control_informative",0.05,5,0.01,"","mtada_aggregated","trait2","bfdr_power",0.2,0.5
20260855,43,500,15,3000,3000,3000,3000,"fast","control_informative",0.05,5,0.01,"","mtada_aggregated","trait2","bfdr_discoveries",0.2,63
20260855,43,500,15,3000,3000,3000,3000,"fast","control_informative",0.05,5,0.01,"","mtada_aggregated","pleiotropy","bfdr_observed_fdp",0.01,1
20260855,43,500,15,3000,3000,3000,3000,"fast","control_informative",0.05,5,0.01,"","mtada_aggregated","pleiotropy","bfdr_estimate",0.01,0.000468883536727749
20260855,43,500,15,3000,3000,3000,3000,"fast","control_informative",0.05,5,0.01,"","mtada_aggregated","pleiotropy","bfdr_power",0.01,0
20260855,43,500,15,3000,3000,3000,3000,"fast","control_informative",0.05,5,0.01,"","mtada_aggregated","pleiotropy","bfdr_discoveries",0.01,2
20260855,43,500,15,3000,3000,3000,3000,"fast","control_informative",0.05,5,0.01,"","mtada_aggregated","pleiotropy","bfdr_observed_fdp",0.05,1
20260855,43,500,15,3000,3000,3000,3000,"fast","control_informative",0.05,5,0.01,"","mtada_aggregated","pleiotropy","bfdr_estimate",0.05,0.000468883536727749
20260855,43,500,15,3000,3000,3000,3000,"fast","control_informative",0.05,5,0.01,"","mtada_aggregated","pleiotropy","bfdr_power",0.05,0
20260855,43,500,15,3000,3000,3000,3000,"fast","control_informative",0.05,5,0.01,"","mtada_aggregated","pleiotropy","bfdr_discoveries",0.05,2
20260855,43,500,15,3000,3000,3000,3000,"fast","control_informative",0.05,5,0.01,"","mtada_aggregated","pleiotropy","bfdr_observed_fdp",0.1,1
20260855,43,500,15,3000,3000,3000,3000,"fast","control_informative",0.05,5,0.01,"","mtada_aggregated","pleiotropy","bfdr_estimate",0.1,0.0654084334993203
20260855,43,500,15,3000,3000,3000,3000,"fast","control_informative",0.05,5,0.01,"","mtada_aggregated","pleiotropy","bfdr_power",0.1,0
20260855,43,500,15,3000,3000,3000,3000,"fast","control_informative",0.05,5,0.01,"","mtada_aggregated","pleiotropy","bfdr_discoveries",0.1,3
20260855,43,500,15,3000,3000,3000,3000,"fast","control_informative",0.05,5,0.01,"","mtada_aggregated","pleiotropy","bfdr_observed_fdp",0.2,1
20260855,43,500,15,3000,3000,3000,3000,"fast","control_informative",0.05,5,0.01,"","mtada_aggregated","pleiotropy","bfdr_estimate",0.2,0.0654084334993203
20260855,43,500,15,3000,3000,3000,3000,"fast","control_informative",0.05,5,0.01,"","mtada_aggregated","pleiotropy","bfdr_power",0.2,0
20260855,43,500,15,3000,3000,3000,3000,"fast","control_informative",0.05,5,0.01,"","mtada_aggregated","pleiotropy","bfdr_discoveries",0.2,3
20260855,43,500,15,3000,3000,3000,3000,"fast","control_informative",0.05,5,0.01,"","mtada_aggregated","global","runtime_seconds",NA,0.75
20260855,43,500,15,3000,3000,3000,3000,"fast","control_informative",0.05,5,0.01,"","mtada_aggregated","pleiotropy","pi11_estimate",NA,0.00111828
20260856,44,500,15,3000,3000,3000,3000,"fast","control_informative",0.05,5,0.01,"","mirage_joint","trait1","auc",NA,0.826863157894737
20260856,44,500,15,3000,3000,3000,3000,"fast","control_informative",0.05,5,0.01,"","mirage_joint","trait2","auc",NA,0.651020408163265
20260856,44,500,15,3000,3000,3000,3000,"fast","control_informative",0.05,5,0.01,"","mirage_joint","pleiotropy","auc",NA,0.787474747474747
20260856,44,500,15,3000,3000,3000,3000,"fast","control_informative",0.05,5,0.01,"","mirage_joint","trait1","pp08_power",0.8,0.16
20260856,44,500,15,3000,3000,3000,3000,"fast","control_informative",0.05,5,0.01,"","mirage_joint","trait1","pp08_fdp",0.8,0
20260856,44,500,15,3000,3000,3000,3000,"fast","control_informative",0.05,5,0.01,"","mirage_joint","trait1","pp08_discoveries",0.8,4
20260856,44,500,15,3000,3000,3000,3000,"fast","control_informative",0.05,5,0.01,"","mirage_joint","trait2","pp08_power",0.8,0.1
20260856,44,500,15,3000,3000,3000,3000,"fast","control_informative",0.05,5,0.01,"","mirage_joint","trait2","pp08_fdp",0.8,0
20260856,44,500,15,3000,3000,3000,3000,"fast","control_informative",0.05,5,0.01,"","mirage_joint","trait2","pp08_discoveries",0.8,1
20260856,44,500,15,3000,3000,3000,3000,"fast","control_informative",0.05,5,0.01,"","mirage_joint","pleiotropy","pp08_power",0.8,0.2
20260856,44,500,15,3000,3000,3000,3000,"fast","control_informative",0.05,5,0.01,"","mirage_joint","pleiotropy","pp08_fdp",0.8,0
20260856,44,500,15,3000,3000,3000,3000,"fast","control_informative",0.05,5,0.01,"","mirage_joint","pleiotropy","pp08_discoveries",0.8,1
20260856,44,500,15,3000,3000,3000,3000,"fast","control_informative",0.05,5,0.01,"","mirage_joint","trait1","bfdr_observed_fdp",0.01,0
20260856,44,500,15,3000,3000,3000,3000,"fast","control_informative",0.05,5,0.01,"","mirage_joint","trait1","bfdr_estimate",0.01,0.00724520669988413
20260856,44,500,15,3000,3000,3000,3000,"fast","control_informative",0.05,5,0.01,"","mirage_joint","trait1","bfdr_power",0.01,0.16
20260856,44,500,15,3000,3000,3000,3000,"fast","control_informative",0.05,5,0.01,"","mirage_joint","trait1","bfdr_discoveries",0.01,4
20260856,44,500,15,3000,3000,3000,3000,"fast","control_informative",0.05,5,0.01,"","mirage_joint","trait1","bfdr_observed_fdp",0.05,0
20260856,44,500,15,3000,3000,3000,3000,"fast","control_informative",0.05,5,0.01,"","mirage_joint","trait1","bfdr_estimate",0.05,0.00724520669988413
20260856,44,500,15,3000,3000,3000,3000,"fast","control_informative",0.05,5,0.01,"","mirage_joint","trait1","bfdr_power",0.05,0.16
20260856,44,500,15,3000,3000,3000,3000,"fast","control_informative",0.05,5,0.01,"","mirage_joint","trait1","bfdr_discoveries",0.05,4
20260856,44,500,15,3000,3000,3000,3000,"fast","control_informative",0.05,5,0.01,"","mirage_joint","trait1","bfdr_observed_fdp",0.1,0.2
20260856,44,500,15,3000,3000,3000,3000,"fast","control_informative",0.05,5,0.01,"","mirage_joint","trait1","bfdr_estimate",0.1,0.0878314017636973
20260856,44,500,15,3000,3000,3000,3000,"fast","control_informative",0.05,5,0.01,"","mirage_joint","trait1","bfdr_power",0.1,0.16
20260856,44,500,15,3000,3000,3000,3000,"fast","control_informative",0.05,5,0.01,"","mirage_joint","trait1","bfdr_discoveries",0.1,5
20260856,44,500,15,3000,3000,3000,3000,"fast","control_informative",0.05,5,0.01,"","mirage_joint","trait1","bfdr_observed_fdp",0.2,0.285714285714286
20260856,44,500,15,3000,3000,3000,3000,"fast","control_informative",0.05,5,0.01,"","mirage_joint","trait1","bfdr_estimate",0.2,0.187491164023035
20260856,44,500,15,3000,3000,3000,3000,"fast","control_informative",0.05,5,0.01,"","mirage_joint","trait1","bfdr_power",0.2,0.2
20260856,44,500,15,3000,3000,3000,3000,"fast","control_informative",0.05,5,0.01,"","mirage_joint","trait1","bfdr_discoveries",0.2,7
20260856,44,500,15,3000,3000,3000,3000,"fast","control_informative",0.05,5,0.01,"","mirage_joint","trait2","bfdr_observed_fdp",0.01,0
20260856,44,500,15,3000,3000,3000,3000,"fast","control_informative",0.05,5,0.01,"","mirage_joint","trait2","bfdr_estimate",0.01,0
20260856,44,500,15,3000,3000,3000,3000,"fast","control_informative",0.05,5,0.01,"","mirage_joint","trait2","bfdr_power",0.01,0
20260856,44,500,15,3000,3000,3000,3000,"fast","control_informative",0.05,5,0.01,"","mirage_joint","trait2","bfdr_discoveries",0.01,0
20260856,44,500,15,3000,3000,3000,3000,"fast","control_informative",0.05,5,0.01,"","mirage_joint","trait2","bfdr_observed_fdp",0.05,0
20260856,44,500,15,3000,3000,3000,3000,"fast","control_informative",0.05,5,0.01,"","mirage_joint","trait2","bfdr_estimate",0.05,0
20260856,44,500,15,3000,3000,3000,3000,"fast","control_informative",0.05,5,0.01,"","mirage_joint","trait2","bfdr_power",0.05,0
20260856,44,500,15,3000,3000,3000,3000,"fast","control_informative",0.05,5,0.01,"","mirage_joint","trait2","bfdr_discoveries",0.05,0
20260856,44,500,15,3000,3000,3000,3000,"fast","control_informative",0.05,5,0.01,"","mirage_joint","trait2","bfdr_observed_fdp",0.1,0
20260856,44,500,15,3000,3000,3000,3000,"fast","control_informative",0.05,5,0.01,"","mirage_joint","trait2","bfdr_estimate",0.1,0
20260856,44,500,15,3000,3000,3000,3000,"fast","control_informative",0.05,5,0.01,"","mirage_joint","trait2","bfdr_power",0.1,0
20260856,44,500,15,3000,3000,3000,3000,"fast","control_informative",0.05,5,0.01,"","mirage_joint","trait2","bfdr_discoveries",0.1,0
20260856,44,500,15,3000,3000,3000,3000,"fast","control_informative",0.05,5,0.01,"","mirage_joint","trait2","bfdr_observed_fdp",0.2,0
20260856,44,500,15,3000,3000,3000,3000,"fast","control_informative",0.05,5,0.01,"","mirage_joint","trait2","bfdr_estimate",0.2,0.110950372747429
20260856,44,500,15,3000,3000,3000,3000,"fast","control_informative",0.05,5,0.01,"","mirage_joint","trait2","bfdr_power",0.2,0.1
20260856,44,500,15,3000,3000,3000,3000,"fast","control_informative",0.05,5,0.01,"","mirage_joint","trait2","bfdr_discoveries",0.2,1
20260856,44,500,15,3000,3000,3000,3000,"fast","control_informative",0.05,5,0.01,"","mirage_joint","pleiotropy","bfdr_observed_fdp",0.01,0
20260856,44,500,15,3000,3000,3000,3000,"fast","control_informative",0.05,5,0.01,"","mirage_joint","pleiotropy","bfdr_estimate",0.01,0
20260856,44,500,15,3000,3000,3000,3000,"fast","control_informative",0.05,5,0.01,"","mirage_joint","pleiotropy","bfdr_power",0.01,0
20260856,44,500,15,3000,3000,3000,3000,"fast","control_informative",0.05,5,0.01,"","mirage_joint","pleiotropy","bfdr_discoveries",0.01,0
20260856,44,500,15,3000,3000,3000,3000,"fast","control_informative",0.05,5,0.01,"","mirage_joint","pleiotropy","bfdr_observed_fdp",0.05,0
20260856,44,500,15,3000,3000,3000,3000,"fast","control_informative",0.05,5,0.01,"","mirage_joint","pleiotropy","bfdr_estimate",0.05,0
20260856,44,500,15,3000,3000,3000,3000,"fast","control_informative",0.05,5,0.01,"","mirage_joint","pleiotropy","bfdr_power",0.05,0
20260856,44,500,15,3000,3000,3000,3000,"fast","control_informative",0.05,5,0.01,"","mirage_joint","pleiotropy","bfdr_discoveries",0.05,0
20260856,44,500,15,3000,3000,3000,3000,"fast","control_informative",0.05,5,0.01,"","mirage_joint","pleiotropy","bfdr_observed_fdp",0.1,0
20260856,44,500,15,3000,3000,3000,3000,"fast","control_informative",0.05,5,0.01,"","mirage_joint","pleiotropy","bfdr_estimate",0.1,0
20260856,44,500,15,3000,3000,3000,3000,"fast","control_informative",0.05,5,0.01,"","mirage_joint","pleiotropy","bfdr_power",0.1,0
20260856,44,500,15,3000,3000,3000,3000,"fast","control_informative",0.05,5,0.01,"","mirage_joint","pleiotropy","bfdr_discoveries",0.1,0
20260856,44,500,15,3000,3000,3000,3000,"fast","control_informative",0.05,5,0.01,"","mirage_joint","pleiotropy","bfdr_observed_fdp",0.2,0
20260856,44,500,15,3000,3000,3000,3000,"fast","control_informative",0.05,5,0.01,"","mirage_joint","pleiotropy","bfdr_estimate",0.2,0.111124408978465
20260856,44,500,15,3000,3000,3000,3000,"fast","control_informative",0.05,5,0.01,"","mirage_joint","pleiotropy","bfdr_power",0.2,0.2
20260856,44,500,15,3000,3000,3000,3000,"fast","control_informative",0.05,5,0.01,"","mirage_joint","pleiotropy","bfdr_discoveries",0.2,1
20260856,44,500,15,3000,3000,3000,3000,"fast","control_informative",0.05,5,0.01,"","mirage_joint","global","runtime_seconds",NA,18.6569999999999
20260856,44,500,15,3000,3000,3000,3000,"fast","control_informative",0.05,5,0.01,"","mirage_joint","pleiotropy","pi11_estimate",NA,0.0392964671168153
20260856,44,500,15,3000,3000,3000,3000,"fast","control_informative",0.05,5,0.01,"","separate_mirage","trait1","auc",NA,0.799326315789474
20260856,44,500,15,3000,3000,3000,3000,"fast","control_informative",0.05,5,0.01,"","separate_mirage","trait2","auc",NA,0.637142857142857
20260856,44,500,15,3000,3000,3000,3000,"fast","control_informative",0.05,5,0.01,"","separate_mirage","pleiotropy","auc",NA,0.841212121212121
20260856,44,500,15,3000,3000,3000,3000,"fast","control_informative",0.05,5,0.01,"","separate_mirage","trait1","pp08_power",0.8,0.16
20260856,44,500,15,3000,3000,3000,3000,"fast","control_informative",0.05,5,0.01,"","separate_mirage","trait1","pp08_fdp",0.8,0
20260856,44,500,15,3000,3000,3000,3000,"fast","control_informative",0.05,5,0.01,"","separate_mirage","trait1","pp08_discoveries",0.8,4
20260856,44,500,15,3000,3000,3000,3000,"fast","control_informative",0.05,5,0.01,"","separate_mirage","trait2","pp08_power",0.8,0
20260856,44,500,15,3000,3000,3000,3000,"fast","control_informative",0.05,5,0.01,"","separate_mirage","trait2","pp08_fdp",0.8,0
20260856,44,500,15,3000,3000,3000,3000,"fast","control_informative",0.05,5,0.01,"","separate_mirage","trait2","pp08_discoveries",0.8,0
20260856,44,500,15,3000,3000,3000,3000,"fast","control_informative",0.05,5,0.01,"","separate_mirage","pleiotropy","pp08_power",0.8,0
20260856,44,500,15,3000,3000,3000,3000,"fast","control_informative",0.05,5,0.01,"","separate_mirage","pleiotropy","pp08_fdp",0.8,0
20260856,44,500,15,3000,3000,3000,3000,"fast","control_informative",0.05,5,0.01,"","separate_mirage","pleiotropy","pp08_discoveries",0.8,0
20260856,44,500,15,3000,3000,3000,3000,"fast","control_informative",0.05,5,0.01,"","separate_mirage","trait1","bfdr_observed_fdp",0.01,0
20260856,44,500,15,3000,3000,3000,3000,"fast","control_informative",0.05,5,0.01,"","separate_mirage","trait1","bfdr_estimate",0.01,0.00780041915680281
20260856,44,500,15,3000,3000,3000,3000,"fast","control_informative",0.05,5,0.01,"","separate_mirage","trait1","bfdr_power",0.01,0.12
20260856,44,500,15,3000,3000,3000,3000,"fast","control_informative",0.05,5,0.01,"","separate_mirage","trait1","bfdr_discoveries",0.01,3
20260856,44,500,15,3000,3000,3000,3000,"fast","control_informative",0.05,5,0.01,"","separate_mirage","trait1","bfdr_observed_fdp",0.05,0
20260856,44,500,15,3000,3000,3000,3000,"fast","control_informative",0.05,5,0.01,"","separate_mirage","trait1","bfdr_estimate",0.05,0.0247983526565636
20260856,44,500,15,3000,3000,3000,3000,"fast","control_informative",0.05,5,0.01,"","separate_mirage","trait1","bfdr_power",0.05,0.16
20260856,44,500,15,3000,3000,3000,3000,"fast","control_informative",0.05,5,0.01,"","separate_mirage","trait1","bfdr_discoveries",0.05,4
20260856,44,500,15,3000,3000,3000,3000,"fast","control_informative",0.05,5,0.01,"","separate_mirage","trait1","bfdr_observed_fdp",0.1,0
20260856,44,500,15,3000,3000,3000,3000,"fast","control_informative",0.05,5,0.01,"","separate_mirage","trait1","bfdr_estimate",0.1,0.0247983526565636
20260856,44,500,15,3000,3000,3000,3000,"fast","control_informative",0.05,5,0.01,"","separate_mirage","trait1","bfdr_power",0.1,0.16
20260856,44,500,15,3000,3000,3000,3000,"fast","control_informative",0.05,5,0.01,"","separate_mirage","trait1","bfdr_discoveries",0.1,4
20260856,44,500,15,3000,3000,3000,3000,"fast","control_informative",0.05,5,0.01,"","separate_mirage","trait1","bfdr_observed_fdp",0.2,0.333333333333333
20260856,44,500,15,3000,3000,3000,3000,"fast","control_informative",0.05,5,0.01,"","separate_mirage","trait1","bfdr_estimate",0.2,0.163244045790256
20260856,44,500,15,3000,3000,3000,3000,"fast","control_informative",0.05,5,0.01,"","separate_mirage","trait1","bfdr_power",0.2,0.16
20260856,44,500,15,3000,3000,3000,3000,"fast","control_informative",0.05,5,0.01,"","separate_mirage","trait1","bfdr_discoveries",0.2,6
20260856,44,500,15,3000,3000,3000,3000,"fast","control_informative",0.05,5,0.01,"","separate_mirage","trait2","bfdr_observed_fdp",0.01,0
20260856,44,500,15,3000,3000,3000,3000,"fast","control_informative",0.05,5,0.01,"","separate_mirage","trait2","bfdr_estimate",0.01,0
20260856,44,500,15,3000,3000,3000,3000,"fast","control_informative",0.05,5,0.01,"","separate_mirage","trait2","bfdr_power",0.01,0
20260856,44,500,15,3000,3000,3000,3000,"fast","control_informative",0.05,5,0.01,"","separate_mirage","trait2","bfdr_discoveries",0.01,0
20260856,44,500,15,3000,3000,3000,3000,"fast","control_informative",0.05,5,0.01,"","separate_mirage","trait2","bfdr_observed_fdp",0.05,0
20260856,44,500,15,3000,3000,3000,3000,"fast","control_informative",0.05,5,0.01,"","separate_mirage","trait2","bfdr_estimate",0.05,0
20260856,44,500,15,3000,3000,3000,3000,"fast","control_informative",0.05,5,0.01,"","separate_mirage","trait2","bfdr_power",0.05,0
20260856,44,500,15,3000,3000,3000,3000,"fast","control_informative",0.05,5,0.01,"","separate_mirage","trait2","bfdr_discoveries",0.05,0
20260856,44,500,15,3000,3000,3000,3000,"fast","control_informative",0.05,5,0.01,"","separate_mirage","trait2","bfdr_observed_fdp",0.1,0
20260856,44,500,15,3000,3000,3000,3000,"fast","control_informative",0.05,5,0.01,"","separate_mirage","trait2","bfdr_estimate",0.1,0
20260856,44,500,15,3000,3000,3000,3000,"fast","control_informative",0.05,5,0.01,"","separate_mirage","trait2","bfdr_power",0.1,0
20260856,44,500,15,3000,3000,3000,3000,"fast","control_informative",0.05,5,0.01,"","separate_mirage","trait2","bfdr_discoveries",0.1,0
20260856,44,500,15,3000,3000,3000,3000,"fast","control_informative",0.05,5,0.01,"","separate_mirage","trait2","bfdr_observed_fdp",0.2,0
20260856,44,500,15,3000,3000,3000,3000,"fast","control_informative",0.05,5,0.01,"","separate_mirage","trait2","bfdr_estimate",0.2,0
20260856,44,500,15,3000,3000,3000,3000,"fast","control_informative",0.05,5,0.01,"","separate_mirage","trait2","bfdr_power",0.2,0
20260856,44,500,15,3000,3000,3000,3000,"fast","control_informative",0.05,5,0.01,"","separate_mirage","trait2","bfdr_discoveries",0.2,0
20260856,44,500,15,3000,3000,3000,3000,"fast","control_informative",0.05,5,0.01,"","separate_mirage","pleiotropy","bfdr_observed_fdp",0.01,0
20260856,44,500,15,3000,3000,3000,3000,"fast","control_informative",0.05,5,0.01,"","separate_mirage","pleiotropy","bfdr_estimate",0.01,0
20260856,44,500,15,3000,3000,3000,3000,"fast","control_informative",0.05,5,0.01,"","separate_mirage","pleiotropy","bfdr_power",0.01,0
20260856,44,500,15,3000,3000,3000,3000,"fast","control_informative",0.05,5,0.01,"","separate_mirage","pleiotropy","bfdr_discoveries",0.01,0
20260856,44,500,15,3000,3000,3000,3000,"fast","control_informative",0.05,5,0.01,"","separate_mirage","pleiotropy","bfdr_observed_fdp",0.05,0
20260856,44,500,15,3000,3000,3000,3000,"fast","control_informative",0.05,5,0.01,"","separate_mirage","pleiotropy","bfdr_estimate",0.05,0
20260856,44,500,15,3000,3000,3000,3000,"fast","control_informative",0.05,5,0.01,"","separate_mirage","pleiotropy","bfdr_power",0.05,0
20260856,44,500,15,3000,3000,3000,3000,"fast","control_informative",0.05,5,0.01,"","separate_mirage","pleiotropy","bfdr_discoveries",0.05,0
20260856,44,500,15,3000,3000,3000,3000,"fast","control_informative",0.05,5,0.01,"","separate_mirage","pleiotropy","bfdr_observed_fdp",0.1,0
20260856,44,500,15,3000,3000,3000,3000,"fast","control_informative",0.05,5,0.01,"","separate_mirage","pleiotropy","bfdr_estimate",0.1,0
20260856,44,500,15,3000,3000,3000,3000,"fast","control_informative",0.05,5,0.01,"","separate_mirage","pleiotropy","bfdr_power",0.1,0
20260856,44,500,15,3000,3000,3000,3000,"fast","control_informative",0.05,5,0.01,"","separate_mirage","pleiotropy","bfdr_discoveries",0.1,0
20260856,44,500,15,3000,3000,3000,3000,"fast","control_informative",0.05,5,0.01,"","separate_mirage","pleiotropy","bfdr_observed_fdp",0.2,0
20260856,44,500,15,3000,3000,3000,3000,"fast","control_informative",0.05,5,0.01,"","separate_mirage","pleiotropy","bfdr_estimate",0.2,0
20260856,44,500,15,3000,3000,3000,3000,"fast","control_informative",0.05,5,0.01,"","separate_mirage","pleiotropy","bfdr_power",0.2,0
20260856,44,500,15,3000,3000,3000,3000,"fast","control_informative",0.05,5,0.01,"","separate_mirage","pleiotropy","bfdr_discoveries",0.2,0
20260856,44,500,15,3000,3000,3000,3000,"fast","control_informative",0.05,5,0.01,"","separate_mirage","global","runtime_seconds",NA,18.228
20260856,44,500,15,3000,3000,3000,3000,"fast","control_informative",0.05,5,0.01,"","separate_mirage","pleiotropy","pi11_estimate",NA,0.001
20260856,44,500,15,3000,3000,3000,3000,"fast","control_informative",0.05,5,0.01,"","mtada_aggregated","trait1","auc",NA,0.783915789473684
20260856,44,500,15,3000,3000,3000,3000,"fast","control_informative",0.05,5,0.01,"","mtada_aggregated","trait2","auc",NA,0.738163265306122
20260856,44,500,15,3000,3000,3000,3000,"fast","control_informative",0.05,5,0.01,"","mtada_aggregated","pleiotropy","auc",NA,0.812929292929293
20260856,44,500,15,3000,3000,3000,3000,"fast","control_informative",0.05,5,0.01,"","mtada_aggregated","trait1","pp08_power",0.8,0.36
20260856,44,500,15,3000,3000,3000,3000,"fast","control_informative",0.05,5,0.01,"","mtada_aggregated","trait1","pp08_fdp",0.8,0.8
20260856,44,500,15,3000,3000,3000,3000,"fast","control_informative",0.05,5,0.01,"","mtada_aggregated","trait1","pp08_discoveries",0.8,45
20260856,44,500,15,3000,3000,3000,3000,"fast","control_informative",0.05,5,0.01,"","mtada_aggregated","trait2","pp08_power",0.8,0.2
20260856,44,500,15,3000,3000,3000,3000,"fast","control_informative",0.05,5,0.01,"","mtada_aggregated","trait2","pp08_fdp",0.8,0.952380952380952
20260856,44,500,15,3000,3000,3000,3000,"fast","control_informative",0.05,5,0.01,"","mtada_aggregated","trait2","pp08_discoveries",0.8,42
20260856,44,500,15,3000,3000,3000,3000,"fast","control_informative",0.05,5,0.01,"","mtada_aggregated","pleiotropy","pp08_power",0.8,0.2
20260856,44,500,15,3000,3000,3000,3000,"fast","control_informative",0.05,5,0.01,"","mtada_aggregated","pleiotropy","pp08_fdp",0.8,0.833333333333333
20260856,44,500,15,3000,3000,3000,3000,"fast","control_informative",0.05,5,0.01,"","mtada_aggregated","pleiotropy","pp08_discoveries",0.8,6
20260856,44,500,15,3000,3000,3000,3000,"fast","control_informative",0.05,5,0.01,"","mtada_aggregated","trait1","bfdr_observed_fdp",0.01,0.775
20260856,44,500,15,3000,3000,3000,3000,"fast","control_informative",0.05,5,0.01,"","mtada_aggregated","trait1","bfdr_estimate",0.01,0.00863363362563493
20260856,44,500,15,3000,3000,3000,3000,"fast","control_informative",0.05,5,0.01,"","mtada_aggregated","trait1","bfdr_power",0.01,0.36
20260856,44,500,15,3000,3000,3000,3000,"fast","control_informative",0.05,5,0.01,"","mtada_aggregated","trait1","bfdr_discoveries",0.01,40
20260856,44,500,15,3000,3000,3000,3000,"fast","control_informative",0.05,5,0.01,"","mtada_aggregated","trait1","bfdr_observed_fdp",0.05,0.816326530612245
20260856,44,500,15,3000,3000,3000,3000,"fast","control_informative",0.05,5,0.01,"","mtada_aggregated","trait1","bfdr_estimate",0.05,0.0432737775529995
20260856,44,500,15,3000,3000,3000,3000,"fast","control_informative",0.05,5,0.01,"","mtada_aggregated","trait1","bfdr_power",0.05,0.36
20260856,44,500,15,3000,3000,3000,3000,"fast","control_informative",0.05,5,0.01,"","mtada_aggregated","trait1","bfdr_discoveries",0.05,49
20260856,44,500,15,3000,3000,3000,3000,"fast","control_informative",0.05,5,0.01,"","mtada_aggregated","trait1","bfdr_observed_fdp",0.1,0.839285714285714
20260856,44,500,15,3000,3000,3000,3000,"fast","control_informative",0.05,5,0.01,"","mtada_aggregated","trait1","bfdr_estimate",0.1,0.0997108922546026
20260856,44,500,15,3000,3000,3000,3000,"fast","control_informative",0.05,5,0.01,"","mtada_aggregated","trait1","bfdr_power",0.1,0.36
20260856,44,500,15,3000,3000,3000,3000,"fast","control_informative",0.05,5,0.01,"","mtada_aggregated","trait1","bfdr_discoveries",0.1,56
20260856,44,500,15,3000,3000,3000,3000,"fast","control_informative",0.05,5,0.01,"","mtada_aggregated","trait1","bfdr_observed_fdp",0.2,0.86764705882353
20260856,44,500,15,3000,3000,3000,3000,"fast","control_informative",0.05,5,0.01,"","mtada_aggregated","trait1","bfdr_estimate",0.2,0.194936807833467
20260856,44,500,15,3000,3000,3000,3000,"fast","control_informative",0.05,5,0.01,"","mtada_aggregated","trait1","bfdr_power",0.2,0.36
20260856,44,500,15,3000,3000,3000,3000,"fast","control_informative",0.05,5,0.01,"","mtada_aggregated","trait1","bfdr_discoveries",0.2,68
20260856,44,500,15,3000,3000,3000,3000,"fast","control_informative",0.05,5,0.01,"","mtada_aggregated","trait2","bfdr_observed_fdp",0.01,0.947368421052632
20260856,44,500,15,3000,3000,3000,3000,"fast","control_informative",0.05,5,0.01,"","mtada_aggregated","trait2","bfdr_estimate",0.01,0.00850301746667213
20260856,44,500,15,3000,3000,3000,3000,"fast","control_informative",0.05,5,0.01,"","mtada_aggregated","trait2","bfdr_power",0.01,0.2
20260856,44,500,15,3000,3000,3000,3000,"fast","control_informative",0.05,5,0.01,"","mtada_aggregated","trait2","bfdr_discoveries",0.01,38
20260856,44,500,15,3000,3000,3000,3000,"fast","control_informative",0.05,5,0.01,"","mtada_aggregated","trait2","bfdr_observed_fdp",0.05,0.955555555555556
20260856,44,500,15,3000,3000,3000,3000,"fast","control_informative",0.05,5,0.01,"","mtada_aggregated","trait2","bfdr_estimate",0.05,0.0415845411808044
20260856,44,500,15,3000,3000,3000,3000,"fast","control_informative",0.05,5,0.01,"","mtada_aggregated","trait2","bfdr_power",0.05,0.2
20260856,44,500,15,3000,3000,3000,3000,"fast","control_informative",0.05,5,0.01,"","mtada_aggregated","trait2","bfdr_discoveries",0.05,45
20260856,44,500,15,3000,3000,3000,3000,"fast","control_informative",0.05,5,0.01,"","mtada_aggregated","trait2","bfdr_observed_fdp",0.1,0.94
20260856,44,500,15,3000,3000,3000,3000,"fast","control_informative",0.05,5,0.01,"","mtada_aggregated","trait2","bfdr_estimate",0.1,0.0953973753131572
20260856,44,500,15,3000,3000,3000,3000,"fast","control_informative",0.05,5,0.01,"","mtada_aggregated","trait2","bfdr_power",0.1,0.3
20260856,44,500,15,3000,3000,3000,3000,"fast","control_informative",0.05,5,0.01,"","mtada_aggregated","trait2","bfdr_discoveries",0.1,50
20260856,44,500,15,3000,3000,3000,3000,"fast","control_informative",0.05,5,0.01,"","mtada_aggregated","trait2","bfdr_observed_fdp",0.2,0.915254237288136
20260856,44,500,15,3000,3000,3000,3000,"fast","control_informative",0.05,5,0.01,"","mtada_aggregated","trait2","bfdr_estimate",0.2,0.196220024195212
20260856,44,500,15,3000,3000,3000,3000,"fast","control_informative",0.05,5,0.01,"","mtada_aggregated","trait2","bfdr_power",0.2,0.5
20260856,44,500,15,3000,3000,3000,3000,"fast","control_informative",0.05,5,0.01,"","mtada_aggregated","trait2","bfdr_discoveries",0.2,59
20260856,44,500,15,3000,3000,3000,3000,"fast","control_informative",0.05,5,0.01,"","mtada_aggregated","pleiotropy","bfdr_observed_fdp",0.01,0.8
20260856,44,500,15,3000,3000,3000,3000,"fast","control_informative",0.05,5,0.01,"","mtada_aggregated","pleiotropy","bfdr_estimate",0.01,0.00685489846418494
20260856,44,500,15,3000,3000,3000,3000,"fast","control_informative",0.05,5,0.01,"","mtada_aggregated","pleiotropy","bfdr_power",0.01,0.2
20260856,44,500,15,3000,3000,3000,3000,"fast","control_informative",0.05,5,0.01,"","mtada_aggregated","pleiotropy","bfdr_discoveries",0.01,5
20260856,44,500,15,3000,3000,3000,3000,"fast","control_informative",0.05,5,0.01,"","mtada_aggregated","pleiotropy","bfdr_observed_fdp",0.05,0.857142857142857
20260856,44,500,15,3000,3000,3000,3000,"fast","control_informative",0.05,5,0.01,"","mtada_aggregated","pleiotropy","bfdr_estimate",0.05,0.0472767381718386
20260856,44,500,15,3000,3000,3000,3000,"fast","control_informative",0.05,5,0.01,"","mtada_aggregated","pleiotropy","bfdr_power",0.05,0.2
20260856,44,500,15,3000,3000,3000,3000,"fast","control_informative",0.05,5,0.01,"","mtada_aggregated","pleiotropy","bfdr_discoveries",0.05,7
20260856,44,500,15,3000,3000,3000,3000,"fast","control_informative",0.05,5,0.01,"","mtada_aggregated","pleiotropy","bfdr_observed_fdp",0.1,0.857142857142857
20260856,44,500,15,3000,3000,3000,3000,"fast","control_informative",0.05,5,0.01,"","mtada_aggregated","pleiotropy","bfdr_estimate",0.1,0.0472767381718386
20260856,44,500,15,3000,3000,3000,3000,"fast","control_informative",0.05,5,0.01,"","mtada_aggregated","pleiotropy","bfdr_power",0.1,0.2
20260856,44,500,15,3000,3000,3000,3000,"fast","control_informative",0.05,5,0.01,"","mtada_aggregated","pleiotropy","bfdr_discoveries",0.1,7
20260856,44,500,15,3000,3000,3000,3000,"fast","control_informative",0.05,5,0.01,"","mtada_aggregated","pleiotropy","bfdr_observed_fdp",0.2,0.888888888888889
20260856,44,500,15,3000,3000,3000,3000,"fast","control_informative",0.05,5,0.01,"","mtada_aggregated","pleiotropy","bfdr_estimate",0.2,0.162434829145131
20260856,44,500,15,3000,3000,3000,3000,"fast","control_informative",0.05,5,0.01,"","mtada_aggregated","pleiotropy","bfdr_power",0.2,0.2
20260856,44,500,15,3000,3000,3000,3000,"fast","control_informative",0.05,5,0.01,"","mtada_aggregated","pleiotropy","bfdr_discoveries",0.2,9
20260856,44,500,15,3000,3000,3000,3000,"fast","control_informative",0.05,5,0.01,"","mtada_aggregated","global","runtime_seconds",NA,0.720000000000027
20260856,44,500,15,3000,3000,3000,3000,"fast","control_informative",0.05,5,0.01,"","mtada_aggregated","pleiotropy","pi11_estimate",NA,0.00236249
20260857,45,500,15,3000,3000,3000,3000,"fast","control_informative",0.05,5,0.01,"","mirage_joint","trait1","auc",NA,0.584926315789474
20260857,45,500,15,3000,3000,3000,3000,"fast","control_informative",0.05,5,0.01,"","mirage_joint","trait2","auc",NA,0.632244897959184
20260857,45,500,15,3000,3000,3000,3000,"fast","control_informative",0.05,5,0.01,"","mirage_joint","pleiotropy","auc",NA,0.884040404040404
20260857,45,500,15,3000,3000,3000,3000,"fast","control_informative",0.05,5,0.01,"","mirage_joint","trait1","pp08_power",0.8,0.08
20260857,45,500,15,3000,3000,3000,3000,"fast","control_informative",0.05,5,0.01,"","mirage_joint","trait1","pp08_fdp",0.8,0
20260857,45,500,15,3000,3000,3000,3000,"fast","control_informative",0.05,5,0.01,"","mirage_joint","trait1","pp08_discoveries",0.8,2
20260857,45,500,15,3000,3000,3000,3000,"fast","control_informative",0.05,5,0.01,"","mirage_joint","trait2","pp08_power",0.8,0
20260857,45,500,15,3000,3000,3000,3000,"fast","control_informative",0.05,5,0.01,"","mirage_joint","trait2","pp08_fdp",0.8,0
20260857,45,500,15,3000,3000,3000,3000,"fast","control_informative",0.05,5,0.01,"","mirage_joint","trait2","pp08_discoveries",0.8,0
20260857,45,500,15,3000,3000,3000,3000,"fast","control_informative",0.05,5,0.01,"","mirage_joint","pleiotropy","pp08_power",0.8,0
20260857,45,500,15,3000,3000,3000,3000,"fast","control_informative",0.05,5,0.01,"","mirage_joint","pleiotropy","pp08_fdp",0.8,0
20260857,45,500,15,3000,3000,3000,3000,"fast","control_informative",0.05,5,0.01,"","mirage_joint","pleiotropy","pp08_discoveries",0.8,0
20260857,45,500,15,3000,3000,3000,3000,"fast","control_informative",0.05,5,0.01,"","mirage_joint","trait1","bfdr_observed_fdp",0.01,0
20260857,45,500,15,3000,3000,3000,3000,"fast","control_informative",0.05,5,0.01,"","mirage_joint","trait1","bfdr_estimate",0.01,0.000487157641928082
20260857,45,500,15,3000,3000,3000,3000,"fast","control_informative",0.05,5,0.01,"","mirage_joint","trait1","bfdr_power",0.01,0.04
20260857,45,500,15,3000,3000,3000,3000,"fast","control_informative",0.05,5,0.01,"","mirage_joint","trait1","bfdr_discoveries",0.01,1
20260857,45,500,15,3000,3000,3000,3000,"fast","control_informative",0.05,5,0.01,"","mirage_joint","trait1","bfdr_observed_fdp",0.05,0
20260857,45,500,15,3000,3000,3000,3000,"fast","control_informative",0.05,5,0.01,"","mirage_joint","trait1","bfdr_estimate",0.05,0.0359272470096162
20260857,45,500,15,3000,3000,3000,3000,"fast","control_informative",0.05,5,0.01,"","mirage_joint","trait1","bfdr_power",0.05,0.08
20260857,45,500,15,3000,3000,3000,3000,"fast","control_informative",0.05,5,0.01,"","mirage_joint","trait1","bfdr_discoveries",0.05,2
20260857,45,500,15,3000,3000,3000,3000,"fast","control_informative",0.05,5,0.01,"","mirage_joint","trait1","bfdr_observed_fdp",0.1,0
20260857,45,500,15,3000,3000,3000,3000,"fast","control_informative",0.05,5,0.01,"","mirage_joint","trait1","bfdr_estimate",0.1,0.0359272470096162
20260857,45,500,15,3000,3000,3000,3000,"fast","control_informative",0.05,5,0.01,"","mirage_joint","trait1","bfdr_power",0.1,0.08
20260857,45,500,15,3000,3000,3000,3000,"fast","control_informative",0.05,5,0.01,"","mirage_joint","trait1","bfdr_discoveries",0.1,2
20260857,45,500,15,3000,3000,3000,3000,"fast","control_informative",0.05,5,0.01,"","mirage_joint","trait1","bfdr_observed_fdp",0.2,0
20260857,45,500,15,3000,3000,3000,3000,"fast","control_informative",0.05,5,0.01,"","mirage_joint","trait1","bfdr_estimate",0.2,0.0359272470096162
20260857,45,500,15,3000,3000,3000,3000,"fast","control_informative",0.05,5,0.01,"","mirage_joint","trait1","bfdr_power",0.2,0.08
20260857,45,500,15,3000,3000,3000,3000,"fast","control_informative",0.05,5,0.01,"","mirage_joint","trait1","bfdr_discoveries",0.2,2
20260857,45,500,15,3000,3000,3000,3000,"fast","control_informative",0.05,5,0.01,"","mirage_joint","trait2","bfdr_observed_fdp",0.01,0
20260857,45,500,15,3000,3000,3000,3000,"fast","control_informative",0.05,5,0.01,"","mirage_joint","trait2","bfdr_estimate",0.01,0
20260857,45,500,15,3000,3000,3000,3000,"fast","control_informative",0.05,5,0.01,"","mirage_joint","trait2","bfdr_power",0.01,0
20260857,45,500,15,3000,3000,3000,3000,"fast","control_informative",0.05,5,0.01,"","mirage_joint","trait2","bfdr_discoveries",0.01,0
20260857,45,500,15,3000,3000,3000,3000,"fast","control_informative",0.05,5,0.01,"","mirage_joint","trait2","bfdr_observed_fdp",0.05,0
20260857,45,500,15,3000,3000,3000,3000,"fast","control_informative",0.05,5,0.01,"","mirage_joint","trait2","bfdr_estimate",0.05,0
20260857,45,500,15,3000,3000,3000,3000,"fast","control_informative",0.05,5,0.01,"","mirage_joint","trait2","bfdr_power",0.05,0
20260857,45,500,15,3000,3000,3000,3000,"fast","control_informative",0.05,5,0.01,"","mirage_joint","trait2","bfdr_discoveries",0.05,0
20260857,45,500,15,3000,3000,3000,3000,"fast","control_informative",0.05,5,0.01,"","mirage_joint","trait2","bfdr_observed_fdp",0.1,0
20260857,45,500,15,3000,3000,3000,3000,"fast","control_informative",0.05,5,0.01,"","mirage_joint","trait2","bfdr_estimate",0.1,0
20260857,45,500,15,3000,3000,3000,3000,"fast","control_informative",0.05,5,0.01,"","mirage_joint","trait2","bfdr_power",0.1,0
20260857,45,500,15,3000,3000,3000,3000,"fast","control_informative",0.05,5,0.01,"","mirage_joint","trait2","bfdr_discoveries",0.1,0
20260857,45,500,15,3000,3000,3000,3000,"fast","control_informative",0.05,5,0.01,"","mirage_joint","trait2","bfdr_observed_fdp",0.2,0
20260857,45,500,15,3000,3000,3000,3000,"fast","control_informative",0.05,5,0.01,"","mirage_joint","trait2","bfdr_estimate",0.2,0
20260857,45,500,15,3000,3000,3000,3000,"fast","control_informative",0.05,5,0.01,"","mirage_joint","trait2","bfdr_power",0.2,0
20260857,45,500,15,3000,3000,3000,3000,"fast","control_informative",0.05,5,0.01,"","mirage_joint","trait2","bfdr_discoveries",0.2,0
20260857,45,500,15,3000,3000,3000,3000,"fast","control_informative",0.05,5,0.01,"","mirage_joint","pleiotropy","bfdr_observed_fdp",0.01,0
20260857,45,500,15,3000,3000,3000,3000,"fast","control_informative",0.05,5,0.01,"","mirage_joint","pleiotropy","bfdr_estimate",0.01,0
20260857,45,500,15,3000,3000,3000,3000,"fast","control_informative",0.05,5,0.01,"","mirage_joint","pleiotropy","bfdr_power",0.01,0
20260857,45,500,15,3000,3000,3000,3000,"fast","control_informative",0.05,5,0.01,"","mirage_joint","pleiotropy","bfdr_discoveries",0.01,0
20260857,45,500,15,3000,3000,3000,3000,"fast","control_informative",0.05,5,0.01,"","mirage_joint","pleiotropy","bfdr_observed_fdp",0.05,0
20260857,45,500,15,3000,3000,3000,3000,"fast","control_informative",0.05,5,0.01,"","mirage_joint","pleiotropy","bfdr_estimate",0.05,0
20260857,45,500,15,3000,3000,3000,3000,"fast","control_informative",0.05,5,0.01,"","mirage_joint","pleiotropy","bfdr_power",0.05,0
20260857,45,500,15,3000,3000,3000,3000,"fast","control_informative",0.05,5,0.01,"","mirage_joint","pleiotropy","bfdr_discoveries",0.05,0
20260857,45,500,15,3000,3000,3000,3000,"fast","control_informative",0.05,5,0.01,"","mirage_joint","pleiotropy","bfdr_observed_fdp",0.1,0
20260857,45,500,15,3000,3000,3000,3000,"fast","control_informative",0.05,5,0.01,"","mirage_joint","pleiotropy","bfdr_estimate",0.1,0
20260857,45,500,15,3000,3000,3000,3000,"fast","control_informative",0.05,5,0.01,"","mirage_joint","pleiotropy","bfdr_power",0.1,0
20260857,45,500,15,3000,3000,3000,3000,"fast","control_informative",0.05,5,0.01,"","mirage_joint","pleiotropy","bfdr_discoveries",0.1,0
20260857,45,500,15,3000,3000,3000,3000,"fast","control_informative",0.05,5,0.01,"","mirage_joint","pleiotropy","bfdr_observed_fdp",0.2,0
20260857,45,500,15,3000,3000,3000,3000,"fast","control_informative",0.05,5,0.01,"","mirage_joint","pleiotropy","bfdr_estimate",0.2,0
20260857,45,500,15,3000,3000,3000,3000,"fast","control_informative",0.05,5,0.01,"","mirage_joint","pleiotropy","bfdr_power",0.2,0
20260857,45,500,15,3000,3000,3000,3000,"fast","control_informative",0.05,5,0.01,"","mirage_joint","pleiotropy","bfdr_discoveries",0.2,0
20260857,45,500,15,3000,3000,3000,3000,"fast","control_informative",0.05,5,0.01,"","mirage_joint","global","runtime_seconds",NA,18.65
20260857,45,500,15,3000,3000,3000,3000,"fast","control_informative",0.05,5,0.01,"","mirage_joint","pleiotropy","pi11_estimate",NA,0.0168147157001989
20260857,45,500,15,3000,3000,3000,3000,"fast","control_informative",0.05,5,0.01,"","separate_mirage","trait1","auc",NA,0.579115789473684
20260857,45,500,15,3000,3000,3000,3000,"fast","control_informative",0.05,5,0.01,"","separate_mirage","trait2","auc",NA,0.556530612244898
20260857,45,500,15,3000,3000,3000,3000,"fast","control_informative",0.05,5,0.01,"","separate_mirage","pleiotropy","auc",NA,0.909090909090909
20260857,45,500,15,3000,3000,3000,3000,"fast","control_informative",0.05,5,0.01,"","separate_mirage","trait1","pp08_power",0.8,0.08
20260857,45,500,15,3000,3000,3000,3000,"fast","control_informative",0.05,5,0.01,"","separate_mirage","trait1","pp08_fdp",0.8,0
20260857,45,500,15,3000,3000,3000,3000,"fast","control_informative",0.05,5,0.01,"","separate_mirage","trait1","pp08_discoveries",0.8,2
20260857,45,500,15,3000,3000,3000,3000,"fast","control_informative",0.05,5,0.01,"","separate_mirage","trait2","pp08_power",0.8,0
20260857,45,500,15,3000,3000,3000,3000,"fast","control_informative",0.05,5,0.01,"","separate_mirage","trait2","pp08_fdp",0.8,0
20260857,45,500,15,3000,3000,3000,3000,"fast","control_informative",0.05,5,0.01,"","separate_mirage","trait2","pp08_discoveries",0.8,0
20260857,45,500,15,3000,3000,3000,3000,"fast","control_informative",0.05,5,0.01,"","separate_mirage","pleiotropy","pp08_power",0.8,0
20260857,45,500,15,3000,3000,3000,3000,"fast","control_informative",0.05,5,0.01,"","separate_mirage","pleiotropy","pp08_fdp",0.8,0
20260857,45,500,15,3000,3000,3000,3000,"fast","control_informative",0.05,5,0.01,"","separate_mirage","pleiotropy","pp08_discoveries",0.8,0
20260857,45,500,15,3000,3000,3000,3000,"fast","control_informative",0.05,5,0.01,"","separate_mirage","trait1","bfdr_observed_fdp",0.01,0
20260857,45,500,15,3000,3000,3000,3000,"fast","control_informative",0.05,5,0.01,"","separate_mirage","trait1","bfdr_estimate",0.01,0.000492879943977287
20260857,45,500,15,3000,3000,3000,3000,"fast","control_informative",0.05,5,0.01,"","separate_mirage","trait1","bfdr_power",0.01,0.04
20260857,45,500,15,3000,3000,3000,3000,"fast","control_informative",0.05,5,0.01,"","separate_mirage","trait1","bfdr_discoveries",0.01,1
20260857,45,500,15,3000,3000,3000,3000,"fast","control_informative",0.05,5,0.01,"","separate_mirage","trait1","bfdr_observed_fdp",0.05,0
20260857,45,500,15,3000,3000,3000,3000,"fast","control_informative",0.05,5,0.01,"","separate_mirage","trait1","bfdr_estimate",0.05,0.0285840302436818
20260857,45,500,15,3000,3000,3000,3000,"fast","control_informative",0.05,5,0.01,"","separate_mirage","trait1","bfdr_power",0.05,0.08
20260857,45,500,15,3000,3000,3000,3000,"fast","control_informative",0.05,5,0.01,"","separate_mirage","trait1","bfdr_discoveries",0.05,2
20260857,45,500,15,3000,3000,3000,3000,"fast","control_informative",0.05,5,0.01,"","separate_mirage","trait1","bfdr_observed_fdp",0.1,0
20260857,45,500,15,3000,3000,3000,3000,"fast","control_informative",0.05,5,0.01,"","separate_mirage","trait1","bfdr_estimate",0.1,0.0285840302436818
20260857,45,500,15,3000,3000,3000,3000,"fast","control_informative",0.05,5,0.01,"","separate_mirage","trait1","bfdr_power",0.1,0.08
20260857,45,500,15,3000,3000,3000,3000,"fast","control_informative",0.05,5,0.01,"","separate_mirage","trait1","bfdr_discoveries",0.1,2
20260857,45,500,15,3000,3000,3000,3000,"fast","control_informative",0.05,5,0.01,"","separate_mirage","trait1","bfdr_observed_fdp",0.2,0
20260857,45,500,15,3000,3000,3000,3000,"fast","control_informative",0.05,5,0.01,"","separate_mirage","trait1","bfdr_estimate",0.2,0.0285840302436818
20260857,45,500,15,3000,3000,3000,3000,"fast","control_informative",0.05,5,0.01,"","separate_mirage","trait1","bfdr_power",0.2,0.08
20260857,45,500,15,3000,3000,3000,3000,"fast","control_informative",0.05,5,0.01,"","separate_mirage","trait1","bfdr_discoveries",0.2,2
20260857,45,500,15,3000,3000,3000,3000,"fast","control_informative",0.05,5,0.01,"","separate_mirage","trait2","bfdr_observed_fdp",0.01,0
20260857,45,500,15,3000,3000,3000,3000,"fast","control_informative",0.05,5,0.01,"","separate_mirage","trait2","bfdr_estimate",0.01,0
20260857,45,500,15,3000,3000,3000,3000,"fast","control_informative",0.05,5,0.01,"","separate_mirage","trait2","bfdr_power",0.01,0
20260857,45,500,15,3000,3000,3000,3000,"fast","control_informative",0.05,5,0.01,"","separate_mirage","trait2","bfdr_discoveries",0.01,0
20260857,45,500,15,3000,3000,3000,3000,"fast","control_informative",0.05,5,0.01,"","separate_mirage","trait2","bfdr_observed_fdp",0.05,0
20260857,45,500,15,3000,3000,3000,3000,"fast","control_informative",0.05,5,0.01,"","separate_mirage","trait2","bfdr_estimate",0.05,0
20260857,45,500,15,3000,3000,3000,3000,"fast","control_informative",0.05,5,0.01,"","separate_mirage","trait2","bfdr_power",0.05,0
20260857,45,500,15,3000,3000,3000,3000,"fast","control_informative",0.05,5,0.01,"","separate_mirage","trait2","bfdr_discoveries",0.05,0
20260857,45,500,15,3000,3000,3000,3000,"fast","control_informative",0.05,5,0.01,"","separate_mirage","trait2","bfdr_observed_fdp",0.1,0
20260857,45,500,15,3000,3000,3000,3000,"fast","control_informative",0.05,5,0.01,"","separate_mirage","trait2","bfdr_estimate",0.1,0
20260857,45,500,15,3000,3000,3000,3000,"fast","control_informative",0.05,5,0.01,"","separate_mirage","trait2","bfdr_power",0.1,0
20260857,45,500,15,3000,3000,3000,3000,"fast","control_informative",0.05,5,0.01,"","separate_mirage","trait2","bfdr_discoveries",0.1,0
20260857,45,500,15,3000,3000,3000,3000,"fast","control_informative",0.05,5,0.01,"","separate_mirage","trait2","bfdr_observed_fdp",0.2,0
20260857,45,500,15,3000,3000,3000,3000,"fast","control_informative",0.05,5,0.01,"","separate_mirage","trait2","bfdr_estimate",0.2,0
20260857,45,500,15,3000,3000,3000,3000,"fast","control_informative",0.05,5,0.01,"","separate_mirage","trait2","bfdr_power",0.2,0
20260857,45,500,15,3000,3000,3000,3000,"fast","control_informative",0.05,5,0.01,"","separate_mirage","trait2","bfdr_discoveries",0.2,0
20260857,45,500,15,3000,3000,3000,3000,"fast","control_informative",0.05,5,0.01,"","separate_mirage","pleiotropy","bfdr_observed_fdp",0.01,0
20260857,45,500,15,3000,3000,3000,3000,"fast","control_informative",0.05,5,0.01,"","separate_mirage","pleiotropy","bfdr_estimate",0.01,0
20260857,45,500,15,3000,3000,3000,3000,"fast","control_informative",0.05,5,0.01,"","separate_mirage","pleiotropy","bfdr_power",0.01,0
20260857,45,500,15,3000,3000,3000,3000,"fast","control_informative",0.05,5,0.01,"","separate_mirage","pleiotropy","bfdr_discoveries",0.01,0
20260857,45,500,15,3000,3000,3000,3000,"fast","control_informative",0.05,5,0.01,"","separate_mirage","pleiotropy","bfdr_observed_fdp",0.05,0
20260857,45,500,15,3000,3000,3000,3000,"fast","control_informative",0.05,5,0.01,"","separate_mirage","pleiotropy","bfdr_estimate",0.05,0
20260857,45,500,15,3000,3000,3000,3000,"fast","control_informative",0.05,5,0.01,"","separate_mirage","pleiotropy","bfdr_power",0.05,0
20260857,45,500,15,3000,3000,3000,3000,"fast","control_informative",0.05,5,0.01,"","separate_mirage","pleiotropy","bfdr_discoveries",0.05,0
20260857,45,500,15,3000,3000,3000,3000,"fast","control_informative",0.05,5,0.01,"","separate_mirage","pleiotropy","bfdr_observed_fdp",0.1,0
20260857,45,500,15,3000,3000,3000,3000,"fast","control_informative",0.05,5,0.01,"","separate_mirage","pleiotropy","bfdr_estimate",0.1,0
20260857,45,500,15,3000,3000,3000,3000,"fast","control_informative",0.05,5,0.01,"","separate_mirage","pleiotropy","bfdr_power",0.1,0
20260857,45,500,15,3000,3000,3000,3000,"fast","control_informative",0.05,5,0.01,"","separate_mirage","pleiotropy","bfdr_discoveries",0.1,0
20260857,45,500,15,3000,3000,3000,3000,"fast","control_informative",0.05,5,0.01,"","separate_mirage","pleiotropy","bfdr_observed_fdp",0.2,0
20260857,45,500,15,3000,3000,3000,3000,"fast","control_informative",0.05,5,0.01,"","separate_mirage","pleiotropy","bfdr_estimate",0.2,0
20260857,45,500,15,3000,3000,3000,3000,"fast","control_informative",0.05,5,0.01,"","separate_mirage","pleiotropy","bfdr_power",0.2,0
20260857,45,500,15,3000,3000,3000,3000,"fast","control_informative",0.05,5,0.01,"","separate_mirage","pleiotropy","bfdr_discoveries",0.2,0
20260857,45,500,15,3000,3000,3000,3000,"fast","control_informative",0.05,5,0.01,"","separate_mirage","global","runtime_seconds",NA,18.285
20260857,45,500,15,3000,3000,3000,3000,"fast","control_informative",0.05,5,0.01,"","separate_mirage","pleiotropy","pi11_estimate",NA,0.001
20260857,45,500,15,3000,3000,3000,3000,"fast","control_informative",0.05,5,0.01,"","mtada_aggregated","trait1","auc",NA,0.68501052631579
20260857,45,500,15,3000,3000,3000,3000,"fast","control_informative",0.05,5,0.01,"","mtada_aggregated","trait2","auc",NA,0.656122448979592
20260857,45,500,15,3000,3000,3000,3000,"fast","control_informative",0.05,5,0.01,"","mtada_aggregated","pleiotropy","auc",NA,0.925252525252525
20260857,45,500,15,3000,3000,3000,3000,"fast","control_informative",0.05,5,0.01,"","mtada_aggregated","trait1","pp08_power",0.8,0.28
20260857,45,500,15,3000,3000,3000,3000,"fast","control_informative",0.05,5,0.01,"","mtada_aggregated","trait1","pp08_fdp",0.8,0.794117647058823
20260857,45,500,15,3000,3000,3000,3000,"fast","control_informative",0.05,5,0.01,"","mtada_aggregated","trait1","pp08_discoveries",0.8,34
20260857,45,500,15,3000,3000,3000,3000,"fast","control_informative",0.05,5,0.01,"","mtada_aggregated","trait2","pp08_power",0.8,0.2
20260857,45,500,15,3000,3000,3000,3000,"fast","control_informative",0.05,5,0.01,"","mtada_aggregated","trait2","pp08_fdp",0.8,0.948717948717949
20260857,45,500,15,3000,3000,3000,3000,"fast","control_informative",0.05,5,0.01,"","mtada_aggregated","trait2","pp08_discoveries",0.8,39
20260857,45,500,15,3000,3000,3000,3000,"fast","control_informative",0.05,5,0.01,"","mtada_aggregated","pleiotropy","pp08_power",0.8,0
20260857,45,500,15,3000,3000,3000,3000,"fast","control_informative",0.05,5,0.01,"","mtada_aggregated","pleiotropy","pp08_fdp",0.8,1
20260857,45,500,15,3000,3000,3000,3000,"fast","control_informative",0.05,5,0.01,"","mtada_aggregated","pleiotropy","pp08_discoveries",0.8,3
20260857,45,500,15,3000,3000,3000,3000,"fast","control_informative",0.05,5,0.01,"","mtada_aggregated","trait1","bfdr_observed_fdp",0.01,0.774193548387097
20260857,45,500,15,3000,3000,3000,3000,"fast","control_informative",0.05,5,0.01,"","mtada_aggregated","trait1","bfdr_estimate",0.01,0.00955870321740303
20260857,45,500,15,3000,3000,3000,3000,"fast","control_informative",0.05,5,0.01,"","mtada_aggregated","trait1","bfdr_power",0.01,0.28
20260857,45,500,15,3000,3000,3000,3000,"fast","control_informative",0.05,5,0.01,"","mtada_aggregated","trait1","bfdr_discoveries",0.01,31
20260857,45,500,15,3000,3000,3000,3000,"fast","control_informative",0.05,5,0.01,"","mtada_aggregated","trait1","bfdr_observed_fdp",0.05,0.81578947368421
20260857,45,500,15,3000,3000,3000,3000,"fast","control_informative",0.05,5,0.01,"","mtada_aggregated","trait1","bfdr_estimate",0.05,0.0463067013280853
20260857,45,500,15,3000,3000,3000,3000,"fast","control_informative",0.05,5,0.01,"","mtada_aggregated","trait1","bfdr_power",0.05,0.28
20260857,45,500,15,3000,3000,3000,3000,"fast","control_informative",0.05,5,0.01,"","mtada_aggregated","trait1","bfdr_discoveries",0.05,38
20260857,45,500,15,3000,3000,3000,3000,"fast","control_informative",0.05,5,0.01,"","mtada_aggregated","trait1","bfdr_observed_fdp",0.1,0.840909090909091
20260857,45,500,15,3000,3000,3000,3000,"fast","control_informative",0.05,5,0.01,"","mtada_aggregated","trait1","bfdr_estimate",0.1,0.0917164116926443
20260857,45,500,15,3000,3000,3000,3000,"fast","control_informative",0.05,5,0.01,"","mtada_aggregated","trait1","bfdr_power",0.1,0.28
20260857,45,500,15,3000,3000,3000,3000,"fast","control_informative",0.05,5,0.01,"","mtada_aggregated","trait1","bfdr_discoveries",0.1,44
20260857,45,500,15,3000,3000,3000,3000,"fast","control_informative",0.05,5,0.01,"","mtada_aggregated","trait1","bfdr_observed_fdp",0.2,0.872727272727273
20260857,45,500,15,3000,3000,3000,3000,"fast","control_informative",0.05,5,0.01,"","mtada_aggregated","trait1","bfdr_estimate",0.2,0.192866525104619
20260857,45,500,15,3000,3000,3000,3000,"fast","control_informative",0.05,5,0.01,"","mtada_aggregated","trait1","bfdr_power",0.2,0.28
20260857,45,500,15,3000,3000,3000,3000,"fast","control_informative",0.05,5,0.01,"","mtada_aggregated","trait1","bfdr_discoveries",0.2,55
20260857,45,500,15,3000,3000,3000,3000,"fast","control_informative",0.05,5,0.01,"","mtada_aggregated","trait2","bfdr_observed_fdp",0.01,0.935483870967742
20260857,45,500,15,3000,3000,3000,3000,"fast","control_informative",0.05,5,0.01,"","mtada_aggregated","trait2","bfdr_estimate",0.01,0.00986776408669153
20260857,45,500,15,3000,3000,3000,3000,"fast","control_informative",0.05,5,0.01,"","mtada_aggregated","trait2","bfdr_power",0.01,0.2
20260857,45,500,15,3000,3000,3000,3000,"fast","control_informative",0.05,5,0.01,"","mtada_aggregated","trait2","bfdr_discoveries",0.01,31
20260857,45,500,15,3000,3000,3000,3000,"fast","control_informative",0.05,5,0.01,"","mtada_aggregated","trait2","bfdr_observed_fdp",0.05,0.951219512195122
20260857,45,500,15,3000,3000,3000,3000,"fast","control_informative",0.05,5,0.01,"","mtada_aggregated","trait2","bfdr_estimate",0.05,0.0471995942764343
20260857,45,500,15,3000,3000,3000,3000,"fast","control_informative",0.05,5,0.01,"","mtada_aggregated","trait2","bfdr_power",0.05,0.2
20260857,45,500,15,3000,3000,3000,3000,"fast","control_informative",0.05,5,0.01,"","mtada_aggregated","trait2","bfdr_discoveries",0.05,41
20260857,45,500,15,3000,3000,3000,3000,"fast","control_informative",0.05,5,0.01,"","mtada_aggregated","trait2","bfdr_observed_fdp",0.1,0.933333333333333
20260857,45,500,15,3000,3000,3000,3000,"fast","control_informative",0.05,5,0.01,"","mtada_aggregated","trait2","bfdr_estimate",0.1,0.094591163442495
20260857,45,500,15,3000,3000,3000,3000,"fast","control_informative",0.05,5,0.01,"","mtada_aggregated","trait2","bfdr_power",0.1,0.3
20260857,45,500,15,3000,3000,3000,3000,"fast","control_informative",0.05,5,0.01,"","mtada_aggregated","trait2","bfdr_discoveries",0.1,45
20260857,45,500,15,3000,3000,3000,3000,"fast","control_informative",0.05,5,0.01,"","mtada_aggregated","trait2","bfdr_observed_fdp",0.2,0.941176470588235
20260857,45,500,15,3000,3000,3000,3000,"fast","control_informative",0.05,5,0.01,"","mtada_aggregated","trait2","bfdr_estimate",0.2,0.187473035282218
20260857,45,500,15,3000,3000,3000,3000,"fast","control_informative",0.05,5,0.01,"","mtada_aggregated","trait2","bfdr_power",0.2,0.3
20260857,45,500,15,3000,3000,3000,3000,"fast","control_informative",0.05,5,0.01,"","mtada_aggregated","trait2","bfdr_discoveries",0.2,51
20260857,45,500,15,3000,3000,3000,3000,"fast","control_informative",0.05,5,0.01,"","mtada_aggregated","pleiotropy","bfdr_observed_fdp",0.01,1
20260857,45,500,15,3000,3000,3000,3000,"fast","control_informative",0.05,5,0.01,"","mtada_aggregated","pleiotropy","bfdr_estimate",0.01,0.00120458794415235
20260857,45,500,15,3000,3000,3000,3000,"fast","control_informative",0.05,5,0.01,"","mtada_aggregated","pleiotropy","bfdr_power",0.01,0
20260857,45,500,15,3000,3000,3000,3000,"fast","control_informative",0.05,5,0.01,"","mtada_aggregated","pleiotropy","bfdr_discoveries",0.01,1
20260857,45,500,15,3000,3000,3000,3000,"fast","control_informative",0.05,5,0.01,"","mtada_aggregated","pleiotropy","bfdr_observed_fdp",0.05,1
20260857,45,500,15,3000,3000,3000,3000,"fast","control_informative",0.05,5,0.01,"","mtada_aggregated","pleiotropy","bfdr_estimate",0.05,0.0316278961098031
20260857,45,500,15,3000,3000,3000,3000,"fast","control_informative",0.05,5,0.01,"","mtada_aggregated","pleiotropy","bfdr_power",0.05,0
20260857,45,500,15,3000,3000,3000,3000,"fast","control_informative",0.05,5,0.01,"","mtada_aggregated","pleiotropy","bfdr_discoveries",0.05,2
20260857,45,500,15,3000,3000,3000,3000,"fast","control_informative",0.05,5,0.01,"","mtada_aggregated","pleiotropy","bfdr_observed_fdp",0.1,1
20260857,45,500,15,3000,3000,3000,3000,"fast","control_informative",0.05,5,0.01,"","mtada_aggregated","pleiotropy","bfdr_estimate",0.1,0.0589124552666257
20260857,45,500,15,3000,3000,3000,3000,"fast","control_informative",0.05,5,0.01,"","mtada_aggregated","pleiotropy","bfdr_power",0.1,0
20260857,45,500,15,3000,3000,3000,3000,"fast","control_informative",0.05,5,0.01,"","mtada_aggregated","pleiotropy","bfdr_discoveries",0.1,3
20260857,45,500,15,3000,3000,3000,3000,"fast","control_informative",0.05,5,0.01,"","mtada_aggregated","pleiotropy","bfdr_observed_fdp",0.2,1
20260857,45,500,15,3000,3000,3000,3000,"fast","control_informative",0.05,5,0.01,"","mtada_aggregated","pleiotropy","bfdr_estimate",0.2,0.147150395803856
20260857,45,500,15,3000,3000,3000,3000,"fast","control_informative",0.05,5,0.01,"","mtada_aggregated","pleiotropy","bfdr_power",0.2,0
20260857,45,500,15,3000,3000,3000,3000,"fast","control_informative",0.05,5,0.01,"","mtada_aggregated","pleiotropy","bfdr_discoveries",0.2,4
20260857,45,500,15,3000,3000,3000,3000,"fast","control_informative",0.05,5,0.01,"","mtada_aggregated","global","runtime_seconds",NA,0.695999999999913
20260857,45,500,15,3000,3000,3000,3000,"fast","control_informative",0.05,5,0.01,"","mtada_aggregated","pleiotropy","pi11_estimate",NA,0.000690661
20260858,46,500,15,3000,3000,3000,3000,"fast","control_informative",0.05,5,0.01,"","mirage_joint","trait1","auc",NA,0.590147368421053
20260858,46,500,15,3000,3000,3000,3000,"fast","control_informative",0.05,5,0.01,"","mirage_joint","trait2","auc",NA,0.557755102040816
20260858,46,500,15,3000,3000,3000,3000,"fast","control_informative",0.05,5,0.01,"","mirage_joint","pleiotropy","auc",NA,0.758787878787879
20260858,46,500,15,3000,3000,3000,3000,"fast","control_informative",0.05,5,0.01,"","mirage_joint","trait1","pp08_power",0.8,0.12
20260858,46,500,15,3000,3000,3000,3000,"fast","control_informative",0.05,5,0.01,"","mirage_joint","trait1","pp08_fdp",0.8,0.25
20260858,46,500,15,3000,3000,3000,3000,"fast","control_informative",0.05,5,0.01,"","mirage_joint","trait1","pp08_discoveries",0.8,4
20260858,46,500,15,3000,3000,3000,3000,"fast","control_informative",0.05,5,0.01,"","mirage_joint","trait2","pp08_power",0.8,0.1
20260858,46,500,15,3000,3000,3000,3000,"fast","control_informative",0.05,5,0.01,"","mirage_joint","trait2","pp08_fdp",0.8,0
20260858,46,500,15,3000,3000,3000,3000,"fast","control_informative",0.05,5,0.01,"","mirage_joint","trait2","pp08_discoveries",0.8,1
20260858,46,500,15,3000,3000,3000,3000,"fast","control_informative",0.05,5,0.01,"","mirage_joint","pleiotropy","pp08_power",0.8,0.2
20260858,46,500,15,3000,3000,3000,3000,"fast","control_informative",0.05,5,0.01,"","mirage_joint","pleiotropy","pp08_fdp",0.8,0
20260858,46,500,15,3000,3000,3000,3000,"fast","control_informative",0.05,5,0.01,"","mirage_joint","pleiotropy","pp08_discoveries",0.8,1
20260858,46,500,15,3000,3000,3000,3000,"fast","control_informative",0.05,5,0.01,"","mirage_joint","trait1","bfdr_observed_fdp",0.01,0
20260858,46,500,15,3000,3000,3000,3000,"fast","control_informative",0.05,5,0.01,"","mirage_joint","trait1","bfdr_estimate",0.01,3.62790036873006e-05
20260858,46,500,15,3000,3000,3000,3000,"fast","control_informative",0.05,5,0.01,"","mirage_joint","trait1","bfdr_power",0.01,0.04
20260858,46,500,15,3000,3000,3000,3000,"fast","control_informative",0.05,5,0.01,"","mirage_joint","trait1","bfdr_discoveries",0.01,1
20260858,46,500,15,3000,3000,3000,3000,"fast","control_informative",0.05,5,0.01,"","mirage_joint","trait1","bfdr_observed_fdp",0.05,0
20260858,46,500,15,3000,3000,3000,3000,"fast","control_informative",0.05,5,0.01,"","mirage_joint","trait1","bfdr_estimate",0.05,0.0193907730797768
20260858,46,500,15,3000,3000,3000,3000,"fast","control_informative",0.05,5,0.01,"","mirage_joint","trait1","bfdr_power",0.05,0.12
20260858,46,500,15,3000,3000,3000,3000,"fast","control_informative",0.05,5,0.01,"","mirage_joint","trait1","bfdr_discoveries",0.05,3
20260858,46,500,15,3000,3000,3000,3000,"fast","control_informative",0.05,5,0.01,"","mirage_joint","trait1","bfdr_observed_fdp",0.1,0.2
20260858,46,500,15,3000,3000,3000,3000,"fast","control_informative",0.05,5,0.01,"","mirage_joint","trait1","bfdr_estimate",0.1,0.0838724740301666
20260858,46,500,15,3000,3000,3000,3000,"fast","control_informative",0.05,5,0.01,"","mirage_joint","trait1","bfdr_power",0.1,0.16
20260858,46,500,15,3000,3000,3000,3000,"fast","control_informative",0.05,5,0.01,"","mirage_joint","trait1","bfdr_discoveries",0.1,5
20260858,46,500,15,3000,3000,3000,3000,"fast","control_informative",0.05,5,0.01,"","mirage_joint","trait1","bfdr_observed_fdp",0.2,0.333333333333333
20260858,46,500,15,3000,3000,3000,3000,"fast","control_informative",0.05,5,0.01,"","mirage_joint","trait1","bfdr_estimate",0.2,0.15963190054494
20260858,46,500,15,3000,3000,3000,3000,"fast","control_informative",0.05,5,0.01,"","mirage_joint","trait1","bfdr_power",0.2,0.16
20260858,46,500,15,3000,3000,3000,3000,"fast","control_informative",0.05,5,0.01,"","mirage_joint","trait1","bfdr_discoveries",0.2,6
20260858,46,500,15,3000,3000,3000,3000,"fast","control_informative",0.05,5,0.01,"","mirage_joint","trait2","bfdr_observed_fdp",0.01,0
20260858,46,500,15,3000,3000,3000,3000,"fast","control_informative",0.05,5,0.01,"","mirage_joint","trait2","bfdr_estimate",0.01,0
20260858,46,500,15,3000,3000,3000,3000,"fast","control_informative",0.05,5,0.01,"","mirage_joint","trait2","bfdr_power",0.01,0
20260858,46,500,15,3000,3000,3000,3000,"fast","control_informative",0.05,5,0.01,"","mirage_joint","trait2","bfdr_discoveries",0.01,0
20260858,46,500,15,3000,3000,3000,3000,"fast","control_informative",0.05,5,0.01,"","mirage_joint","trait2","bfdr_observed_fdp",0.05,0
20260858,46,500,15,3000,3000,3000,3000,"fast","control_informative",0.05,5,0.01,"","mirage_joint","trait2","bfdr_estimate",0.05,0.0341456293196845
20260858,46,500,15,3000,3000,3000,3000,"fast","control_informative",0.05,5,0.01,"","mirage_joint","trait2","bfdr_power",0.05,0.1
20260858,46,500,15,3000,3000,3000,3000,"fast","control_informative",0.05,5,0.01,"","mirage_joint","trait2","bfdr_discoveries",0.05,1
20260858,46,500,15,3000,3000,3000,3000,"fast","control_informative",0.05,5,0.01,"","mirage_joint","trait2","bfdr_observed_fdp",0.1,0
20260858,46,500,15,3000,3000,3000,3000,"fast","control_informative",0.05,5,0.01,"","mirage_joint","trait2","bfdr_estimate",0.1,0.0341456293196845
20260858,46,500,15,3000,3000,3000,3000,"fast","control_informative",0.05,5,0.01,"","mirage_joint","trait2","bfdr_power",0.1,0.1
20260858,46,500,15,3000,3000,3000,3000,"fast","control_informative",0.05,5,0.01,"","mirage_joint","trait2","bfdr_discoveries",0.1,1
20260858,46,500,15,3000,3000,3000,3000,"fast","control_informative",0.05,5,0.01,"","mirage_joint","trait2","bfdr_observed_fdp",0.2,0
20260858,46,500,15,3000,3000,3000,3000,"fast","control_informative",0.05,5,0.01,"","mirage_joint","trait2","bfdr_estimate",0.2,0.0341456293196845
20260858,46,500,15,3000,3000,3000,3000,"fast","control_informative",0.05,5,0.01,"","mirage_joint","trait2","bfdr_power",0.2,0.1
20260858,46,500,15,3000,3000,3000,3000,"fast","control_informative",0.05,5,0.01,"","mirage_joint","trait2","bfdr_discoveries",0.2,1
20260858,46,500,15,3000,3000,3000,3000,"fast","control_informative",0.05,5,0.01,"","mirage_joint","pleiotropy","bfdr_observed_fdp",0.01,0
20260858,46,500,15,3000,3000,3000,3000,"fast","control_informative",0.05,5,0.01,"","mirage_joint","pleiotropy","bfdr_estimate",0.01,0
20260858,46,500,15,3000,3000,3000,3000,"fast","control_informative",0.05,5,0.01,"","mirage_joint","pleiotropy","bfdr_power",0.01,0
20260858,46,500,15,3000,3000,3000,3000,"fast","control_informative",0.05,5,0.01,"","mirage_joint","pleiotropy","bfdr_discoveries",0.01,0
20260858,46,500,15,3000,3000,3000,3000,"fast","control_informative",0.05,5,0.01,"","mirage_joint","pleiotropy","bfdr_observed_fdp",0.05,0
20260858,46,500,15,3000,3000,3000,3000,"fast","control_informative",0.05,5,0.01,"","mirage_joint","pleiotropy","bfdr_estimate",0.05,0.0394055366124496
20260858,46,500,15,3000,3000,3000,3000,"fast","control_informative",0.05,5,0.01,"","mirage_joint","pleiotropy","bfdr_power",0.05,0.2
20260858,46,500,15,3000,3000,3000,3000,"fast","control_informative",0.05,5,0.01,"","mirage_joint","pleiotropy","bfdr_discoveries",0.05,1
20260858,46,500,15,3000,3000,3000,3000,"fast","control_informative",0.05,5,0.01,"","mirage_joint","pleiotropy","bfdr_observed_fdp",0.1,0
20260858,46,500,15,3000,3000,3000,3000,"fast","control_informative",0.05,5,0.01,"","mirage_joint","pleiotropy","bfdr_estimate",0.1,0.0394055366124496
20260858,46,500,15,3000,3000,3000,3000,"fast","control_informative",0.05,5,0.01,"","mirage_joint","pleiotropy","bfdr_power",0.1,0.2
20260858,46,500,15,3000,3000,3000,3000,"fast","control_informative",0.05,5,0.01,"","mirage_joint","pleiotropy","bfdr_discoveries",0.1,1
20260858,46,500,15,3000,3000,3000,3000,"fast","control_informative",0.05,5,0.01,"","mirage_joint","pleiotropy","bfdr_observed_fdp",0.2,0
20260858,46,500,15,3000,3000,3000,3000,"fast","control_informative",0.05,5,0.01,"","mirage_joint","pleiotropy","bfdr_estimate",0.2,0.0394055366124496
20260858,46,500,15,3000,3000,3000,3000,"fast","control_informative",0.05,5,0.01,"","mirage_joint","pleiotropy","bfdr_power",0.2,0.2
20260858,46,500,15,3000,3000,3000,3000,"fast","control_informative",0.05,5,0.01,"","mirage_joint","pleiotropy","bfdr_discoveries",0.2,1
20260858,46,500,15,3000,3000,3000,3000,"fast","control_informative",0.05,5,0.01,"","mirage_joint","global","runtime_seconds",NA,18.619
20260858,46,500,15,3000,3000,3000,3000,"fast","control_informative",0.05,5,0.01,"","mirage_joint","pleiotropy","pi11_estimate",NA,0.016359956134192
20260858,46,500,15,3000,3000,3000,3000,"fast","control_informative",0.05,5,0.01,"","separate_mirage","trait1","auc",NA,0.556378947368421
20260858,46,500,15,3000,3000,3000,3000,"fast","control_informative",0.05,5,0.01,"","separate_mirage","trait2","auc",NA,0.609387755102041
20260858,46,500,15,3000,3000,3000,3000,"fast","control_informative",0.05,5,0.01,"","separate_mirage","pleiotropy","auc",NA,0.768888888888889
20260858,46,500,15,3000,3000,3000,3000,"fast","control_informative",0.05,5,0.01,"","separate_mirage","trait1","pp08_power",0.8,0.08
20260858,46,500,15,3000,3000,3000,3000,"fast","control_informative",0.05,5,0.01,"","separate_mirage","trait1","pp08_fdp",0.8,0.333333333333333
20260858,46,500,15,3000,3000,3000,3000,"fast","control_informative",0.05,5,0.01,"","separate_mirage","trait1","pp08_discoveries",0.8,3
20260858,46,500,15,3000,3000,3000,3000,"fast","control_informative",0.05,5,0.01,"","separate_mirage","trait2","pp08_power",0.8,0.1
20260858,46,500,15,3000,3000,3000,3000,"fast","control_informative",0.05,5,0.01,"","separate_mirage","trait2","pp08_fdp",0.8,0
20260858,46,500,15,3000,3000,3000,3000,"fast","control_informative",0.05,5,0.01,"","separate_mirage","trait2","pp08_discoveries",0.8,1
20260858,46,500,15,3000,3000,3000,3000,"fast","control_informative",0.05,5,0.01,"","separate_mirage","pleiotropy","pp08_power",0.8,0
20260858,46,500,15,3000,3000,3000,3000,"fast","control_informative",0.05,5,0.01,"","separate_mirage","pleiotropy","pp08_fdp",0.8,0
20260858,46,500,15,3000,3000,3000,3000,"fast","control_informative",0.05,5,0.01,"","separate_mirage","pleiotropy","pp08_discoveries",0.8,0
20260858,46,500,15,3000,3000,3000,3000,"fast","control_informative",0.05,5,0.01,"","separate_mirage","trait1","bfdr_observed_fdp",0.01,0
20260858,46,500,15,3000,3000,3000,3000,"fast","control_informative",0.05,5,0.01,"","separate_mirage","trait1","bfdr_estimate",0.01,0.00921373899485878
20260858,46,500,15,3000,3000,3000,3000,"fast","control_informative",0.05,5,0.01,"","separate_mirage","trait1","bfdr_power",0.01,0.08
20260858,46,500,15,3000,3000,3000,3000,"fast","control_informative",0.05,5,0.01,"","separate_mirage","trait1","bfdr_discoveries",0.01,2
20260858,46,500,15,3000,3000,3000,3000,"fast","control_informative",0.05,5,0.01,"","separate_mirage","trait1","bfdr_observed_fdp",0.05,0
20260858,46,500,15,3000,3000,3000,3000,"fast","control_informative",0.05,5,0.01,"","separate_mirage","trait1","bfdr_estimate",0.05,0.00921373899485878
20260858,46,500,15,3000,3000,3000,3000,"fast","control_informative",0.05,5,0.01,"","separate_mirage","trait1","bfdr_power",0.05,0.08
20260858,46,500,15,3000,3000,3000,3000,"fast","control_informative",0.05,5,0.01,"","separate_mirage","trait1","bfdr_discoveries",0.05,2
20260858,46,500,15,3000,3000,3000,3000,"fast","control_informative",0.05,5,0.01,"","separate_mirage","trait1","bfdr_observed_fdp",0.1,0.333333333333333
20260858,46,500,15,3000,3000,3000,3000,"fast","control_informative",0.05,5,0.01,"","separate_mirage","trait1","bfdr_estimate",0.1,0.0653822477127608
20260858,46,500,15,3000,3000,3000,3000,"fast","control_informative",0.05,5,0.01,"","separate_mirage","trait1","bfdr_power",0.1,0.08
20260858,46,500,15,3000,3000,3000,3000,"fast","control_informative",0.05,5,0.01,"","separate_mirage","trait1","bfdr_discoveries",0.1,3
20260858,46,500,15,3000,3000,3000,3000,"fast","control_informative",0.05,5,0.01,"","separate_mirage","trait1","bfdr_observed_fdp",0.2,0.4
20260858,46,500,15,3000,3000,3000,3000,"fast","control_informative",0.05,5,0.01,"","separate_mirage","trait1","bfdr_estimate",0.2,0.198837114068204
20260858,46,500,15,3000,3000,3000,3000,"fast","control_informative",0.05,5,0.01,"","separate_mirage","trait1","bfdr_power",0.2,0.12
20260858,46,500,15,3000,3000,3000,3000,"fast","control_informative",0.05,5,0.01,"","separate_mirage","trait1","bfdr_discoveries",0.2,5
20260858,46,500,15,3000,3000,3000,3000,"fast","control_informative",0.05,5,0.01,"","separate_mirage","trait2","bfdr_observed_fdp",0.01,0
20260858,46,500,15,3000,3000,3000,3000,"fast","control_informative",0.05,5,0.01,"","separate_mirage","trait2","bfdr_estimate",0.01,0
20260858,46,500,15,3000,3000,3000,3000,"fast","control_informative",0.05,5,0.01,"","separate_mirage","trait2","bfdr_power",0.01,0
20260858,46,500,15,3000,3000,3000,3000,"fast","control_informative",0.05,5,0.01,"","separate_mirage","trait2","bfdr_discoveries",0.01,0
20260858,46,500,15,3000,3000,3000,3000,"fast","control_informative",0.05,5,0.01,"","separate_mirage","trait2","bfdr_observed_fdp",0.05,0
20260858,46,500,15,3000,3000,3000,3000,"fast","control_informative",0.05,5,0.01,"","separate_mirage","trait2","bfdr_estimate",0.05,0
20260858,46,500,15,3000,3000,3000,3000,"fast","control_informative",0.05,5,0.01,"","separate_mirage","trait2","bfdr_power",0.05,0
20260858,46,500,15,3000,3000,3000,3000,"fast","control_informative",0.05,5,0.01,"","separate_mirage","trait2","bfdr_discoveries",0.05,0
20260858,46,500,15,3000,3000,3000,3000,"fast","control_informative",0.05,5,0.01,"","separate_mirage","trait2","bfdr_observed_fdp",0.1,0
20260858,46,500,15,3000,3000,3000,3000,"fast","control_informative",0.05,5,0.01,"","separate_mirage","trait2","bfdr_estimate",0.1,0.0550794528312585
20260858,46,500,15,3000,3000,3000,3000,"fast","control_informative",0.05,5,0.01,"","separate_mirage","trait2","bfdr_power",0.1,0.1
20260858,46,500,15,3000,3000,3000,3000,"fast","control_informative",0.05,5,0.01,"","separate_mirage","trait2","bfdr_discoveries",0.1,1
20260858,46,500,15,3000,3000,3000,3000,"fast","control_informative",0.05,5,0.01,"","separate_mirage","trait2","bfdr_observed_fdp",0.2,0
20260858,46,500,15,3000,3000,3000,3000,"fast","control_informative",0.05,5,0.01,"","separate_mirage","trait2","bfdr_estimate",0.2,0.0550794528312585
20260858,46,500,15,3000,3000,3000,3000,"fast","control_informative",0.05,5,0.01,"","separate_mirage","trait2","bfdr_power",0.2,0.1
20260858,46,500,15,3000,3000,3000,3000,"fast","control_informative",0.05,5,0.01,"","separate_mirage","trait2","bfdr_discoveries",0.2,1
20260858,46,500,15,3000,3000,3000,3000,"fast","control_informative",0.05,5,0.01,"","separate_mirage","pleiotropy","bfdr_observed_fdp",0.01,0
20260858,46,500,15,3000,3000,3000,3000,"fast","control_informative",0.05,5,0.01,"","separate_mirage","pleiotropy","bfdr_estimate",0.01,0
20260858,46,500,15,3000,3000,3000,3000,"fast","control_informative",0.05,5,0.01,"","separate_mirage","pleiotropy","bfdr_power",0.01,0
20260858,46,500,15,3000,3000,3000,3000,"fast","control_informative",0.05,5,0.01,"","separate_mirage","pleiotropy","bfdr_discoveries",0.01,0
20260858,46,500,15,3000,3000,3000,3000,"fast","control_informative",0.05,5,0.01,"","separate_mirage","pleiotropy","bfdr_observed_fdp",0.05,0
20260858,46,500,15,3000,3000,3000,3000,"fast","control_informative",0.05,5,0.01,"","separate_mirage","pleiotropy","bfdr_estimate",0.05,0
20260858,46,500,15,3000,3000,3000,3000,"fast","control_informative",0.05,5,0.01,"","separate_mirage","pleiotropy","bfdr_power",0.05,0
20260858,46,500,15,3000,3000,3000,3000,"fast","control_informative",0.05,5,0.01,"","separate_mirage","pleiotropy","bfdr_discoveries",0.05,0
20260858,46,500,15,3000,3000,3000,3000,"fast","control_informative",0.05,5,0.01,"","separate_mirage","pleiotropy","bfdr_observed_fdp",0.1,0
20260858,46,500,15,3000,3000,3000,3000,"fast","control_informative",0.05,5,0.01,"","separate_mirage","pleiotropy","bfdr_estimate",0.1,0
20260858,46,500,15,3000,3000,3000,3000,"fast","control_informative",0.05,5,0.01,"","separate_mirage","pleiotropy","bfdr_power",0.1,0
20260858,46,500,15,3000,3000,3000,3000,"fast","control_informative",0.05,5,0.01,"","separate_mirage","pleiotropy","bfdr_discoveries",0.1,0
20260858,46,500,15,3000,3000,3000,3000,"fast","control_informative",0.05,5,0.01,"","separate_mirage","pleiotropy","bfdr_observed_fdp",0.2,0
20260858,46,500,15,3000,3000,3000,3000,"fast","control_informative",0.05,5,0.01,"","separate_mirage","pleiotropy","bfdr_estimate",0.2,0
20260858,46,500,15,3000,3000,3000,3000,"fast","control_informative",0.05,5,0.01,"","separate_mirage","pleiotropy","bfdr_power",0.2,0
20260858,46,500,15,3000,3000,3000,3000,"fast","control_informative",0.05,5,0.01,"","separate_mirage","pleiotropy","bfdr_discoveries",0.2,0
20260858,46,500,15,3000,3000,3000,3000,"fast","control_informative",0.05,5,0.01,"","separate_mirage","global","runtime_seconds",NA,18.323
20260858,46,500,15,3000,3000,3000,3000,"fast","control_informative",0.05,5,0.01,"","separate_mirage","pleiotropy","pi11_estimate",NA,0.001
20260858,46,500,15,3000,3000,3000,3000,"fast","control_informative",0.05,5,0.01,"","mtada_aggregated","trait1","auc",NA,0.603031578947368
20260858,46,500,15,3000,3000,3000,3000,"fast","control_informative",0.05,5,0.01,"","mtada_aggregated","trait2","auc",NA,0.513469387755102
20260858,46,500,15,3000,3000,3000,3000,"fast","control_informative",0.05,5,0.01,"","mtada_aggregated","pleiotropy","auc",NA,0.553939393939394
20260858,46,500,15,3000,3000,3000,3000,"fast","control_informative",0.05,5,0.01,"","mtada_aggregated","trait1","pp08_power",0.8,0.24
20260858,46,500,15,3000,3000,3000,3000,"fast","control_informative",0.05,5,0.01,"","mtada_aggregated","trait1","pp08_fdp",0.8,0.818181818181818
20260858,46,500,15,3000,3000,3000,3000,"fast","control_informative",0.05,5,0.01,"","mtada_aggregated","trait1","pp08_discoveries",0.8,33
20260858,46,500,15,3000,3000,3000,3000,"fast","control_informative",0.05,5,0.01,"","mtada_aggregated","trait2","pp08_power",0.8,0
20260858,46,500,15,3000,3000,3000,3000,"fast","control_informative",0.05,5,0.01,"","mtada_aggregated","trait2","pp08_fdp",0.8,1
20260858,46,500,15,3000,3000,3000,3000,"fast","control_informative",0.05,5,0.01,"","mtada_aggregated","trait2","pp08_discoveries",0.8,41
20260858,46,500,15,3000,3000,3000,3000,"fast","control_informative",0.05,5,0.01,"","mtada_aggregated","pleiotropy","pp08_power",0.8,0
20260858,46,500,15,3000,3000,3000,3000,"fast","control_informative",0.05,5,0.01,"","mtada_aggregated","pleiotropy","pp08_fdp",0.8,0
20260858,46,500,15,3000,3000,3000,3000,"fast","control_informative",0.05,5,0.01,"","mtada_aggregated","pleiotropy","pp08_discoveries",0.8,0
20260858,46,500,15,3000,3000,3000,3000,"fast","control_informative",0.05,5,0.01,"","mtada_aggregated","trait1","bfdr_observed_fdp",0.01,0.857142857142857
20260858,46,500,15,3000,3000,3000,3000,"fast","control_informative",0.05,5,0.01,"","mtada_aggregated","trait1","bfdr_estimate",0.01,0.00889575670847649
20260858,46,500,15,3000,3000,3000,3000,"fast","control_informative",0.05,5,0.01,"","mtada_aggregated","trait1","bfdr_power",0.01,0.16
20260858,46,500,15,3000,3000,3000,3000,"fast","control_informative",0.05,5,0.01,"","mtada_aggregated","trait1","bfdr_discoveries",0.01,28
20260858,46,500,15,3000,3000,3000,3000,"fast","control_informative",0.05,5,0.01,"","mtada_aggregated","trait1","bfdr_observed_fdp",0.05,0.833333333333333
20260858,46,500,15,3000,3000,3000,3000,"fast","control_informative",0.05,5,0.01,"","mtada_aggregated","trait1","bfdr_estimate",0.05,0.0442759238007988
20260858,46,500,15,3000,3000,3000,3000,"fast","control_informative",0.05,5,0.01,"","mtada_aggregated","trait1","bfdr_power",0.05,0.24
20260858,46,500,15,3000,3000,3000,3000,"fast","control_informative",0.05,5,0.01,"","mtada_aggregated","trait1","bfdr_discoveries",0.05,36
20260858,46,500,15,3000,3000,3000,3000,"fast","control_informative",0.05,5,0.01,"","mtada_aggregated","trait1","bfdr_observed_fdp",0.1,0.840909090909091
20260858,46,500,15,3000,3000,3000,3000,"fast","control_informative",0.05,5,0.01,"","mtada_aggregated","trait1","bfdr_estimate",0.1,0.0940377495383923
20260858,46,500,15,3000,3000,3000,3000,"fast","control_informative",0.05,5,0.01,"","mtada_aggregated","trait1","bfdr_power",0.1,0.28
20260858,46,500,15,3000,3000,3000,3000,"fast","control_informative",0.05,5,0.01,"","mtada_aggregated","trait1","bfdr_discoveries",0.1,44
20260858,46,500,15,3000,3000,3000,3000,"fast","control_informative",0.05,5,0.01,"","mtada_aggregated","trait1","bfdr_observed_fdp",0.2,0.87719298245614
20260858,46,500,15,3000,3000,3000,3000,"fast","control_informative",0.05,5,0.01,"","mtada_aggregated","trait1","bfdr_estimate",0.2,0.192187785615218
20260858,46,500,15,3000,3000,3000,3000,"fast","control_informative",0.05,5,0.01,"","mtada_aggregated","trait1","bfdr_power",0.2,0.28
20260858,46,500,15,3000,3000,3000,3000,"fast","control_informative",0.05,5,0.01,"","mtada_aggregated","trait1","bfdr_discoveries",0.2,57
20260858,46,500,15,3000,3000,3000,3000,"fast","control_informative",0.05,5,0.01,"","mtada_aggregated","trait2","bfdr_observed_fdp",0.01,1
20260858,46,500,15,3000,3000,3000,3000,"fast","control_informative",0.05,5,0.01,"","mtada_aggregated","trait2","bfdr_estimate",0.01,0.00932290274585511
20260858,46,500,15,3000,3000,3000,3000,"fast","control_informative",0.05,5,0.01,"","mtada_aggregated","trait2","bfdr_power",0.01,0
20260858,46,500,15,3000,3000,3000,3000,"fast","control_informative",0.05,5,0.01,"","mtada_aggregated","trait2","bfdr_discoveries",0.01,37
20260858,46,500,15,3000,3000,3000,3000,"fast","control_informative",0.05,5,0.01,"","mtada_aggregated","trait2","bfdr_observed_fdp",0.05,1
20260858,46,500,15,3000,3000,3000,3000,"fast","control_informative",0.05,5,0.01,"","mtada_aggregated","trait2","bfdr_estimate",0.05,0.0464751508739449
20260858,46,500,15,3000,3000,3000,3000,"fast","control_informative",0.05,5,0.01,"","mtada_aggregated","trait2","bfdr_power",0.05,0
20260858,46,500,15,3000,3000,3000,3000,"fast","control_informative",0.05,5,0.01,"","mtada_aggregated","trait2","bfdr_discoveries",0.05,44
20260858,46,500,15,3000,3000,3000,3000,"fast","control_informative",0.05,5,0.01,"","mtada_aggregated","trait2","bfdr_observed_fdp",0.1,1
20260858,46,500,15,3000,3000,3000,3000,"fast","control_informative",0.05,5,0.01,"","mtada_aggregated","trait2","bfdr_estimate",0.1,0.0936122268755441
20260858,46,500,15,3000,3000,3000,3000,"fast","control_informative",0.05,5,0.01,"","mtada_aggregated","trait2","bfdr_power",0.1,0
20260858,46,500,15,3000,3000,3000,3000,"fast","control_informative",0.05,5,0.01,"","mtada_aggregated","trait2","bfdr_discoveries",0.1,49
20260858,46,500,15,3000,3000,3000,3000,"fast","control_informative",0.05,5,0.01,"","mtada_aggregated","trait2","bfdr_observed_fdp",0.2,1
20260858,46,500,15,3000,3000,3000,3000,"fast","control_informative",0.05,5,0.01,"","mtada_aggregated","trait2","bfdr_estimate",0.2,0.199765573129369
20260858,46,500,15,3000,3000,3000,3000,"fast","control_informative",0.05,5,0.01,"","mtada_aggregated","trait2","bfdr_power",0.2,0
20260858,46,500,15,3000,3000,3000,3000,"fast","control_informative",0.05,5,0.01,"","mtada_aggregated","trait2","bfdr_discoveries",0.2,59
20260858,46,500,15,3000,3000,3000,3000,"fast","control_informative",0.05,5,0.01,"","mtada_aggregated","pleiotropy","bfdr_observed_fdp",0.01,0
20260858,46,500,15,3000,3000,3000,3000,"fast","control_informative",0.05,5,0.01,"","mtada_aggregated","pleiotropy","bfdr_estimate",0.01,0
20260858,46,500,15,3000,3000,3000,3000,"fast","control_informative",0.05,5,0.01,"","mtada_aggregated","pleiotropy","bfdr_power",0.01,0
20260858,46,500,15,3000,3000,3000,3000,"fast","control_informative",0.05,5,0.01,"","mtada_aggregated","pleiotropy","bfdr_discoveries",0.01,0
20260858,46,500,15,3000,3000,3000,3000,"fast","control_informative",0.05,5,0.01,"","mtada_aggregated","pleiotropy","bfdr_observed_fdp",0.05,0
20260858,46,500,15,3000,3000,3000,3000,"fast","control_informative",0.05,5,0.01,"","mtada_aggregated","pleiotropy","bfdr_estimate",0.05,0
20260858,46,500,15,3000,3000,3000,3000,"fast","control_informative",0.05,5,0.01,"","mtada_aggregated","pleiotropy","bfdr_power",0.05,0
20260858,46,500,15,3000,3000,3000,3000,"fast","control_informative",0.05,5,0.01,"","mtada_aggregated","pleiotropy","bfdr_discoveries",0.05,0
20260858,46,500,15,3000,3000,3000,3000,"fast","control_informative",0.05,5,0.01,"","mtada_aggregated","pleiotropy","bfdr_observed_fdp",0.1,0
20260858,46,500,15,3000,3000,3000,3000,"fast","control_informative",0.05,5,0.01,"","mtada_aggregated","pleiotropy","bfdr_estimate",0.1,0
20260858,46,500,15,3000,3000,3000,3000,"fast","control_informative",0.05,5,0.01,"","mtada_aggregated","pleiotropy","bfdr_power",0.1,0
20260858,46,500,15,3000,3000,3000,3000,"fast","control_informative",0.05,5,0.01,"","mtada_aggregated","pleiotropy","bfdr_discoveries",0.1,0
20260858,46,500,15,3000,3000,3000,3000,"fast","control_informative",0.05,5,0.01,"","mtada_aggregated","pleiotropy","bfdr_observed_fdp",0.2,0
20260858,46,500,15,3000,3000,3000,3000,"fast","control_informative",0.05,5,0.01,"","mtada_aggregated","pleiotropy","bfdr_estimate",0.2,0
20260858,46,500,15,3000,3000,3000,3000,"fast","control_informative",0.05,5,0.01,"","mtada_aggregated","pleiotropy","bfdr_power",0.2,0
20260858,46,500,15,3000,3000,3000,3000,"fast","control_informative",0.05,5,0.01,"","mtada_aggregated","pleiotropy","bfdr_discoveries",0.2,0
20260858,46,500,15,3000,3000,3000,3000,"fast","control_informative",0.05,5,0.01,"","mtada_aggregated","global","runtime_seconds",NA,0.711999999999989
20260858,46,500,15,3000,3000,3000,3000,"fast","control_informative",0.05,5,0.01,"","mtada_aggregated","pleiotropy","pi11_estimate",NA,0.000511485
20260859,47,500,15,3000,3000,3000,3000,"fast","control_informative",0.05,5,0.01,"","mirage_joint","trait1","auc",NA,0.761431578947368
20260859,47,500,15,3000,3000,3000,3000,"fast","control_informative",0.05,5,0.01,"","mirage_joint","trait2","auc",NA,0.687551020408163
20260859,47,500,15,3000,3000,3000,3000,"fast","control_informative",0.05,5,0.01,"","mirage_joint","pleiotropy","auc",NA,0.752727272727273
20260859,47,500,15,3000,3000,3000,3000,"fast","control_informative",0.05,5,0.01,"","mirage_joint","trait1","pp08_power",0.8,0.12
20260859,47,500,15,3000,3000,3000,3000,"fast","control_informative",0.05,5,0.01,"","mirage_joint","trait1","pp08_fdp",0.8,0
20260859,47,500,15,3000,3000,3000,3000,"fast","control_informative",0.05,5,0.01,"","mirage_joint","trait1","pp08_discoveries",0.8,3
20260859,47,500,15,3000,3000,3000,3000,"fast","control_informative",0.05,5,0.01,"","mirage_joint","trait2","pp08_power",0.8,0
20260859,47,500,15,3000,3000,3000,3000,"fast","control_informative",0.05,5,0.01,"","mirage_joint","trait2","pp08_fdp",0.8,0
20260859,47,500,15,3000,3000,3000,3000,"fast","control_informative",0.05,5,0.01,"","mirage_joint","trait2","pp08_discoveries",0.8,0
20260859,47,500,15,3000,3000,3000,3000,"fast","control_informative",0.05,5,0.01,"","mirage_joint","pleiotropy","pp08_power",0.8,0
20260859,47,500,15,3000,3000,3000,3000,"fast","control_informative",0.05,5,0.01,"","mirage_joint","pleiotropy","pp08_fdp",0.8,0
20260859,47,500,15,3000,3000,3000,3000,"fast","control_informative",0.05,5,0.01,"","mirage_joint","pleiotropy","pp08_discoveries",0.8,0
20260859,47,500,15,3000,3000,3000,3000,"fast","control_informative",0.05,5,0.01,"","mirage_joint","trait1","bfdr_observed_fdp",0.01,0
20260859,47,500,15,3000,3000,3000,3000,"fast","control_informative",0.05,5,0.01,"","mirage_joint","trait1","bfdr_estimate",0.01,0
20260859,47,500,15,3000,3000,3000,3000,"fast","control_informative",0.05,5,0.01,"","mirage_joint","trait1","bfdr_power",0.01,0
20260859,47,500,15,3000,3000,3000,3000,"fast","control_informative",0.05,5,0.01,"","mirage_joint","trait1","bfdr_discoveries",0.01,0
20260859,47,500,15,3000,3000,3000,3000,"fast","control_informative",0.05,5,0.01,"","mirage_joint","trait1","bfdr_observed_fdp",0.05,0
20260859,47,500,15,3000,3000,3000,3000,"fast","control_informative",0.05,5,0.01,"","mirage_joint","trait1","bfdr_estimate",0.05,0.0262159627029347
20260859,47,500,15,3000,3000,3000,3000,"fast","control_informative",0.05,5,0.01,"","mirage_joint","trait1","bfdr_power",0.05,0.04
20260859,47,500,15,3000,3000,3000,3000,"fast","control_informative",0.05,5,0.01,"","mirage_joint","trait1","bfdr_discoveries",0.05,1
20260859,47,500,15,3000,3000,3000,3000,"fast","control_informative",0.05,5,0.01,"","mirage_joint","trait1","bfdr_observed_fdp",0.1,0
20260859,47,500,15,3000,3000,3000,3000,"fast","control_informative",0.05,5,0.01,"","mirage_joint","trait1","bfdr_estimate",0.1,0.0763861513675254
20260859,47,500,15,3000,3000,3000,3000,"fast","control_informative",0.05,5,0.01,"","mirage_joint","trait1","bfdr_power",0.1,0.08
20260859,47,500,15,3000,3000,3000,3000,"fast","control_informative",0.05,5,0.01,"","mirage_joint","trait1","bfdr_discoveries",0.1,2
20260859,47,500,15,3000,3000,3000,3000,"fast","control_informative",0.05,5,0.01,"","mirage_joint","trait1","bfdr_observed_fdp",0.2,0
20260859,47,500,15,3000,3000,3000,3000,"fast","control_informative",0.05,5,0.01,"","mirage_joint","trait1","bfdr_estimate",0.2,0.196413784736591
20260859,47,500,15,3000,3000,3000,3000,"fast","control_informative",0.05,5,0.01,"","mirage_joint","trait1","bfdr_power",0.2,0.24
20260859,47,500,15,3000,3000,3000,3000,"fast","control_informative",0.05,5,0.01,"","mirage_joint","trait1","bfdr_discoveries",0.2,6
20260859,47,500,15,3000,3000,3000,3000,"fast","control_informative",0.05,5,0.01,"","mirage_joint","trait2","bfdr_observed_fdp",0.01,0
20260859,47,500,15,3000,3000,3000,3000,"fast","control_informative",0.05,5,0.01,"","mirage_joint","trait2","bfdr_estimate",0.01,0
20260859,47,500,15,3000,3000,3000,3000,"fast","control_informative",0.05,5,0.01,"","mirage_joint","trait2","bfdr_power",0.01,0
20260859,47,500,15,3000,3000,3000,3000,"fast","control_informative",0.05,5,0.01,"","mirage_joint","trait2","bfdr_discoveries",0.01,0
20260859,47,500,15,3000,3000,3000,3000,"fast","control_informative",0.05,5,0.01,"","mirage_joint","trait2","bfdr_observed_fdp",0.05,0
20260859,47,500,15,3000,3000,3000,3000,"fast","control_informative",0.05,5,0.01,"","mirage_joint","trait2","bfdr_estimate",0.05,0
20260859,47,500,15,3000,3000,3000,3000,"fast","control_informative",0.05,5,0.01,"","mirage_joint","trait2","bfdr_power",0.05,0
20260859,47,500,15,3000,3000,3000,3000,"fast","control_informative",0.05,5,0.01,"","mirage_joint","trait2","bfdr_discoveries",0.05,0
20260859,47,500,15,3000,3000,3000,3000,"fast","control_informative",0.05,5,0.01,"","mirage_joint","trait2","bfdr_observed_fdp",0.1,0
20260859,47,500,15,3000,3000,3000,3000,"fast","control_informative",0.05,5,0.01,"","mirage_joint","trait2","bfdr_estimate",0.1,0
20260859,47,500,15,3000,3000,3000,3000,"fast","control_informative",0.05,5,0.01,"","mirage_joint","trait2","bfdr_power",0.1,0
20260859,47,500,15,3000,3000,3000,3000,"fast","control_informative",0.05,5,0.01,"","mirage_joint","trait2","bfdr_discoveries",0.1,0
20260859,47,500,15,3000,3000,3000,3000,"fast","control_informative",0.05,5,0.01,"","mirage_joint","trait2","bfdr_observed_fdp",0.2,0
20260859,47,500,15,3000,3000,3000,3000,"fast","control_informative",0.05,5,0.01,"","mirage_joint","trait2","bfdr_estimate",0.2,0
20260859,47,500,15,3000,3000,3000,3000,"fast","control_informative",0.05,5,0.01,"","mirage_joint","trait2","bfdr_power",0.2,0
20260859,47,500,15,3000,3000,3000,3000,"fast","control_informative",0.05,5,0.01,"","mirage_joint","trait2","bfdr_discoveries",0.2,0
20260859,47,500,15,3000,3000,3000,3000,"fast","control_informative",0.05,5,0.01,"","mirage_joint","pleiotropy","bfdr_observed_fdp",0.01,0
20260859,47,500,15,3000,3000,3000,3000,"fast","control_informative",0.05,5,0.01,"","mirage_joint","pleiotropy","bfdr_estimate",0.01,0
20260859,47,500,15,3000,3000,3000,3000,"fast","control_informative",0.05,5,0.01,"","mirage_joint","pleiotropy","bfdr_power",0.01,0
20260859,47,500,15,3000,3000,3000,3000,"fast","control_informative",0.05,5,0.01,"","mirage_joint","pleiotropy","bfdr_discoveries",0.01,0
20260859,47,500,15,3000,3000,3000,3000,"fast","control_informative",0.05,5,0.01,"","mirage_joint","pleiotropy","bfdr_observed_fdp",0.05,0
20260859,47,500,15,3000,3000,3000,3000,"fast","control_informative",0.05,5,0.01,"","mirage_joint","pleiotropy","bfdr_estimate",0.05,0
20260859,47,500,15,3000,3000,3000,3000,"fast","control_informative",0.05,5,0.01,"","mirage_joint","pleiotropy","bfdr_power",0.05,0
20260859,47,500,15,3000,3000,3000,3000,"fast","control_informative",0.05,5,0.01,"","mirage_joint","pleiotropy","bfdr_discoveries",0.05,0
20260859,47,500,15,3000,3000,3000,3000,"fast","control_informative",0.05,5,0.01,"","mirage_joint","pleiotropy","bfdr_observed_fdp",0.1,0
20260859,47,500,15,3000,3000,3000,3000,"fast","control_informative",0.05,5,0.01,"","mirage_joint","pleiotropy","bfdr_estimate",0.1,0
20260859,47,500,15,3000,3000,3000,3000,"fast","control_informative",0.05,5,0.01,"","mirage_joint","pleiotropy","bfdr_power",0.1,0
20260859,47,500,15,3000,3000,3000,3000,"fast","control_informative",0.05,5,0.01,"","mirage_joint","pleiotropy","bfdr_discoveries",0.1,0
20260859,47,500,15,3000,3000,3000,3000,"fast","control_informative",0.05,5,0.01,"","mirage_joint","pleiotropy","bfdr_observed_fdp",0.2,0
20260859,47,500,15,3000,3000,3000,3000,"fast","control_informative",0.05,5,0.01,"","mirage_joint","pleiotropy","bfdr_estimate",0.2,0
20260859,47,500,15,3000,3000,3000,3000,"fast","control_informative",0.05,5,0.01,"","mirage_joint","pleiotropy","bfdr_power",0.2,0
20260859,47,500,15,3000,3000,3000,3000,"fast","control_informative",0.05,5,0.01,"","mirage_joint","pleiotropy","bfdr_discoveries",0.2,0
20260859,47,500,15,3000,3000,3000,3000,"fast","control_informative",0.05,5,0.01,"","mirage_joint","global","runtime_seconds",NA,18.653
20260859,47,500,15,3000,3000,3000,3000,"fast","control_informative",0.05,5,0.01,"","mirage_joint","pleiotropy","pi11_estimate",NA,0.0320939435104375
20260859,47,500,15,3000,3000,3000,3000,"fast","control_informative",0.05,5,0.01,"","separate_mirage","trait1","auc",NA,0.75621052631579
20260859,47,500,15,3000,3000,3000,3000,"fast","control_informative",0.05,5,0.01,"","separate_mirage","trait2","auc",NA,0.664489795918367
20260859,47,500,15,3000,3000,3000,3000,"fast","control_informative",0.05,5,0.01,"","separate_mirage","pleiotropy","auc",NA,0.72969696969697
20260859,47,500,15,3000,3000,3000,3000,"fast","control_informative",0.05,5,0.01,"","separate_mirage","trait1","pp08_power",0.8,0.04
20260859,47,500,15,3000,3000,3000,3000,"fast","control_informative",0.05,5,0.01,"","separate_mirage","trait1","pp08_fdp",0.8,0
20260859,47,500,15,3000,3000,3000,3000,"fast","control_informative",0.05,5,0.01,"","separate_mirage","trait1","pp08_discoveries",0.8,1
20260859,47,500,15,3000,3000,3000,3000,"fast","control_informative",0.05,5,0.01,"","separate_mirage","trait2","pp08_power",0.8,0
20260859,47,500,15,3000,3000,3000,3000,"fast","control_informative",0.05,5,0.01,"","separate_mirage","trait2","pp08_fdp",0.8,0
20260859,47,500,15,3000,3000,3000,3000,"fast","control_informative",0.05,5,0.01,"","separate_mirage","trait2","pp08_discoveries",0.8,0
20260859,47,500,15,3000,3000,3000,3000,"fast","control_informative",0.05,5,0.01,"","separate_mirage","pleiotropy","pp08_power",0.8,0
20260859,47,500,15,3000,3000,3000,3000,"fast","control_informative",0.05,5,0.01,"","separate_mirage","pleiotropy","pp08_fdp",0.8,0
20260859,47,500,15,3000,3000,3000,3000,"fast","control_informative",0.05,5,0.01,"","separate_mirage","pleiotropy","pp08_discoveries",0.8,0
20260859,47,500,15,3000,3000,3000,3000,"fast","control_informative",0.05,5,0.01,"","separate_mirage","trait1","bfdr_observed_fdp",0.01,0
20260859,47,500,15,3000,3000,3000,3000,"fast","control_informative",0.05,5,0.01,"","separate_mirage","trait1","bfdr_estimate",0.01,0
20260859,47,500,15,3000,3000,3000,3000,"fast","control_informative",0.05,5,0.01,"","separate_mirage","trait1","bfdr_power",0.01,0
20260859,47,500,15,3000,3000,3000,3000,"fast","control_informative",0.05,5,0.01,"","separate_mirage","trait1","bfdr_discoveries",0.01,0
20260859,47,500,15,3000,3000,3000,3000,"fast","control_informative",0.05,5,0.01,"","separate_mirage","trait1","bfdr_observed_fdp",0.05,0
20260859,47,500,15,3000,3000,3000,3000,"fast","control_informative",0.05,5,0.01,"","separate_mirage","trait1","bfdr_estimate",0.05,0.0463718530026259
20260859,47,500,15,3000,3000,3000,3000,"fast","control_informative",0.05,5,0.01,"","separate_mirage","trait1","bfdr_power",0.05,0.04
20260859,47,500,15,3000,3000,3000,3000,"fast","control_informative",0.05,5,0.01,"","separate_mirage","trait1","bfdr_discoveries",0.05,1
20260859,47,500,15,3000,3000,3000,3000,"fast","control_informative",0.05,5,0.01,"","separate_mirage","trait1","bfdr_observed_fdp",0.1,0
20260859,47,500,15,3000,3000,3000,3000,"fast","control_informative",0.05,5,0.01,"","separate_mirage","trait1","bfdr_estimate",0.1,0.0463718530026259
20260859,47,500,15,3000,3000,3000,3000,"fast","control_informative",0.05,5,0.01,"","separate_mirage","trait1","bfdr_power",0.1,0.04
20260859,47,500,15,3000,3000,3000,3000,"fast","control_informative",0.05,5,0.01,"","separate_mirage","trait1","bfdr_discoveries",0.1,1
20260859,47,500,15,3000,3000,3000,3000,"fast","control_informative",0.05,5,0.01,"","separate_mirage","trait1","bfdr_observed_fdp",0.2,0
20260859,47,500,15,3000,3000,3000,3000,"fast","control_informative",0.05,5,0.01,"","separate_mirage","trait1","bfdr_estimate",0.2,0.0463718530026259
20260859,47,500,15,3000,3000,3000,3000,"fast","control_informative",0.05,5,0.01,"","separate_mirage","trait1","bfdr_power",0.2,0.04
20260859,47,500,15,3000,3000,3000,3000,"fast","control_informative",0.05,5,0.01,"","separate_mirage","trait1","bfdr_discoveries",0.2,1
20260859,47,500,15,3000,3000,3000,3000,"fast","control_informative",0.05,5,0.01,"","separate_mirage","trait2","bfdr_observed_fdp",0.01,0
20260859,47,500,15,3000,3000,3000,3000,"fast","control_informative",0.05,5,0.01,"","separate_mirage","trait2","bfdr_estimate",0.01,0
20260859,47,500,15,3000,3000,3000,3000,"fast","control_informative",0.05,5,0.01,"","separate_mirage","trait2","bfdr_power",0.01,0
20260859,47,500,15,3000,3000,3000,3000,"fast","control_informative",0.05,5,0.01,"","separate_mirage","trait2","bfdr_discoveries",0.01,0
20260859,47,500,15,3000,3000,3000,3000,"fast","control_informative",0.05,5,0.01,"","separate_mirage","trait2","bfdr_observed_fdp",0.05,0
20260859,47,500,15,3000,3000,3000,3000,"fast","control_informative",0.05,5,0.01,"","separate_mirage","trait2","bfdr_estimate",0.05,0
20260859,47,500,15,3000,3000,3000,3000,"fast","control_informative",0.05,5,0.01,"","separate_mirage","trait2","bfdr_power",0.05,0
20260859,47,500,15,3000,3000,3000,3000,"fast","control_informative",0.05,5,0.01,"","separate_mirage","trait2","bfdr_discoveries",0.05,0
20260859,47,500,15,3000,3000,3000,3000,"fast","control_informative",0.05,5,0.01,"","separate_mirage","trait2","bfdr_observed_fdp",0.1,0
20260859,47,500,15,3000,3000,3000,3000,"fast","control_informative",0.05,5,0.01,"","separate_mirage","trait2","bfdr_estimate",0.1,0
20260859,47,500,15,3000,3000,3000,3000,"fast","control_informative",0.05,5,0.01,"","separate_mirage","trait2","bfdr_power",0.1,0
20260859,47,500,15,3000,3000,3000,3000,"fast","control_informative",0.05,5,0.01,"","separate_mirage","trait2","bfdr_discoveries",0.1,0
20260859,47,500,15,3000,3000,3000,3000,"fast","control_informative",0.05,5,0.01,"","separate_mirage","trait2","bfdr_observed_fdp",0.2,0
20260859,47,500,15,3000,3000,3000,3000,"fast","control_informative",0.05,5,0.01,"","separate_mirage","trait2","bfdr_estimate",0.2,0
20260859,47,500,15,3000,3000,3000,3000,"fast","control_informative",0.05,5,0.01,"","separate_mirage","trait2","bfdr_power",0.2,0
20260859,47,500,15,3000,3000,3000,3000,"fast","control_informative",0.05,5,0.01,"","separate_mirage","trait2","bfdr_discoveries",0.2,0
20260859,47,500,15,3000,3000,3000,3000,"fast","control_informative",0.05,5,0.01,"","separate_mirage","pleiotropy","bfdr_observed_fdp",0.01,0
20260859,47,500,15,3000,3000,3000,3000,"fast","control_informative",0.05,5,0.01,"","separate_mirage","pleiotropy","bfdr_estimate",0.01,0
20260859,47,500,15,3000,3000,3000,3000,"fast","control_informative",0.05,5,0.01,"","separate_mirage","pleiotropy","bfdr_power",0.01,0
20260859,47,500,15,3000,3000,3000,3000,"fast","control_informative",0.05,5,0.01,"","separate_mirage","pleiotropy","bfdr_discoveries",0.01,0
20260859,47,500,15,3000,3000,3000,3000,"fast","control_informative",0.05,5,0.01,"","separate_mirage","pleiotropy","bfdr_observed_fdp",0.05,0
20260859,47,500,15,3000,3000,3000,3000,"fast","control_informative",0.05,5,0.01,"","separate_mirage","pleiotropy","bfdr_estimate",0.05,0
20260859,47,500,15,3000,3000,3000,3000,"fast","control_informative",0.05,5,0.01,"","separate_mirage","pleiotropy","bfdr_power",0.05,0
20260859,47,500,15,3000,3000,3000,3000,"fast","control_informative",0.05,5,0.01,"","separate_mirage","pleiotropy","bfdr_discoveries",0.05,0
20260859,47,500,15,3000,3000,3000,3000,"fast","control_informative",0.05,5,0.01,"","separate_mirage","pleiotropy","bfdr_observed_fdp",0.1,0
20260859,47,500,15,3000,3000,3000,3000,"fast","control_informative",0.05,5,0.01,"","separate_mirage","pleiotropy","bfdr_estimate",0.1,0
20260859,47,500,15,3000,3000,3000,3000,"fast","control_informative",0.05,5,0.01,"","separate_mirage","pleiotropy","bfdr_power",0.1,0
20260859,47,500,15,3000,3000,3000,3000,"fast","control_informative",0.05,5,0.01,"","separate_mirage","pleiotropy","bfdr_discoveries",0.1,0
20260859,47,500,15,3000,3000,3000,3000,"fast","control_informative",0.05,5,0.01,"","separate_mirage","pleiotropy","bfdr_observed_fdp",0.2,0
20260859,47,500,15,3000,3000,3000,3000,"fast","control_informative",0.05,5,0.01,"","separate_mirage","pleiotropy","bfdr_estimate",0.2,0
20260859,47,500,15,3000,3000,3000,3000,"fast","control_informative",0.05,5,0.01,"","separate_mirage","pleiotropy","bfdr_power",0.2,0
20260859,47,500,15,3000,3000,3000,3000,"fast","control_informative",0.05,5,0.01,"","separate_mirage","pleiotropy","bfdr_discoveries",0.2,0
20260859,47,500,15,3000,3000,3000,3000,"fast","control_informative",0.05,5,0.01,"","separate_mirage","global","runtime_seconds",NA,18.32
20260859,47,500,15,3000,3000,3000,3000,"fast","control_informative",0.05,5,0.01,"","separate_mirage","pleiotropy","pi11_estimate",NA,0.001
20260859,47,500,15,3000,3000,3000,3000,"fast","control_informative",0.05,5,0.01,"","mtada_aggregated","trait1","auc",NA,0.765894736842105
20260859,47,500,15,3000,3000,3000,3000,"fast","control_informative",0.05,5,0.01,"","mtada_aggregated","trait2","auc",NA,0.647142857142857
20260859,47,500,15,3000,3000,3000,3000,"fast","control_informative",0.05,5,0.01,"","mtada_aggregated","pleiotropy","auc",NA,0.841616161616162
20260859,47,500,15,3000,3000,3000,3000,"fast","control_informative",0.05,5,0.01,"","mtada_aggregated","trait1","pp08_power",0.8,0.32
20260859,47,500,15,3000,3000,3000,3000,"fast","control_informative",0.05,5,0.01,"","mtada_aggregated","trait1","pp08_fdp",0.8,0.854545454545454
20260859,47,500,15,3000,3000,3000,3000,"fast","control_informative",0.05,5,0.01,"","mtada_aggregated","trait1","pp08_discoveries",0.8,55
20260859,47,500,15,3000,3000,3000,3000,"fast","control_informative",0.05,5,0.01,"","mtada_aggregated","trait2","pp08_power",0.8,0
20260859,47,500,15,3000,3000,3000,3000,"fast","control_informative",0.05,5,0.01,"","mtada_aggregated","trait2","pp08_fdp",0.8,1
20260859,47,500,15,3000,3000,3000,3000,"fast","control_informative",0.05,5,0.01,"","mtada_aggregated","trait2","pp08_discoveries",0.8,34
20260859,47,500,15,3000,3000,3000,3000,"fast","control_informative",0.05,5,0.01,"","mtada_aggregated","pleiotropy","pp08_power",0.8,0
20260859,47,500,15,3000,3000,3000,3000,"fast","control_informative",0.05,5,0.01,"","mtada_aggregated","pleiotropy","pp08_fdp",0.8,1
20260859,47,500,15,3000,3000,3000,3000,"fast","control_informative",0.05,5,0.01,"","mtada_aggregated","pleiotropy","pp08_discoveries",0.8,3
20260859,47,500,15,3000,3000,3000,3000,"fast","control_informative",0.05,5,0.01,"","mtada_aggregated","trait1","bfdr_observed_fdp",0.01,0.897959183673469
20260859,47,500,15,3000,3000,3000,3000,"fast","control_informative",0.05,5,0.01,"","mtada_aggregated","trait1","bfdr_estimate",0.01,0.00967104836804777
20260859,47,500,15,3000,3000,3000,3000,"fast","control_informative",0.05,5,0.01,"","mtada_aggregated","trait1","bfdr_power",0.01,0.2
20260859,47,500,15,3000,3000,3000,3000,"fast","control_informative",0.05,5,0.01,"","mtada_aggregated","trait1","bfdr_discoveries",0.01,49
20260859,47,500,15,3000,3000,3000,3000,"fast","control_informative",0.05,5,0.01,"","mtada_aggregated","trait1","bfdr_observed_fdp",0.05,0.864406779661017
20260859,47,500,15,3000,3000,3000,3000,"fast","control_informative",0.05,5,0.01,"","mtada_aggregated","trait1","bfdr_estimate",0.05,0.0467316830171975
20260859,47,500,15,3000,3000,3000,3000,"fast","control_informative",0.05,5,0.01,"","mtada_aggregated","trait1","bfdr_power",0.05,0.32
20260859,47,500,15,3000,3000,3000,3000,"fast","control_informative",0.05,5,0.01,"","mtada_aggregated","trait1","bfdr_discoveries",0.05,59
20260859,47,500,15,3000,3000,3000,3000,"fast","control_informative",0.05,5,0.01,"","mtada_aggregated","trait1","bfdr_observed_fdp",0.1,0.876923076923077
20260859,47,500,15,3000,3000,3000,3000,"fast","control_informative",0.05,5,0.01,"","mtada_aggregated","trait1","bfdr_estimate",0.1,0.0965946500367839
20260859,47,500,15,3000,3000,3000,3000,"fast","control_informative",0.05,5,0.01,"","mtada_aggregated","trait1","bfdr_power",0.1,0.32
20260859,47,500,15,3000,3000,3000,3000,"fast","control_informative",0.05,5,0.01,"","mtada_aggregated","trait1","bfdr_discoveries",0.1,65
20260859,47,500,15,3000,3000,3000,3000,"fast","control_informative",0.05,5,0.01,"","mtada_aggregated","trait1","bfdr_observed_fdp",0.2,0.842105263157895
20260859,47,500,15,3000,3000,3000,3000,"fast","control_informative",0.05,5,0.01,"","mtada_aggregated","trait1","bfdr_estimate",0.2,0.197596092162853
20260859,47,500,15,3000,3000,3000,3000,"fast","control_informative",0.05,5,0.01,"","mtada_aggregated","trait1","bfdr_power",0.2,0.48
20260859,47,500,15,3000,3000,3000,3000,"fast","control_informative",0.05,5,0.01,"","mtada_aggregated","trait1","bfdr_discoveries",0.2,76
20260859,47,500,15,3000,3000,3000,3000,"fast","control_informative",0.05,5,0.01,"","mtada_aggregated","trait2","bfdr_observed_fdp",0.01,1
20260859,47,500,15,3000,3000,3000,3000,"fast","control_informative",0.05,5,0.01,"","mtada_aggregated","trait2","bfdr_estimate",0.01,0.00883941285069726
20260859,47,500,15,3000,3000,3000,3000,"fast","control_informative",0.05,5,0.01,"","mtada_aggregated","trait2","bfdr_power",0.01,0
20260859,47,500,15,3000,3000,3000,3000,"fast","control_informative",0.05,5,0.01,"","mtada_aggregated","trait2","bfdr_discoveries",0.01,28
20260859,47,500,15,3000,3000,3000,3000,"fast","control_informative",0.05,5,0.01,"","mtada_aggregated","trait2","bfdr_observed_fdp",0.05,1
20260859,47,500,15,3000,3000,3000,3000,"fast","control_informative",0.05,5,0.01,"","mtada_aggregated","trait2","bfdr_estimate",0.05,0.0446486600829184
20260859,47,500,15,3000,3000,3000,3000,"fast","control_informative",0.05,5,0.01,"","mtada_aggregated","trait2","bfdr_power",0.05,0
20260859,47,500,15,3000,3000,3000,3000,"fast","control_informative",0.05,5,0.01,"","mtada_aggregated","trait2","bfdr_discoveries",0.05,36
20260859,47,500,15,3000,3000,3000,3000,"fast","control_informative",0.05,5,0.01,"","mtada_aggregated","trait2","bfdr_observed_fdp",0.1,1
20260859,47,500,15,3000,3000,3000,3000,"fast","control_informative",0.05,5,0.01,"","mtada_aggregated","trait2","bfdr_estimate",0.1,0.0975457852304557
20260859,47,500,15,3000,3000,3000,3000,"fast","control_informative",0.05,5,0.01,"","mtada_aggregated","trait2","bfdr_power",0.1,0
20260859,47,500,15,3000,3000,3000,3000,"fast","control_informative",0.05,5,0.01,"","mtada_aggregated","trait2","bfdr_discoveries",0.1,42
20260859,47,500,15,3000,3000,3000,3000,"fast","control_informative",0.05,5,0.01,"","mtada_aggregated","trait2","bfdr_observed_fdp",0.2,0.96078431372549
20260859,47,500,15,3000,3000,3000,3000,"fast","control_informative",0.05,5,0.01,"","mtada_aggregated","trait2","bfdr_estimate",0.2,0.193025397148171
20260859,47,500,15,3000,3000,3000,3000,"fast","control_informative",0.05,5,0.01,"","mtada_aggregated","trait2","bfdr_power",0.2,0.2
20260859,47,500,15,3000,3000,3000,3000,"fast","control_informative",0.05,5,0.01,"","mtada_aggregated","trait2","bfdr_discoveries",0.2,51
20260859,47,500,15,3000,3000,3000,3000,"fast","control_informative",0.05,5,0.01,"","mtada_aggregated","pleiotropy","bfdr_observed_fdp",0.01,0
20260859,47,500,15,3000,3000,3000,3000,"fast","control_informative",0.05,5,0.01,"","mtada_aggregated","pleiotropy","bfdr_estimate",0.01,0
20260859,47,500,15,3000,3000,3000,3000,"fast","control_informative",0.05,5,0.01,"","mtada_aggregated","pleiotropy","bfdr_power",0.01,0
20260859,47,500,15,3000,3000,3000,3000,"fast","control_informative",0.05,5,0.01,"","mtada_aggregated","pleiotropy","bfdr_discoveries",0.01,0
20260859,47,500,15,3000,3000,3000,3000,"fast","control_informative",0.05,5,0.01,"","mtada_aggregated","pleiotropy","bfdr_observed_fdp",0.05,1
20260859,47,500,15,3000,3000,3000,3000,"fast","control_informative",0.05,5,0.01,"","mtada_aggregated","pleiotropy","bfdr_estimate",0.05,0.0328756794535885
20260859,47,500,15,3000,3000,3000,3000,"fast","control_informative",0.05,5,0.01,"","mtada_aggregated","pleiotropy","bfdr_power",0.05,0
20260859,47,500,15,3000,3000,3000,3000,"fast","control_informative",0.05,5,0.01,"","mtada_aggregated","pleiotropy","bfdr_discoveries",0.05,2
20260859,47,500,15,3000,3000,3000,3000,"fast","control_informative",0.05,5,0.01,"","mtada_aggregated","pleiotropy","bfdr_observed_fdp",0.1,1
20260859,47,500,15,3000,3000,3000,3000,"fast","control_informative",0.05,5,0.01,"","mtada_aggregated","pleiotropy","bfdr_estimate",0.1,0.0643203368978062
20260859,47,500,15,3000,3000,3000,3000,"fast","control_informative",0.05,5,0.01,"","mtada_aggregated","pleiotropy","bfdr_power",0.1,0
20260859,47,500,15,3000,3000,3000,3000,"fast","control_informative",0.05,5,0.01,"","mtada_aggregated","pleiotropy","bfdr_discoveries",0.1,3
20260859,47,500,15,3000,3000,3000,3000,"fast","control_informative",0.05,5,0.01,"","mtada_aggregated","pleiotropy","bfdr_observed_fdp",0.2,1
20260859,47,500,15,3000,3000,3000,3000,"fast","control_informative",0.05,5,0.01,"","mtada_aggregated","pleiotropy","bfdr_estimate",0.2,0.166293129984306
20260859,47,500,15,3000,3000,3000,3000,"fast","control_informative",0.05,5,0.01,"","mtada_aggregated","pleiotropy","bfdr_power",0.2,0
20260859,47,500,15,3000,3000,3000,3000,"fast","control_informative",0.05,5,0.01,"","mtada_aggregated","pleiotropy","bfdr_discoveries",0.2,5
20260859,47,500,15,3000,3000,3000,3000,"fast","control_informative",0.05,5,0.01,"","mtada_aggregated","global","runtime_seconds",NA,0.745000000000005
20260859,47,500,15,3000,3000,3000,3000,"fast","control_informative",0.05,5,0.01,"","mtada_aggregated","pleiotropy","pi11_estimate",NA,0.00115965
20260860,48,500,15,3000,3000,3000,3000,"fast","control_informative",0.05,5,0.01,"","mirage_joint","trait1","auc",NA,0.686905263157895
20260860,48,500,15,3000,3000,3000,3000,"fast","control_informative",0.05,5,0.01,"","mirage_joint","trait2","auc",NA,0.627142857142857
20260860,48,500,15,3000,3000,3000,3000,"fast","control_informative",0.05,5,0.01,"","mirage_joint","pleiotropy","auc",NA,0.623030303030303
20260860,48,500,15,3000,3000,3000,3000,"fast","control_informative",0.05,5,0.01,"","mirage_joint","trait1","pp08_power",0.8,0.16
20260860,48,500,15,3000,3000,3000,3000,"fast","control_informative",0.05,5,0.01,"","mirage_joint","trait1","pp08_fdp",0.8,0
20260860,48,500,15,3000,3000,3000,3000,"fast","control_informative",0.05,5,0.01,"","mirage_joint","trait1","pp08_discoveries",0.8,4
20260860,48,500,15,3000,3000,3000,3000,"fast","control_informative",0.05,5,0.01,"","mirage_joint","trait2","pp08_power",0.8,0.1
20260860,48,500,15,3000,3000,3000,3000,"fast","control_informative",0.05,5,0.01,"","mirage_joint","trait2","pp08_fdp",0.8,0
20260860,48,500,15,3000,3000,3000,3000,"fast","control_informative",0.05,5,0.01,"","mirage_joint","trait2","pp08_discoveries",0.8,1
20260860,48,500,15,3000,3000,3000,3000,"fast","control_informative",0.05,5,0.01,"","mirage_joint","pleiotropy","pp08_power",0.8,0
20260860,48,500,15,3000,3000,3000,3000,"fast","control_informative",0.05,5,0.01,"","mirage_joint","pleiotropy","pp08_fdp",0.8,0
20260860,48,500,15,3000,3000,3000,3000,"fast","control_informative",0.05,5,0.01,"","mirage_joint","pleiotropy","pp08_discoveries",0.8,0
20260860,48,500,15,3000,3000,3000,3000,"fast","control_informative",0.05,5,0.01,"","mirage_joint","trait1","bfdr_observed_fdp",0.01,0
20260860,48,500,15,3000,3000,3000,3000,"fast","control_informative",0.05,5,0.01,"","mirage_joint","trait1","bfdr_estimate",0.01,3.08348746821951e-05
20260860,48,500,15,3000,3000,3000,3000,"fast","control_informative",0.05,5,0.01,"","mirage_joint","trait1","bfdr_power",0.01,0.08
20260860,48,500,15,3000,3000,3000,3000,"fast","control_informative",0.05,5,0.01,"","mirage_joint","trait1","bfdr_discoveries",0.01,2
20260860,48,500,15,3000,3000,3000,3000,"fast","control_informative",0.05,5,0.01,"","mirage_joint","trait1","bfdr_observed_fdp",0.05,0
20260860,48,500,15,3000,3000,3000,3000,"fast","control_informative",0.05,5,0.01,"","mirage_joint","trait1","bfdr_estimate",0.05,0.0278758452889666
20260860,48,500,15,3000,3000,3000,3000,"fast","control_informative",0.05,5,0.01,"","mirage_joint","trait1","bfdr_power",0.05,0.16
20260860,48,500,15,3000,3000,3000,3000,"fast","control_informative",0.05,5,0.01,"","mirage_joint","trait1","bfdr_discoveries",0.05,4
20260860,48,500,15,3000,3000,3000,3000,"fast","control_informative",0.05,5,0.01,"","mirage_joint","trait1","bfdr_observed_fdp",0.1,0.2
20260860,48,500,15,3000,3000,3000,3000,"fast","control_informative",0.05,5,0.01,"","mirage_joint","trait1","bfdr_estimate",0.1,0.0795109320228725
20260860,48,500,15,3000,3000,3000,3000,"fast","control_informative",0.05,5,0.01,"","mirage_joint","trait1","bfdr_power",0.1,0.16
20260860,48,500,15,3000,3000,3000,3000,"fast","control_informative",0.05,5,0.01,"","mirage_joint","trait1","bfdr_discoveries",0.1,5
20260860,48,500,15,3000,3000,3000,3000,"fast","control_informative",0.05,5,0.01,"","mirage_joint","trait1","bfdr_observed_fdp",0.2,0.375
20260860,48,500,15,3000,3000,3000,3000,"fast","control_informative",0.05,5,0.01,"","mirage_joint","trait1","bfdr_estimate",0.2,0.190076599821956
20260860,48,500,15,3000,3000,3000,3000,"fast","control_informative",0.05,5,0.01,"","mirage_joint","trait1","bfdr_power",0.2,0.2
20260860,48,500,15,3000,3000,3000,3000,"fast","control_informative",0.05,5,0.01,"","mirage_joint","trait1","bfdr_discoveries",0.2,8
20260860,48,500,15,3000,3000,3000,3000,"fast","control_informative",0.05,5,0.01,"","mirage_joint","trait2","bfdr_observed_fdp",0.01,0
20260860,48,500,15,3000,3000,3000,3000,"fast","control_informative",0.05,5,0.01,"","mirage_joint","trait2","bfdr_estimate",0.01,1.36244811210773e-07
20260860,48,500,15,3000,3000,3000,3000,"fast","control_informative",0.05,5,0.01,"","mirage_joint","trait2","bfdr_power",0.01,0.1
20260860,48,500,15,3000,3000,3000,3000,"fast","control_informative",0.05,5,0.01,"","mirage_joint","trait2","bfdr_discoveries",0.01,1
20260860,48,500,15,3000,3000,3000,3000,"fast","control_informative",0.05,5,0.01,"","mirage_joint","trait2","bfdr_observed_fdp",0.05,0
20260860,48,500,15,3000,3000,3000,3000,"fast","control_informative",0.05,5,0.01,"","mirage_joint","trait2","bfdr_estimate",0.05,1.36244811210773e-07
20260860,48,500,15,3000,3000,3000,3000,"fast","control_informative",0.05,5,0.01,"","mirage_joint","trait2","bfdr_power",0.05,0.1
20260860,48,500,15,3000,3000,3000,3000,"fast","control_informative",0.05,5,0.01,"","mirage_joint","trait2","bfdr_discoveries",0.05,1
20260860,48,500,15,3000,3000,3000,3000,"fast","control_informative",0.05,5,0.01,"","mirage_joint","trait2","bfdr_observed_fdp",0.1,0
20260860,48,500,15,3000,3000,3000,3000,"fast","control_informative",0.05,5,0.01,"","mirage_joint","trait2","bfdr_estimate",0.1,1.36244811210773e-07
20260860,48,500,15,3000,3000,3000,3000,"fast","control_informative",0.05,5,0.01,"","mirage_joint","trait2","bfdr_power",0.1,0.1
20260860,48,500,15,3000,3000,3000,3000,"fast","control_informative",0.05,5,0.01,"","mirage_joint","trait2","bfdr_discoveries",0.1,1
20260860,48,500,15,3000,3000,3000,3000,"fast","control_informative",0.05,5,0.01,"","mirage_joint","trait2","bfdr_observed_fdp",0.2,0
20260860,48,500,15,3000,3000,3000,3000,"fast","control_informative",0.05,5,0.01,"","mirage_joint","trait2","bfdr_estimate",0.2,1.36244811210773e-07
20260860,48,500,15,3000,3000,3000,3000,"fast","control_informative",0.05,5,0.01,"","mirage_joint","trait2","bfdr_power",0.2,0.1
20260860,48,500,15,3000,3000,3000,3000,"fast","control_informative",0.05,5,0.01,"","mirage_joint","trait2","bfdr_discoveries",0.2,1
20260860,48,500,15,3000,3000,3000,3000,"fast","control_informative",0.05,5,0.01,"","mirage_joint","pleiotropy","bfdr_observed_fdp",0.01,0
20260860,48,500,15,3000,3000,3000,3000,"fast","control_informative",0.05,5,0.01,"","mirage_joint","pleiotropy","bfdr_estimate",0.01,0
20260860,48,500,15,3000,3000,3000,3000,"fast","control_informative",0.05,5,0.01,"","mirage_joint","pleiotropy","bfdr_power",0.01,0
20260860,48,500,15,3000,3000,3000,3000,"fast","control_informative",0.05,5,0.01,"","mirage_joint","pleiotropy","bfdr_discoveries",0.01,0
20260860,48,500,15,3000,3000,3000,3000,"fast","control_informative",0.05,5,0.01,"","mirage_joint","pleiotropy","bfdr_observed_fdp",0.05,0
20260860,48,500,15,3000,3000,3000,3000,"fast","control_informative",0.05,5,0.01,"","mirage_joint","pleiotropy","bfdr_estimate",0.05,0
20260860,48,500,15,3000,3000,3000,3000,"fast","control_informative",0.05,5,0.01,"","mirage_joint","pleiotropy","bfdr_power",0.05,0
20260860,48,500,15,3000,3000,3000,3000,"fast","control_informative",0.05,5,0.01,"","mirage_joint","pleiotropy","bfdr_discoveries",0.05,0
20260860,48,500,15,3000,3000,3000,3000,"fast","control_informative",0.05,5,0.01,"","mirage_joint","pleiotropy","bfdr_observed_fdp",0.1,0
20260860,48,500,15,3000,3000,3000,3000,"fast","control_informative",0.05,5,0.01,"","mirage_joint","pleiotropy","bfdr_estimate",0.1,0
20260860,48,500,15,3000,3000,3000,3000,"fast","control_informative",0.05,5,0.01,"","mirage_joint","pleiotropy","bfdr_power",0.1,0
20260860,48,500,15,3000,3000,3000,3000,"fast","control_informative",0.05,5,0.01,"","mirage_joint","pleiotropy","bfdr_discoveries",0.1,0
20260860,48,500,15,3000,3000,3000,3000,"fast","control_informative",0.05,5,0.01,"","mirage_joint","pleiotropy","bfdr_observed_fdp",0.2,0
20260860,48,500,15,3000,3000,3000,3000,"fast","control_informative",0.05,5,0.01,"","mirage_joint","pleiotropy","bfdr_estimate",0.2,0
20260860,48,500,15,3000,3000,3000,3000,"fast","control_informative",0.05,5,0.01,"","mirage_joint","pleiotropy","bfdr_power",0.2,0
20260860,48,500,15,3000,3000,3000,3000,"fast","control_informative",0.05,5,0.01,"","mirage_joint","pleiotropy","bfdr_discoveries",0.2,0
20260860,48,500,15,3000,3000,3000,3000,"fast","control_informative",0.05,5,0.01,"","mirage_joint","global","runtime_seconds",NA,18.688
20260860,48,500,15,3000,3000,3000,3000,"fast","control_informative",0.05,5,0.01,"","mirage_joint","pleiotropy","pi11_estimate",NA,0.000667029933161989
20260860,48,500,15,3000,3000,3000,3000,"fast","control_informative",0.05,5,0.01,"","separate_mirage","trait1","auc",NA,0.675031578947368
20260860,48,500,15,3000,3000,3000,3000,"fast","control_informative",0.05,5,0.01,"","separate_mirage","trait2","auc",NA,0.658775510204082
20260860,48,500,15,3000,3000,3000,3000,"fast","control_informative",0.05,5,0.01,"","separate_mirage","pleiotropy","auc",NA,0.605252525252525
20260860,48,500,15,3000,3000,3000,3000,"fast","control_informative",0.05,5,0.01,"","separate_mirage","trait1","pp08_power",0.8,0.16
20260860,48,500,15,3000,3000,3000,3000,"fast","control_informative",0.05,5,0.01,"","separate_mirage","trait1","pp08_fdp",0.8,0
20260860,48,500,15,3000,3000,3000,3000,"fast","control_informative",0.05,5,0.01,"","separate_mirage","trait1","pp08_discoveries",0.8,4
20260860,48,500,15,3000,3000,3000,3000,"fast","control_informative",0.05,5,0.01,"","separate_mirage","trait2","pp08_power",0.8,0.1
20260860,48,500,15,3000,3000,3000,3000,"fast","control_informative",0.05,5,0.01,"","separate_mirage","trait2","pp08_fdp",0.8,0
20260860,48,500,15,3000,3000,3000,3000,"fast","control_informative",0.05,5,0.01,"","separate_mirage","trait2","pp08_discoveries",0.8,1
20260860,48,500,15,3000,3000,3000,3000,"fast","control_informative",0.05,5,0.01,"","separate_mirage","pleiotropy","pp08_power",0.8,0
20260860,48,500,15,3000,3000,3000,3000,"fast","control_informative",0.05,5,0.01,"","separate_mirage","pleiotropy","pp08_fdp",0.8,0
20260860,48,500,15,3000,3000,3000,3000,"fast","control_informative",0.05,5,0.01,"","separate_mirage","pleiotropy","pp08_discoveries",0.8,0
20260860,48,500,15,3000,3000,3000,3000,"fast","control_informative",0.05,5,0.01,"","separate_mirage","trait1","bfdr_observed_fdp",0.01,0
20260860,48,500,15,3000,3000,3000,3000,"fast","control_informative",0.05,5,0.01,"","separate_mirage","trait1","bfdr_estimate",0.01,0.00997354258242359
20260860,48,500,15,3000,3000,3000,3000,"fast","control_informative",0.05,5,0.01,"","separate_mirage","trait1","bfdr_power",0.01,0.12
20260860,48,500,15,3000,3000,3000,3000,"fast","control_informative",0.05,5,0.01,"","separate_mirage","trait1","bfdr_discoveries",0.01,3
20260860,48,500,15,3000,3000,3000,3000,"fast","control_informative",0.05,5,0.01,"","separate_mirage","trait1","bfdr_observed_fdp",0.05,0
20260860,48,500,15,3000,3000,3000,3000,"fast","control_informative",0.05,5,0.01,"","separate_mirage","trait1","bfdr_estimate",0.05,0.029789104699154
20260860,48,500,15,3000,3000,3000,3000,"fast","control_informative",0.05,5,0.01,"","separate_mirage","trait1","bfdr_power",0.05,0.16
20260860,48,500,15,3000,3000,3000,3000,"fast","control_informative",0.05,5,0.01,"","separate_mirage","trait1","bfdr_discoveries",0.05,4
20260860,48,500,15,3000,3000,3000,3000,"fast","control_informative",0.05,5,0.01,"","separate_mirage","trait1","bfdr_observed_fdp",0.1,0.2
20260860,48,500,15,3000,3000,3000,3000,"fast","control_informative",0.05,5,0.01,"","separate_mirage","trait1","bfdr_estimate",0.1,0.0704834150669852
20260860,48,500,15,3000,3000,3000,3000,"fast","control_informative",0.05,5,0.01,"","separate_mirage","trait1","bfdr_power",0.1,0.16
20260860,48,500,15,3000,3000,3000,3000,"fast","control_informative",0.05,5,0.01,"","separate_mirage","trait1","bfdr_discoveries",0.1,5
20260860,48,500,15,3000,3000,3000,3000,"fast","control_informative",0.05,5,0.01,"","separate_mirage","trait1","bfdr_observed_fdp",0.2,0.428571428571429
20260860,48,500,15,3000,3000,3000,3000,"fast","control_informative",0.05,5,0.01,"","separate_mirage","trait1","bfdr_estimate",0.2,0.162499894021216
20260860,48,500,15,3000,3000,3000,3000,"fast","control_informative",0.05,5,0.01,"","separate_mirage","trait1","bfdr_power",0.2,0.16
20260860,48,500,15,3000,3000,3000,3000,"fast","control_informative",0.05,5,0.01,"","separate_mirage","trait1","bfdr_discoveries",0.2,7
20260860,48,500,15,3000,3000,3000,3000,"fast","control_informative",0.05,5,0.01,"","separate_mirage","trait2","bfdr_observed_fdp",0.01,0
20260860,48,500,15,3000,3000,3000,3000,"fast","control_informative",0.05,5,0.01,"","separate_mirage","trait2","bfdr_estimate",0.01,2.52518556620451e-07
20260860,48,500,15,3000,3000,3000,3000,"fast","control_informative",0.05,5,0.01,"","separate_mirage","trait2","bfdr_power",0.01,0.1
20260860,48,500,15,3000,3000,3000,3000,"fast","control_informative",0.05,5,0.01,"","separate_mirage","trait2","bfdr_discoveries",0.01,1
20260860,48,500,15,3000,3000,3000,3000,"fast","control_informative",0.05,5,0.01,"","separate_mirage","trait2","bfdr_observed_fdp",0.05,0
20260860,48,500,15,3000,3000,3000,3000,"fast","control_informative",0.05,5,0.01,"","separate_mirage","trait2","bfdr_estimate",0.05,2.52518556620451e-07
20260860,48,500,15,3000,3000,3000,3000,"fast","control_informative",0.05,5,0.01,"","separate_mirage","trait2","bfdr_power",0.05,0.1
20260860,48,500,15,3000,3000,3000,3000,"fast","control_informative",0.05,5,0.01,"","separate_mirage","trait2","bfdr_discoveries",0.05,1
20260860,48,500,15,3000,3000,3000,3000,"fast","control_informative",0.05,5,0.01,"","separate_mirage","trait2","bfdr_observed_fdp",0.1,0
20260860,48,500,15,3000,3000,3000,3000,"fast","control_informative",0.05,5,0.01,"","separate_mirage","trait2","bfdr_estimate",0.1,2.52518556620451e-07
20260860,48,500,15,3000,3000,3000,3000,"fast","control_informative",0.05,5,0.01,"","separate_mirage","trait2","bfdr_power",0.1,0.1
20260860,48,500,15,3000,3000,3000,3000,"fast","control_informative",0.05,5,0.01,"","separate_mirage","trait2","bfdr_discoveries",0.1,1
20260860,48,500,15,3000,3000,3000,3000,"fast","control_informative",0.05,5,0.01,"","separate_mirage","trait2","bfdr_observed_fdp",0.2,0
20260860,48,500,15,3000,3000,3000,3000,"fast","control_informative",0.05,5,0.01,"","separate_mirage","trait2","bfdr_estimate",0.2,2.52518556620451e-07
20260860,48,500,15,3000,3000,3000,3000,"fast","control_informative",0.05,5,0.01,"","separate_mirage","trait2","bfdr_power",0.2,0.1
20260860,48,500,15,3000,3000,3000,3000,"fast","control_informative",0.05,5,0.01,"","separate_mirage","trait2","bfdr_discoveries",0.2,1
20260860,48,500,15,3000,3000,3000,3000,"fast","control_informative",0.05,5,0.01,"","separate_mirage","pleiotropy","bfdr_observed_fdp",0.01,0
20260860,48,500,15,3000,3000,3000,3000,"fast","control_informative",0.05,5,0.01,"","separate_mirage","pleiotropy","bfdr_estimate",0.01,0
20260860,48,500,15,3000,3000,3000,3000,"fast","control_informative",0.05,5,0.01,"","separate_mirage","pleiotropy","bfdr_power",0.01,0
20260860,48,500,15,3000,3000,3000,3000,"fast","control_informative",0.05,5,0.01,"","separate_mirage","pleiotropy","bfdr_discoveries",0.01,0
20260860,48,500,15,3000,3000,3000,3000,"fast","control_informative",0.05,5,0.01,"","separate_mirage","pleiotropy","bfdr_observed_fdp",0.05,0
20260860,48,500,15,3000,3000,3000,3000,"fast","control_informative",0.05,5,0.01,"","separate_mirage","pleiotropy","bfdr_estimate",0.05,0
20260860,48,500,15,3000,3000,3000,3000,"fast","control_informative",0.05,5,0.01,"","separate_mirage","pleiotropy","bfdr_power",0.05,0
20260860,48,500,15,3000,3000,3000,3000,"fast","control_informative",0.05,5,0.01,"","separate_mirage","pleiotropy","bfdr_discoveries",0.05,0
20260860,48,500,15,3000,3000,3000,3000,"fast","control_informative",0.05,5,0.01,"","separate_mirage","pleiotropy","bfdr_observed_fdp",0.1,0
20260860,48,500,15,3000,3000,3000,3000,"fast","control_informative",0.05,5,0.01,"","separate_mirage","pleiotropy","bfdr_estimate",0.1,0
20260860,48,500,15,3000,3000,3000,3000,"fast","control_informative",0.05,5,0.01,"","separate_mirage","pleiotropy","bfdr_power",0.1,0
20260860,48,500,15,3000,3000,3000,3000,"fast","control_informative",0.05,5,0.01,"","separate_mirage","pleiotropy","bfdr_discoveries",0.1,0
20260860,48,500,15,3000,3000,3000,3000,"fast","control_informative",0.05,5,0.01,"","separate_mirage","pleiotropy","bfdr_observed_fdp",0.2,0
20260860,48,500,15,3000,3000,3000,3000,"fast","control_informative",0.05,5,0.01,"","separate_mirage","pleiotropy","bfdr_estimate",0.2,0
20260860,48,500,15,3000,3000,3000,3000,"fast","control_informative",0.05,5,0.01,"","separate_mirage","pleiotropy","bfdr_power",0.2,0
20260860,48,500,15,3000,3000,3000,3000,"fast","control_informative",0.05,5,0.01,"","separate_mirage","pleiotropy","bfdr_discoveries",0.2,0
20260860,48,500,15,3000,3000,3000,3000,"fast","control_informative",0.05,5,0.01,"","separate_mirage","global","runtime_seconds",NA,18.293
20260860,48,500,15,3000,3000,3000,3000,"fast","control_informative",0.05,5,0.01,"","separate_mirage","pleiotropy","pi11_estimate",NA,0.001
20260860,48,500,15,3000,3000,3000,3000,"fast","control_informative",0.05,5,0.01,"","mtada_aggregated","trait1","auc",NA,0.714694736842105
20260860,48,500,15,3000,3000,3000,3000,"fast","control_informative",0.05,5,0.01,"","mtada_aggregated","trait2","auc",NA,0.59265306122449
20260860,48,500,15,3000,3000,3000,3000,"fast","control_informative",0.05,5,0.01,"","mtada_aggregated","pleiotropy","auc",NA,0.64969696969697
20260860,48,500,15,3000,3000,3000,3000,"fast","control_informative",0.05,5,0.01,"","mtada_aggregated","trait1","pp08_power",0.8,0.28
20260860,48,500,15,3000,3000,3000,3000,"fast","control_informative",0.05,5,0.01,"","mtada_aggregated","trait1","pp08_fdp",0.8,0.8
20260860,48,500,15,3000,3000,3000,3000,"fast","control_informative",0.05,5,0.01,"","mtada_aggregated","trait1","pp08_discoveries",0.8,35
20260860,48,500,15,3000,3000,3000,3000,"fast","control_informative",0.05,5,0.01,"","mtada_aggregated","trait2","pp08_power",0.8,0.1
20260860,48,500,15,3000,3000,3000,3000,"fast","control_informative",0.05,5,0.01,"","mtada_aggregated","trait2","pp08_fdp",0.8,0.958333333333333
20260860,48,500,15,3000,3000,3000,3000,"fast","control_informative",0.05,5,0.01,"","mtada_aggregated","trait2","pp08_discoveries",0.8,24
20260860,48,500,15,3000,3000,3000,3000,"fast","control_informative",0.05,5,0.01,"","mtada_aggregated","pleiotropy","pp08_power",0.8,0
20260860,48,500,15,3000,3000,3000,3000,"fast","control_informative",0.05,5,0.01,"","mtada_aggregated","pleiotropy","pp08_fdp",0.8,1
20260860,48,500,15,3000,3000,3000,3000,"fast","control_informative",0.05,5,0.01,"","mtada_aggregated","pleiotropy","pp08_discoveries",0.8,2
20260860,48,500,15,3000,3000,3000,3000,"fast","control_informative",0.05,5,0.01,"","mtada_aggregated","trait1","bfdr_observed_fdp",0.01,0.8125
20260860,48,500,15,3000,3000,3000,3000,"fast","control_informative",0.05,5,0.01,"","mtada_aggregated","trait1","bfdr_estimate",0.01,0.0096855583756531
20260860,48,500,15,3000,3000,3000,3000,"fast","control_informative",0.05,5,0.01,"","mtada_aggregated","trait1","bfdr_power",0.01,0.24
20260860,48,500,15,3000,3000,3000,3000,"fast","control_informative",0.05,5,0.01,"","mtada_aggregated","trait1","bfdr_discoveries",0.01,32
20260860,48,500,15,3000,3000,3000,3000,"fast","control_informative",0.05,5,0.01,"","mtada_aggregated","trait1","bfdr_observed_fdp",0.05,0.794871794871795
20260860,48,500,15,3000,3000,3000,3000,"fast","control_informative",0.05,5,0.01,"","mtada_aggregated","trait1","bfdr_estimate",0.05,0.0440694081592128
20260860,48,500,15,3000,3000,3000,3000,"fast","control_informative",0.05,5,0.01,"","mtada_aggregated","trait1","bfdr_power",0.05,0.32
20260860,48,500,15,3000,3000,3000,3000,"fast","control_informative",0.05,5,0.01,"","mtada_aggregated","trait1","bfdr_discoveries",0.05,39
20260860,48,500,15,3000,3000,3000,3000,"fast","control_informative",0.05,5,0.01,"","mtada_aggregated","trait1","bfdr_observed_fdp",0.1,0.826086956521739
20260860,48,500,15,3000,3000,3000,3000,"fast","control_informative",0.05,5,0.01,"","mtada_aggregated","trait1","bfdr_estimate",0.1,0.098298482888451
20260860,48,500,15,3000,3000,3000,3000,"fast","control_informative",0.05,5,0.01,"","mtada_aggregated","trait1","bfdr_power",0.1,0.32
20260860,48,500,15,3000,3000,3000,3000,"fast","control_informative",0.05,5,0.01,"","mtada_aggregated","trait1","bfdr_discoveries",0.1,46
20260860,48,500,15,3000,3000,3000,3000,"fast","control_informative",0.05,5,0.01,"","mtada_aggregated","trait1","bfdr_observed_fdp",0.2,0.859649122807018
20260860,48,500,15,3000,3000,3000,3000,"fast","control_informative",0.05,5,0.01,"","mtada_aggregated","trait1","bfdr_estimate",0.2,0.19961213061776
20260860,48,500,15,3000,3000,3000,3000,"fast","control_informative",0.05,5,0.01,"","mtada_aggregated","trait1","bfdr_power",0.2,0.32
20260860,48,500,15,3000,3000,3000,3000,"fast","control_informative",0.05,5,0.01,"","mtada_aggregated","trait1","bfdr_discoveries",0.2,57
20260860,48,500,15,3000,3000,3000,3000,"fast","control_informative",0.05,5,0.01,"","mtada_aggregated","trait2","bfdr_observed_fdp",0.01,0.952380952380952
20260860,48,500,15,3000,3000,3000,3000,"fast","control_informative",0.05,5,0.01,"","mtada_aggregated","trait2","bfdr_estimate",0.01,0.00828788472889488
20260860,48,500,15,3000,3000,3000,3000,"fast","control_informative",0.05,5,0.01,"","mtada_aggregated","trait2","bfdr_power",0.01,0.1
20260860,48,500,15,3000,3000,3000,3000,"fast","control_informative",0.05,5,0.01,"","mtada_aggregated","trait2","bfdr_discoveries",0.01,21
20260860,48,500,15,3000,3000,3000,3000,"fast","control_informative",0.05,5,0.01,"","mtada_aggregated","trait2","bfdr_observed_fdp",0.05,0.925925925925926
20260860,48,500,15,3000,3000,3000,3000,"fast","control_informative",0.05,5,0.01,"","mtada_aggregated","trait2","bfdr_estimate",0.05,0.0476548915643333
20260860,48,500,15,3000,3000,3000,3000,"fast","control_informative",0.05,5,0.01,"","mtada_aggregated","trait2","bfdr_power",0.05,0.2
20260860,48,500,15,3000,3000,3000,3000,"fast","control_informative",0.05,5,0.01,"","mtada_aggregated","trait2","bfdr_discoveries",0.05,27
20260860,48,500,15,3000,3000,3000,3000,"fast","control_informative",0.05,5,0.01,"","mtada_aggregated","trait2","bfdr_observed_fdp",0.1,0.9375
20260860,48,500,15,3000,3000,3000,3000,"fast","control_informative",0.05,5,0.01,"","mtada_aggregated","trait2","bfdr_estimate",0.1,0.0965844540942122
20260860,48,500,15,3000,3000,3000,3000,"fast","control_informative",0.05,5,0.01,"","mtada_aggregated","trait2","bfdr_power",0.1,0.2
20260860,48,500,15,3000,3000,3000,3000,"fast","control_informative",0.05,5,0.01,"","mtada_aggregated","trait2","bfdr_discoveries",0.1,32
20260860,48,500,15,3000,3000,3000,3000,"fast","control_informative",0.05,5,0.01,"","mtada_aggregated","trait2","bfdr_observed_fdp",0.2,0.95
20260860,48,500,15,3000,3000,3000,3000,"fast","control_informative",0.05,5,0.01,"","mtada_aggregated","trait2","bfdr_estimate",0.2,0.19211848837354
20260860,48,500,15,3000,3000,3000,3000,"fast","control_informative",0.05,5,0.01,"","mtada_aggregated","trait2","bfdr_power",0.2,0.2
20260860,48,500,15,3000,3000,3000,3000,"fast","control_informative",0.05,5,0.01,"","mtada_aggregated","trait2","bfdr_discoveries",0.2,40
20260860,48,500,15,3000,3000,3000,3000,"fast","control_informative",0.05,5,0.01,"","mtada_aggregated","pleiotropy","bfdr_observed_fdp",0.01,1
20260860,48,500,15,3000,3000,3000,3000,"fast","control_informative",0.05,5,0.01,"","mtada_aggregated","pleiotropy","bfdr_estimate",0.01,4.33877931838023e-06
20260860,48,500,15,3000,3000,3000,3000,"fast","control_informative",0.05,5,0.01,"","mtada_aggregated","pleiotropy","bfdr_power",0.01,0
20260860,48,500,15,3000,3000,3000,3000,"fast","control_informative",0.05,5,0.01,"","mtada_aggregated","pleiotropy","bfdr_discoveries",0.01,2
20260860,48,500,15,3000,3000,3000,3000,"fast","control_informative",0.05,5,0.01,"","mtada_aggregated","pleiotropy","bfdr_observed_fdp",0.05,1
20260860,48,500,15,3000,3000,3000,3000,"fast","control_informative",0.05,5,0.01,"","mtada_aggregated","pleiotropy","bfdr_estimate",0.05,4.33877931838023e-06
20260860,48,500,15,3000,3000,3000,3000,"fast","control_informative",0.05,5,0.01,"","mtada_aggregated","pleiotropy","bfdr_power",0.05,0
20260860,48,500,15,3000,3000,3000,3000,"fast","control_informative",0.05,5,0.01,"","mtada_aggregated","pleiotropy","bfdr_discoveries",0.05,2
20260860,48,500,15,3000,3000,3000,3000,"fast","control_informative",0.05,5,0.01,"","mtada_aggregated","pleiotropy","bfdr_observed_fdp",0.1,1
20260860,48,500,15,3000,3000,3000,3000,"fast","control_informative",0.05,5,0.01,"","mtada_aggregated","pleiotropy","bfdr_estimate",0.1,4.33877931838023e-06
20260860,48,500,15,3000,3000,3000,3000,"fast","control_informative",0.05,5,0.01,"","mtada_aggregated","pleiotropy","bfdr_power",0.1,0
20260860,48,500,15,3000,3000,3000,3000,"fast","control_informative",0.05,5,0.01,"","mtada_aggregated","pleiotropy","bfdr_discoveries",0.1,2
20260860,48,500,15,3000,3000,3000,3000,"fast","control_informative",0.05,5,0.01,"","mtada_aggregated","pleiotropy","bfdr_observed_fdp",0.2,1
20260860,48,500,15,3000,3000,3000,3000,"fast","control_informative",0.05,5,0.01,"","mtada_aggregated","pleiotropy","bfdr_estimate",0.2,4.33877931838023e-06
20260860,48,500,15,3000,3000,3000,3000,"fast","control_informative",0.05,5,0.01,"","mtada_aggregated","pleiotropy","bfdr_power",0.2,0
20260860,48,500,15,3000,3000,3000,3000,"fast","control_informative",0.05,5,0.01,"","mtada_aggregated","pleiotropy","bfdr_discoveries",0.2,2
20260860,48,500,15,3000,3000,3000,3000,"fast","control_informative",0.05,5,0.01,"","mtada_aggregated","global","runtime_seconds",NA,0.711000000000013
20260860,48,500,15,3000,3000,3000,3000,"fast","control_informative",0.05,5,0.01,"","mtada_aggregated","pleiotropy","pi11_estimate",NA,0.00137678
20260861,49,500,15,3000,3000,3000,3000,"fast","control_informative",0.05,5,0.01,"","mirage_joint","trait1","auc",NA,0.669557894736842
20260861,49,500,15,3000,3000,3000,3000,"fast","control_informative",0.05,5,0.01,"","mirage_joint","trait2","auc",NA,0.699387755102041
20260861,49,500,15,3000,3000,3000,3000,"fast","control_informative",0.05,5,0.01,"","mirage_joint","pleiotropy","auc",NA,0.652525252525253
20260861,49,500,15,3000,3000,3000,3000,"fast","control_informative",0.05,5,0.01,"","mirage_joint","trait1","pp08_power",0.8,0.12
20260861,49,500,15,3000,3000,3000,3000,"fast","control_informative",0.05,5,0.01,"","mirage_joint","trait1","pp08_fdp",0.8,0.4
20260861,49,500,15,3000,3000,3000,3000,"fast","control_informative",0.05,5,0.01,"","mirage_joint","trait1","pp08_discoveries",0.8,5
20260861,49,500,15,3000,3000,3000,3000,"fast","control_informative",0.05,5,0.01,"","mirage_joint","trait2","pp08_power",0.8,0.1
20260861,49,500,15,3000,3000,3000,3000,"fast","control_informative",0.05,5,0.01,"","mirage_joint","trait2","pp08_fdp",0.8,0
20260861,49,500,15,3000,3000,3000,3000,"fast","control_informative",0.05,5,0.01,"","mirage_joint","trait2","pp08_discoveries",0.8,1
20260861,49,500,15,3000,3000,3000,3000,"fast","control_informative",0.05,5,0.01,"","mirage_joint","pleiotropy","pp08_power",0.8,0.2
20260861,49,500,15,3000,3000,3000,3000,"fast","control_informative",0.05,5,0.01,"","mirage_joint","pleiotropy","pp08_fdp",0.8,0
20260861,49,500,15,3000,3000,3000,3000,"fast","control_informative",0.05,5,0.01,"","mirage_joint","pleiotropy","pp08_discoveries",0.8,1
20260861,49,500,15,3000,3000,3000,3000,"fast","control_informative",0.05,5,0.01,"","mirage_joint","trait1","bfdr_observed_fdp",0.01,0.333333333333333
20260861,49,500,15,3000,3000,3000,3000,"fast","control_informative",0.05,5,0.01,"","mirage_joint","trait1","bfdr_estimate",0.01,0.00375832348796793
20260861,49,500,15,3000,3000,3000,3000,"fast","control_informative",0.05,5,0.01,"","mirage_joint","trait1","bfdr_power",0.01,0.08
20260861,49,500,15,3000,3000,3000,3000,"fast","control_informative",0.05,5,0.01,"","mirage_joint","trait1","bfdr_discoveries",0.01,3
20260861,49,500,15,3000,3000,3000,3000,"fast","control_informative",0.05,5,0.01,"","mirage_joint","trait1","bfdr_observed_fdp",0.05,0.25
20260861,49,500,15,3000,3000,3000,3000,"fast","control_informative",0.05,5,0.01,"","mirage_joint","trait1","bfdr_estimate",0.05,0.0187871315398918
20260861,49,500,15,3000,3000,3000,3000,"fast","control_informative",0.05,5,0.01,"","mirage_joint","trait1","bfdr_power",0.05,0.12
20260861,49,500,15,3000,3000,3000,3000,"fast","control_informative",0.05,5,0.01,"","mirage_joint","trait1","bfdr_discoveries",0.05,4
20260861,49,500,15,3000,3000,3000,3000,"fast","control_informative",0.05,5,0.01,"","mirage_joint","trait1","bfdr_observed_fdp",0.1,0.333333333333333
20260861,49,500,15,3000,3000,3000,3000,"fast","control_informative",0.05,5,0.01,"","mirage_joint","trait1","bfdr_estimate",0.1,0.0865120253963977
20260861,49,500,15,3000,3000,3000,3000,"fast","control_informative",0.05,5,0.01,"","mirage_joint","trait1","bfdr_power",0.1,0.16
20260861,49,500,15,3000,3000,3000,3000,"fast","control_informative",0.05,5,0.01,"","mirage_joint","trait1","bfdr_discoveries",0.1,6
20260861,49,500,15,3000,3000,3000,3000,"fast","control_informative",0.05,5,0.01,"","mirage_joint","trait1","bfdr_observed_fdp",0.2,0.333333333333333
20260861,49,500,15,3000,3000,3000,3000,"fast","control_informative",0.05,5,0.01,"","mirage_joint","trait1","bfdr_estimate",0.2,0.195522302675043
20260861,49,500,15,3000,3000,3000,3000,"fast","control_informative",0.05,5,0.01,"","mirage_joint","trait1","bfdr_power",0.2,0.24
20260861,49,500,15,3000,3000,3000,3000,"fast","control_informative",0.05,5,0.01,"","mirage_joint","trait1","bfdr_discoveries",0.2,9
20260861,49,500,15,3000,3000,3000,3000,"fast","control_informative",0.05,5,0.01,"","mirage_joint","trait2","bfdr_observed_fdp",0.01,0
20260861,49,500,15,3000,3000,3000,3000,"fast","control_informative",0.05,5,0.01,"","mirage_joint","trait2","bfdr_estimate",0.01,0.00010336974250591
20260861,49,500,15,3000,3000,3000,3000,"fast","control_informative",0.05,5,0.01,"","mirage_joint","trait2","bfdr_power",0.01,0.1
20260861,49,500,15,3000,3000,3000,3000,"fast","control_informative",0.05,5,0.01,"","mirage_joint","trait2","bfdr_discoveries",0.01,1
20260861,49,500,15,3000,3000,3000,3000,"fast","control_informative",0.05,5,0.01,"","mirage_joint","trait2","bfdr_observed_fdp",0.05,0
20260861,49,500,15,3000,3000,3000,3000,"fast","control_informative",0.05,5,0.01,"","mirage_joint","trait2","bfdr_estimate",0.05,0.00010336974250591
20260861,49,500,15,3000,3000,3000,3000,"fast","control_informative",0.05,5,0.01,"","mirage_joint","trait2","bfdr_power",0.05,0.1
20260861,49,500,15,3000,3000,3000,3000,"fast","control_informative",0.05,5,0.01,"","mirage_joint","trait2","bfdr_discoveries",0.05,1
20260861,49,500,15,3000,3000,3000,3000,"fast","control_informative",0.05,5,0.01,"","mirage_joint","trait2","bfdr_observed_fdp",0.1,0
20260861,49,500,15,3000,3000,3000,3000,"fast","control_informative",0.05,5,0.01,"","mirage_joint","trait2","bfdr_estimate",0.1,0.00010336974250591
20260861,49,500,15,3000,3000,3000,3000,"fast","control_informative",0.05,5,0.01,"","mirage_joint","trait2","bfdr_power",0.1,0.1
20260861,49,500,15,3000,3000,3000,3000,"fast","control_informative",0.05,5,0.01,"","mirage_joint","trait2","bfdr_discoveries",0.1,1
20260861,49,500,15,3000,3000,3000,3000,"fast","control_informative",0.05,5,0.01,"","mirage_joint","trait2","bfdr_observed_fdp",0.2,0
20260861,49,500,15,3000,3000,3000,3000,"fast","control_informative",0.05,5,0.01,"","mirage_joint","trait2","bfdr_estimate",0.2,0.00010336974250591
20260861,49,500,15,3000,3000,3000,3000,"fast","control_informative",0.05,5,0.01,"","mirage_joint","trait2","bfdr_power",0.2,0.1
20260861,49,500,15,3000,3000,3000,3000,"fast","control_informative",0.05,5,0.01,"","mirage_joint","trait2","bfdr_discoveries",0.2,1
20260861,49,500,15,3000,3000,3000,3000,"fast","control_informative",0.05,5,0.01,"","mirage_joint","pleiotropy","bfdr_observed_fdp",0.01,0
20260861,49,500,15,3000,3000,3000,3000,"fast","control_informative",0.05,5,0.01,"","mirage_joint","pleiotropy","bfdr_estimate",0.01,0.000106790382283894
20260861,49,500,15,3000,3000,3000,3000,"fast","control_informative",0.05,5,0.01,"","mirage_joint","pleiotropy","bfdr_power",0.01,0.2
20260861,49,500,15,3000,3000,3000,3000,"fast","control_informative",0.05,5,0.01,"","mirage_joint","pleiotropy","bfdr_discoveries",0.01,1
20260861,49,500,15,3000,3000,3000,3000,"fast","control_informative",0.05,5,0.01,"","mirage_joint","pleiotropy","bfdr_observed_fdp",0.05,0
20260861,49,500,15,3000,3000,3000,3000,"fast","control_informative",0.05,5,0.01,"","mirage_joint","pleiotropy","bfdr_estimate",0.05,0.000106790382283894
20260861,49,500,15,3000,3000,3000,3000,"fast","control_informative",0.05,5,0.01,"","mirage_joint","pleiotropy","bfdr_power",0.05,0.2
20260861,49,500,15,3000,3000,3000,3000,"fast","control_informative",0.05,5,0.01,"","mirage_joint","pleiotropy","bfdr_discoveries",0.05,1
20260861,49,500,15,3000,3000,3000,3000,"fast","control_informative",0.05,5,0.01,"","mirage_joint","pleiotropy","bfdr_observed_fdp",0.1,0
20260861,49,500,15,3000,3000,3000,3000,"fast","control_informative",0.05,5,0.01,"","mirage_joint","pleiotropy","bfdr_estimate",0.1,0.000106790382283894
20260861,49,500,15,3000,3000,3000,3000,"fast","control_informative",0.05,5,0.01,"","mirage_joint","pleiotropy","bfdr_power",0.1,0.2
20260861,49,500,15,3000,3000,3000,3000,"fast","control_informative",0.05,5,0.01,"","mirage_joint","pleiotropy","bfdr_discoveries",0.1,1
20260861,49,500,15,3000,3000,3000,3000,"fast","control_informative",0.05,5,0.01,"","mirage_joint","pleiotropy","bfdr_observed_fdp",0.2,0
20260861,49,500,15,3000,3000,3000,3000,"fast","control_informative",0.05,5,0.01,"","mirage_joint","pleiotropy","bfdr_estimate",0.2,0.000106790382283894
20260861,49,500,15,3000,3000,3000,3000,"fast","control_informative",0.05,5,0.01,"","mirage_joint","pleiotropy","bfdr_power",0.2,0.2
20260861,49,500,15,3000,3000,3000,3000,"fast","control_informative",0.05,5,0.01,"","mirage_joint","pleiotropy","bfdr_discoveries",0.2,1
20260861,49,500,15,3000,3000,3000,3000,"fast","control_informative",0.05,5,0.01,"","mirage_joint","global","runtime_seconds",NA,19.425
20260861,49,500,15,3000,3000,3000,3000,"fast","control_informative",0.05,5,0.01,"","mirage_joint","pleiotropy","pi11_estimate",NA,0.0305971436190417
20260861,49,500,15,3000,3000,3000,3000,"fast","control_informative",0.05,5,0.01,"","separate_mirage","trait1","auc",NA,0.659536842105263
20260861,49,500,15,3000,3000,3000,3000,"fast","control_informative",0.05,5,0.01,"","separate_mirage","trait2","auc",NA,0.67265306122449
20260861,49,500,15,3000,3000,3000,3000,"fast","control_informative",0.05,5,0.01,"","separate_mirage","pleiotropy","auc",NA,0.695353535353535
20260861,49,500,15,3000,3000,3000,3000,"fast","control_informative",0.05,5,0.01,"","separate_mirage","trait1","pp08_power",0.8,0.12
20260861,49,500,15,3000,3000,3000,3000,"fast","control_informative",0.05,5,0.01,"","separate_mirage","trait1","pp08_fdp",0.8,0.25
20260861,49,500,15,3000,3000,3000,3000,"fast","control_informative",0.05,5,0.01,"","separate_mirage","trait1","pp08_discoveries",0.8,4
20260861,49,500,15,3000,3000,3000,3000,"fast","control_informative",0.05,5,0.01,"","separate_mirage","trait2","pp08_power",0.8,0.1
20260861,49,500,15,3000,3000,3000,3000,"fast","control_informative",0.05,5,0.01,"","separate_mirage","trait2","pp08_fdp",0.8,0
20260861,49,500,15,3000,3000,3000,3000,"fast","control_informative",0.05,5,0.01,"","separate_mirage","trait2","pp08_discoveries",0.8,1
20260861,49,500,15,3000,3000,3000,3000,"fast","control_informative",0.05,5,0.01,"","separate_mirage","pleiotropy","pp08_power",0.8,0.2
20260861,49,500,15,3000,3000,3000,3000,"fast","control_informative",0.05,5,0.01,"","separate_mirage","pleiotropy","pp08_fdp",0.8,0
20260861,49,500,15,3000,3000,3000,3000,"fast","control_informative",0.05,5,0.01,"","separate_mirage","pleiotropy","pp08_discoveries",0.8,1
20260861,49,500,15,3000,3000,3000,3000,"fast","control_informative",0.05,5,0.01,"","separate_mirage","trait1","bfdr_observed_fdp",0.01,0.333333333333333
20260861,49,500,15,3000,3000,3000,3000,"fast","control_informative",0.05,5,0.01,"","separate_mirage","trait1","bfdr_estimate",0.01,0.00824312994827714
20260861,49,500,15,3000,3000,3000,3000,"fast","control_informative",0.05,5,0.01,"","separate_mirage","trait1","bfdr_power",0.01,0.08
20260861,49,500,15,3000,3000,3000,3000,"fast","control_informative",0.05,5,0.01,"","separate_mirage","trait1","bfdr_discoveries",0.01,3
20260861,49,500,15,3000,3000,3000,3000,"fast","control_informative",0.05,5,0.01,"","separate_mirage","trait1","bfdr_observed_fdp",0.05,0.25
20260861,49,500,15,3000,3000,3000,3000,"fast","control_informative",0.05,5,0.01,"","separate_mirage","trait1","bfdr_estimate",0.05,0.027093611960481
20260861,49,500,15,3000,3000,3000,3000,"fast","control_informative",0.05,5,0.01,"","separate_mirage","trait1","bfdr_power",0.05,0.12
20260861,49,500,15,3000,3000,3000,3000,"fast","control_informative",0.05,5,0.01,"","separate_mirage","trait1","bfdr_discoveries",0.05,4
20260861,49,500,15,3000,3000,3000,3000,"fast","control_informative",0.05,5,0.01,"","separate_mirage","trait1","bfdr_observed_fdp",0.1,0.25
20260861,49,500,15,3000,3000,3000,3000,"fast","control_informative",0.05,5,0.01,"","separate_mirage","trait1","bfdr_estimate",0.1,0.027093611960481
20260861,49,500,15,3000,3000,3000,3000,"fast","control_informative",0.05,5,0.01,"","separate_mirage","trait1","bfdr_power",0.1,0.12
20260861,49,500,15,3000,3000,3000,3000,"fast","control_informative",0.05,5,0.01,"","separate_mirage","trait1","bfdr_discoveries",0.1,4
20260861,49,500,15,3000,3000,3000,3000,"fast","control_informative",0.05,5,0.01,"","separate_mirage","trait1","bfdr_observed_fdp",0.2,0.333333333333333
20260861,49,500,15,3000,3000,3000,3000,"fast","control_informative",0.05,5,0.01,"","separate_mirage","trait1","bfdr_estimate",0.2,0.163514801071291
20260861,49,500,15,3000,3000,3000,3000,"fast","control_informative",0.05,5,0.01,"","separate_mirage","trait1","bfdr_power",0.2,0.16
20260861,49,500,15,3000,3000,3000,3000,"fast","control_informative",0.05,5,0.01,"","separate_mirage","trait1","bfdr_discoveries",0.2,6
20260861,49,500,15,3000,3000,3000,3000,"fast","control_informative",0.05,5,0.01,"","separate_mirage","trait2","bfdr_observed_fdp",0.01,0
20260861,49,500,15,3000,3000,3000,3000,"fast","control_informative",0.05,5,0.01,"","separate_mirage","trait2","bfdr_estimate",0.01,0.000981045947959669
20260861,49,500,15,3000,3000,3000,3000,"fast","control_informative",0.05,5,0.01,"","separate_mirage","trait2","bfdr_power",0.01,0.1
20260861,49,500,15,3000,3000,3000,3000,"fast","control_informative",0.05,5,0.01,"","separate_mirage","trait2","bfdr_discoveries",0.01,1
20260861,49,500,15,3000,3000,3000,3000,"fast","control_informative",0.05,5,0.01,"","separate_mirage","trait2","bfdr_observed_fdp",0.05,0
20260861,49,500,15,3000,3000,3000,3000,"fast","control_informative",0.05,5,0.01,"","separate_mirage","trait2","bfdr_estimate",0.05,0.000981045947959669
20260861,49,500,15,3000,3000,3000,3000,"fast","control_informative",0.05,5,0.01,"","separate_mirage","trait2","bfdr_power",0.05,0.1
20260861,49,500,15,3000,3000,3000,3000,"fast","control_informative",0.05,5,0.01,"","separate_mirage","trait2","bfdr_discoveries",0.05,1
20260861,49,500,15,3000,3000,3000,3000,"fast","control_informative",0.05,5,0.01,"","separate_mirage","trait2","bfdr_observed_fdp",0.1,0
20260861,49,500,15,3000,3000,3000,3000,"fast","control_informative",0.05,5,0.01,"","separate_mirage","trait2","bfdr_estimate",0.1,0.000981045947959669
20260861,49,500,15,3000,3000,3000,3000,"fast","control_informative",0.05,5,0.01,"","separate_mirage","trait2","bfdr_power",0.1,0.1
20260861,49,500,15,3000,3000,3000,3000,"fast","control_informative",0.05,5,0.01,"","separate_mirage","trait2","bfdr_discoveries",0.1,1
20260861,49,500,15,3000,3000,3000,3000,"fast","control_informative",0.05,5,0.01,"","separate_mirage","trait2","bfdr_observed_fdp",0.2,0
20260861,49,500,15,3000,3000,3000,3000,"fast","control_informative",0.05,5,0.01,"","separate_mirage","trait2","bfdr_estimate",0.2,0.000981045947959669
20260861,49,500,15,3000,3000,3000,3000,"fast","control_informative",0.05,5,0.01,"","separate_mirage","trait2","bfdr_power",0.2,0.1
20260861,49,500,15,3000,3000,3000,3000,"fast","control_informative",0.05,5,0.01,"","separate_mirage","trait2","bfdr_discoveries",0.2,1
20260861,49,500,15,3000,3000,3000,3000,"fast","control_informative",0.05,5,0.01,"","separate_mirage","pleiotropy","bfdr_observed_fdp",0.01,0
20260861,49,500,15,3000,3000,3000,3000,"fast","control_informative",0.05,5,0.01,"","separate_mirage","pleiotropy","bfdr_estimate",0.01,0.00679214249798699
20260861,49,500,15,3000,3000,3000,3000,"fast","control_informative",0.05,5,0.01,"","separate_mirage","pleiotropy","bfdr_power",0.01,0.2
20260861,49,500,15,3000,3000,3000,3000,"fast","control_informative",0.05,5,0.01,"","separate_mirage","pleiotropy","bfdr_discoveries",0.01,1
20260861,49,500,15,3000,3000,3000,3000,"fast","control_informative",0.05,5,0.01,"","separate_mirage","pleiotropy","bfdr_observed_fdp",0.05,0
20260861,49,500,15,3000,3000,3000,3000,"fast","control_informative",0.05,5,0.01,"","separate_mirage","pleiotropy","bfdr_estimate",0.05,0.00679214249798699
20260861,49,500,15,3000,3000,3000,3000,"fast","control_informative",0.05,5,0.01,"","separate_mirage","pleiotropy","bfdr_power",0.05,0.2
20260861,49,500,15,3000,3000,3000,3000,"fast","control_informative",0.05,5,0.01,"","separate_mirage","pleiotropy","bfdr_discoveries",0.05,1
20260861,49,500,15,3000,3000,3000,3000,"fast","control_informative",0.05,5,0.01,"","separate_mirage","pleiotropy","bfdr_observed_fdp",0.1,0
20260861,49,500,15,3000,3000,3000,3000,"fast","control_informative",0.05,5,0.01,"","separate_mirage","pleiotropy","bfdr_estimate",0.1,0.00679214249798699
20260861,49,500,15,3000,3000,3000,3000,"fast","control_informative",0.05,5,0.01,"","separate_mirage","pleiotropy","bfdr_power",0.1,0.2
20260861,49,500,15,3000,3000,3000,3000,"fast","control_informative",0.05,5,0.01,"","separate_mirage","pleiotropy","bfdr_discoveries",0.1,1
20260861,49,500,15,3000,3000,3000,3000,"fast","control_informative",0.05,5,0.01,"","separate_mirage","pleiotropy","bfdr_observed_fdp",0.2,0
20260861,49,500,15,3000,3000,3000,3000,"fast","control_informative",0.05,5,0.01,"","separate_mirage","pleiotropy","bfdr_estimate",0.2,0.00679214249798699
20260861,49,500,15,3000,3000,3000,3000,"fast","control_informative",0.05,5,0.01,"","separate_mirage","pleiotropy","bfdr_power",0.2,0.2
20260861,49,500,15,3000,3000,3000,3000,"fast","control_informative",0.05,5,0.01,"","separate_mirage","pleiotropy","bfdr_discoveries",0.2,1
20260861,49,500,15,3000,3000,3000,3000,"fast","control_informative",0.05,5,0.01,"","separate_mirage","global","runtime_seconds",NA,18.524
20260861,49,500,15,3000,3000,3000,3000,"fast","control_informative",0.05,5,0.01,"","separate_mirage","pleiotropy","pi11_estimate",NA,0.001
20260861,49,500,15,3000,3000,3000,3000,"fast","control_informative",0.05,5,0.01,"","mtada_aggregated","trait1","auc",NA,0.60741052631579
20260861,49,500,15,3000,3000,3000,3000,"fast","control_informative",0.05,5,0.01,"","mtada_aggregated","trait2","auc",NA,0.614081632653061
20260861,49,500,15,3000,3000,3000,3000,"fast","control_informative",0.05,5,0.01,"","mtada_aggregated","pleiotropy","auc",NA,0.743030303030303
20260861,49,500,15,3000,3000,3000,3000,"fast","control_informative",0.05,5,0.01,"","mtada_aggregated","trait1","pp08_power",0.8,0.24
20260861,49,500,15,3000,3000,3000,3000,"fast","control_informative",0.05,5,0.01,"","mtada_aggregated","trait1","pp08_fdp",0.8,0.869565217391304
20260861,49,500,15,3000,3000,3000,3000,"fast","control_informative",0.05,5,0.01,"","mtada_aggregated","trait1","pp08_discoveries",0.8,46
20260861,49,500,15,3000,3000,3000,3000,"fast","control_informative",0.05,5,0.01,"","mtada_aggregated","trait2","pp08_power",0.8,0.2
20260861,49,500,15,3000,3000,3000,3000,"fast","control_informative",0.05,5,0.01,"","mtada_aggregated","trait2","pp08_fdp",0.8,0.951219512195122
20260861,49,500,15,3000,3000,3000,3000,"fast","control_informative",0.05,5,0.01,"","mtada_aggregated","trait2","pp08_discoveries",0.8,41
20260861,49,500,15,3000,3000,3000,3000,"fast","control_informative",0.05,5,0.01,"","mtada_aggregated","pleiotropy","pp08_power",0.8,0.2
20260861,49,500,15,3000,3000,3000,3000,"fast","control_informative",0.05,5,0.01,"","mtada_aggregated","pleiotropy","pp08_fdp",0.8,0.5
20260861,49,500,15,3000,3000,3000,3000,"fast","control_informative",0.05,5,0.01,"","mtada_aggregated","pleiotropy","pp08_discoveries",0.8,2
20260861,49,500,15,3000,3000,3000,3000,"fast","control_informative",0.05,5,0.01,"","mtada_aggregated","trait1","bfdr_observed_fdp",0.01,0.868421052631579
20260861,49,500,15,3000,3000,3000,3000,"fast","control_informative",0.05,5,0.01,"","mtada_aggregated","trait1","bfdr_estimate",0.01,0.00973292351194533
20260861,49,500,15,3000,3000,3000,3000,"fast","control_informative",0.05,5,0.01,"","mtada_aggregated","trait1","bfdr_power",0.01,0.2
20260861,49,500,15,3000,3000,3000,3000,"fast","control_informative",0.05,5,0.01,"","mtada_aggregated","trait1","bfdr_discoveries",0.01,38
20260861,49,500,15,3000,3000,3000,3000,"fast","control_informative",0.05,5,0.01,"","mtada_aggregated","trait1","bfdr_observed_fdp",0.05,0.88235294117647
20260861,49,500,15,3000,3000,3000,3000,"fast","control_informative",0.05,5,0.01,"","mtada_aggregated","trait1","bfdr_estimate",0.05,0.0493731917407833
20260861,49,500,15,3000,3000,3000,3000,"fast","control_informative",0.05,5,0.01,"","mtada_aggregated","trait1","bfdr_power",0.05,0.24
20260861,49,500,15,3000,3000,3000,3000,"fast","control_informative",0.05,5,0.01,"","mtada_aggregated","trait1","bfdr_discoveries",0.05,51
20260861,49,500,15,3000,3000,3000,3000,"fast","control_informative",0.05,5,0.01,"","mtada_aggregated","trait1","bfdr_observed_fdp",0.1,0.896551724137931
20260861,49,500,15,3000,3000,3000,3000,"fast","control_informative",0.05,5,0.01,"","mtada_aggregated","trait1","bfdr_estimate",0.1,0.0970671641119083
20260861,49,500,15,3000,3000,3000,3000,"fast","control_informative",0.05,5,0.01,"","mtada_aggregated","trait1","bfdr_power",0.1,0.24
20260861,49,500,15,3000,3000,3000,3000,"fast","control_informative",0.05,5,0.01,"","mtada_aggregated","trait1","bfdr_discoveries",0.1,58
20260861,49,500,15,3000,3000,3000,3000,"fast","control_informative",0.05,5,0.01,"","mtada_aggregated","trait1","bfdr_observed_fdp",0.2,0.9
20260861,49,500,15,3000,3000,3000,3000,"fast","control_informative",0.05,5,0.01,"","mtada_aggregated","trait1","bfdr_estimate",0.2,0.199324460099878
20260861,49,500,15,3000,3000,3000,3000,"fast","control_informative",0.05,5,0.01,"","mtada_aggregated","trait1","bfdr_power",0.2,0.28
20260861,49,500,15,3000,3000,3000,3000,"fast","control_informative",0.05,5,0.01,"","mtada_aggregated","trait1","bfdr_discoveries",0.2,70
20260861,49,500,15,3000,3000,3000,3000,"fast","control_informative",0.05,5,0.01,"","mtada_aggregated","trait2","bfdr_observed_fdp",0.01,0.942857142857143
20260861,49,500,15,3000,3000,3000,3000,"fast","control_informative",0.05,5,0.01,"","mtada_aggregated","trait2","bfdr_estimate",0.01,0.00841637133607691
20260861,49,500,15,3000,3000,3000,3000,"fast","control_informative",0.05,5,0.01,"","mtada_aggregated","trait2","bfdr_power",0.01,0.2
20260861,49,500,15,3000,3000,3000,3000,"fast","control_informative",0.05,5,0.01,"","mtada_aggregated","trait2","bfdr_discoveries",0.01,35
20260861,49,500,15,3000,3000,3000,3000,"fast","control_informative",0.05,5,0.01,"","mtada_aggregated","trait2","bfdr_observed_fdp",0.05,0.954545454545455
20260861,49,500,15,3000,3000,3000,3000,"fast","control_informative",0.05,5,0.01,"","mtada_aggregated","trait2","bfdr_estimate",0.05,0.04324997373091
20260861,49,500,15,3000,3000,3000,3000,"fast","control_informative",0.05,5,0.01,"","mtada_aggregated","trait2","bfdr_power",0.05,0.2
20260861,49,500,15,3000,3000,3000,3000,"fast","control_informative",0.05,5,0.01,"","mtada_aggregated","trait2","bfdr_discoveries",0.05,44
20260861,49,500,15,3000,3000,3000,3000,"fast","control_informative",0.05,5,0.01,"","mtada_aggregated","trait2","bfdr_observed_fdp",0.1,0.959183673469388
20260861,49,500,15,3000,3000,3000,3000,"fast","control_informative",0.05,5,0.01,"","mtada_aggregated","trait2","bfdr_estimate",0.1,0.088101186508993
20260861,49,500,15,3000,3000,3000,3000,"fast","control_informative",0.05,5,0.01,"","mtada_aggregated","trait2","bfdr_power",0.1,0.2
20260861,49,500,15,3000,3000,3000,3000,"fast","control_informative",0.05,5,0.01,"","mtada_aggregated","trait2","bfdr_discoveries",0.1,49
20260861,49,500,15,3000,3000,3000,3000,"fast","control_informative",0.05,5,0.01,"","mtada_aggregated","trait2","bfdr_observed_fdp",0.2,0.947368421052632
20260861,49,500,15,3000,3000,3000,3000,"fast","control_informative",0.05,5,0.01,"","mtada_aggregated","trait2","bfdr_estimate",0.2,0.188643559900558
20260861,49,500,15,3000,3000,3000,3000,"fast","control_informative",0.05,5,0.01,"","mtada_aggregated","trait2","bfdr_power",0.2,0.3
20260861,49,500,15,3000,3000,3000,3000,"fast","control_informative",0.05,5,0.01,"","mtada_aggregated","trait2","bfdr_discoveries",0.2,57
20260861,49,500,15,3000,3000,3000,3000,"fast","control_informative",0.05,5,0.01,"","mtada_aggregated","pleiotropy","bfdr_observed_fdp",0.01,0
20260861,49,500,15,3000,3000,3000,3000,"fast","control_informative",0.05,5,0.01,"","mtada_aggregated","pleiotropy","bfdr_estimate",0.01,1.20964879002372e-07
20260861,49,500,15,3000,3000,3000,3000,"fast","control_informative",0.05,5,0.01,"","mtada_aggregated","pleiotropy","bfdr_power",0.01,0.2
20260861,49,500,15,3000,3000,3000,3000,"fast","control_informative",0.05,5,0.01,"","mtada_aggregated","pleiotropy","bfdr_discoveries",0.01,1
20260861,49,500,15,3000,3000,3000,3000,"fast","control_informative",0.05,5,0.01,"","mtada_aggregated","pleiotropy","bfdr_observed_fdp",0.05,0
20260861,49,500,15,3000,3000,3000,3000,"fast","control_informative",0.05,5,0.01,"","mtada_aggregated","pleiotropy","bfdr_estimate",0.05,1.20964879002372e-07
20260861,49,500,15,3000,3000,3000,3000,"fast","control_informative",0.05,5,0.01,"","mtada_aggregated","pleiotropy","bfdr_power",0.05,0.2
20260861,49,500,15,3000,3000,3000,3000,"fast","control_informative",0.05,5,0.01,"","mtada_aggregated","pleiotropy","bfdr_discoveries",0.05,1
20260861,49,500,15,3000,3000,3000,3000,"fast","control_informative",0.05,5,0.01,"","mtada_aggregated","pleiotropy","bfdr_observed_fdp",0.1,0.5
20260861,49,500,15,3000,3000,3000,3000,"fast","control_informative",0.05,5,0.01,"","mtada_aggregated","pleiotropy","bfdr_estimate",0.1,0.0753765884603947
20260861,49,500,15,3000,3000,3000,3000,"fast","control_informative",0.05,5,0.01,"","mtada_aggregated","pleiotropy","bfdr_power",0.1,0.2
20260861,49,500,15,3000,3000,3000,3000,"fast","control_informative",0.05,5,0.01,"","mtada_aggregated","pleiotropy","bfdr_discoveries",0.1,2
20260861,49,500,15,3000,3000,3000,3000,"fast","control_informative",0.05,5,0.01,"","mtada_aggregated","pleiotropy","bfdr_observed_fdp",0.2,0.666666666666667
20260861,49,500,15,3000,3000,3000,3000,"fast","control_informative",0.05,5,0.01,"","mtada_aggregated","pleiotropy","bfdr_estimate",0.2,0.127953409825669
20260861,49,500,15,3000,3000,3000,3000,"fast","control_informative",0.05,5,0.01,"","mtada_aggregated","pleiotropy","bfdr_power",0.2,0.2
20260861,49,500,15,3000,3000,3000,3000,"fast","control_informative",0.05,5,0.01,"","mtada_aggregated","pleiotropy","bfdr_discoveries",0.2,3
20260861,49,500,15,3000,3000,3000,3000,"fast","control_informative",0.05,5,0.01,"","mtada_aggregated","global","runtime_seconds",NA,0.819999999999936
20260861,49,500,15,3000,3000,3000,3000,"fast","control_informative",0.05,5,0.01,"","mtada_aggregated","pleiotropy","pi11_estimate",NA,0.00144567
20260862,50,500,15,3000,3000,3000,3000,"fast","control_informative",0.05,5,0.01,"","mirage_joint","trait1","auc",NA,0.643705263157895
20260862,50,500,15,3000,3000,3000,3000,"fast","control_informative",0.05,5,0.01,"","mirage_joint","trait2","auc",NA,0.590816326530612
20260862,50,500,15,3000,3000,3000,3000,"fast","control_informative",0.05,5,0.01,"","mirage_joint","pleiotropy","auc",NA,0.731313131313131
20260862,50,500,15,3000,3000,3000,3000,"fast","control_informative",0.05,5,0.01,"","mirage_joint","trait1","pp08_power",0.8,0.08
20260862,50,500,15,3000,3000,3000,3000,"fast","control_informative",0.05,5,0.01,"","mirage_joint","trait1","pp08_fdp",0.8,0
20260862,50,500,15,3000,3000,3000,3000,"fast","control_informative",0.05,5,0.01,"","mirage_joint","trait1","pp08_discoveries",0.8,2
20260862,50,500,15,3000,3000,3000,3000,"fast","control_informative",0.05,5,0.01,"","mirage_joint","trait2","pp08_power",0.8,0
20260862,50,500,15,3000,3000,3000,3000,"fast","control_informative",0.05,5,0.01,"","mirage_joint","trait2","pp08_fdp",0.8,0
20260862,50,500,15,3000,3000,3000,3000,"fast","control_informative",0.05,5,0.01,"","mirage_joint","trait2","pp08_discoveries",0.8,0
20260862,50,500,15,3000,3000,3000,3000,"fast","control_informative",0.05,5,0.01,"","mirage_joint","pleiotropy","pp08_power",0.8,0
20260862,50,500,15,3000,3000,3000,3000,"fast","control_informative",0.05,5,0.01,"","mirage_joint","pleiotropy","pp08_fdp",0.8,0
20260862,50,500,15,3000,3000,3000,3000,"fast","control_informative",0.05,5,0.01,"","mirage_joint","pleiotropy","pp08_discoveries",0.8,0
20260862,50,500,15,3000,3000,3000,3000,"fast","control_informative",0.05,5,0.01,"","mirage_joint","trait1","bfdr_observed_fdp",0.01,0
20260862,50,500,15,3000,3000,3000,3000,"fast","control_informative",0.05,5,0.01,"","mirage_joint","trait1","bfdr_estimate",0.01,2.37723869015993e-05
20260862,50,500,15,3000,3000,3000,3000,"fast","control_informative",0.05,5,0.01,"","mirage_joint","trait1","bfdr_power",0.01,0.08
20260862,50,500,15,3000,3000,3000,3000,"fast","control_informative",0.05,5,0.01,"","mirage_joint","trait1","bfdr_discoveries",0.01,2
20260862,50,500,15,3000,3000,3000,3000,"fast","control_informative",0.05,5,0.01,"","mirage_joint","trait1","bfdr_observed_fdp",0.05,0
20260862,50,500,15,3000,3000,3000,3000,"fast","control_informative",0.05,5,0.01,"","mirage_joint","trait1","bfdr_estimate",0.05,2.37723869015993e-05
20260862,50,500,15,3000,3000,3000,3000,"fast","control_informative",0.05,5,0.01,"","mirage_joint","trait1","bfdr_power",0.05,0.08
20260862,50,500,15,3000,3000,3000,3000,"fast","control_informative",0.05,5,0.01,"","mirage_joint","trait1","bfdr_discoveries",0.05,2
20260862,50,500,15,3000,3000,3000,3000,"fast","control_informative",0.05,5,0.01,"","mirage_joint","trait1","bfdr_observed_fdp",0.1,0
20260862,50,500,15,3000,3000,3000,3000,"fast","control_informative",0.05,5,0.01,"","mirage_joint","trait1","bfdr_estimate",0.1,2.37723869015993e-05
20260862,50,500,15,3000,3000,3000,3000,"fast","control_informative",0.05,5,0.01,"","mirage_joint","trait1","bfdr_power",0.1,0.08
20260862,50,500,15,3000,3000,3000,3000,"fast","control_informative",0.05,5,0.01,"","mirage_joint","trait1","bfdr_discoveries",0.1,2
20260862,50,500,15,3000,3000,3000,3000,"fast","control_informative",0.05,5,0.01,"","mirage_joint","trait1","bfdr_observed_fdp",0.2,0.333333333333333
20260862,50,500,15,3000,3000,3000,3000,"fast","control_informative",0.05,5,0.01,"","mirage_joint","trait1","bfdr_estimate",0.2,0.112778794427222
20260862,50,500,15,3000,3000,3000,3000,"fast","control_informative",0.05,5,0.01,"","mirage_joint","trait1","bfdr_power",0.2,0.08
20260862,50,500,15,3000,3000,3000,3000,"fast","control_informative",0.05,5,0.01,"","mirage_joint","trait1","bfdr_discoveries",0.2,3
20260862,50,500,15,3000,3000,3000,3000,"fast","control_informative",0.05,5,0.01,"","mirage_joint","trait2","bfdr_observed_fdp",0.01,0
20260862,50,500,15,3000,3000,3000,3000,"fast","control_informative",0.05,5,0.01,"","mirage_joint","trait2","bfdr_estimate",0.01,0
20260862,50,500,15,3000,3000,3000,3000,"fast","control_informative",0.05,5,0.01,"","mirage_joint","trait2","bfdr_power",0.01,0
20260862,50,500,15,3000,3000,3000,3000,"fast","control_informative",0.05,5,0.01,"","mirage_joint","trait2","bfdr_discoveries",0.01,0
20260862,50,500,15,3000,3000,3000,3000,"fast","control_informative",0.05,5,0.01,"","mirage_joint","trait2","bfdr_observed_fdp",0.05,0
20260862,50,500,15,3000,3000,3000,3000,"fast","control_informative",0.05,5,0.01,"","mirage_joint","trait2","bfdr_estimate",0.05,0
20260862,50,500,15,3000,3000,3000,3000,"fast","control_informative",0.05,5,0.01,"","mirage_joint","trait2","bfdr_power",0.05,0
20260862,50,500,15,3000,3000,3000,3000,"fast","control_informative",0.05,5,0.01,"","mirage_joint","trait2","bfdr_discoveries",0.05,0
20260862,50,500,15,3000,3000,3000,3000,"fast","control_informative",0.05,5,0.01,"","mirage_joint","trait2","bfdr_observed_fdp",0.1,0
20260862,50,500,15,3000,3000,3000,3000,"fast","control_informative",0.05,5,0.01,"","mirage_joint","trait2","bfdr_estimate",0.1,0
20260862,50,500,15,3000,3000,3000,3000,"fast","control_informative",0.05,5,0.01,"","mirage_joint","trait2","bfdr_power",0.1,0
20260862,50,500,15,3000,3000,3000,3000,"fast","control_informative",0.05,5,0.01,"","mirage_joint","trait2","bfdr_discoveries",0.1,0
20260862,50,500,15,3000,3000,3000,3000,"fast","control_informative",0.05,5,0.01,"","mirage_joint","trait2","bfdr_observed_fdp",0.2,0
20260862,50,500,15,3000,3000,3000,3000,"fast","control_informative",0.05,5,0.01,"","mirage_joint","trait2","bfdr_estimate",0.2,0
20260862,50,500,15,3000,3000,3000,3000,"fast","control_informative",0.05,5,0.01,"","mirage_joint","trait2","bfdr_power",0.2,0
20260862,50,500,15,3000,3000,3000,3000,"fast","control_informative",0.05,5,0.01,"","mirage_joint","trait2","bfdr_discoveries",0.2,0
20260862,50,500,15,3000,3000,3000,3000,"fast","control_informative",0.05,5,0.01,"","mirage_joint","pleiotropy","bfdr_observed_fdp",0.01,0
20260862,50,500,15,3000,3000,3000,3000,"fast","control_informative",0.05,5,0.01,"","mirage_joint","pleiotropy","bfdr_estimate",0.01,0
20260862,50,500,15,3000,3000,3000,3000,"fast","control_informative",0.05,5,0.01,"","mirage_joint","pleiotropy","bfdr_power",0.01,0
20260862,50,500,15,3000,3000,3000,3000,"fast","control_informative",0.05,5,0.01,"","mirage_joint","pleiotropy","bfdr_discoveries",0.01,0
20260862,50,500,15,3000,3000,3000,3000,"fast","control_informative",0.05,5,0.01,"","mirage_joint","pleiotropy","bfdr_observed_fdp",0.05,0
20260862,50,500,15,3000,3000,3000,3000,"fast","control_informative",0.05,5,0.01,"","mirage_joint","pleiotropy","bfdr_estimate",0.05,0
20260862,50,500,15,3000,3000,3000,3000,"fast","control_informative",0.05,5,0.01,"","mirage_joint","pleiotropy","bfdr_power",0.05,0
20260862,50,500,15,3000,3000,3000,3000,"fast","control_informative",0.05,5,0.01,"","mirage_joint","pleiotropy","bfdr_discoveries",0.05,0
20260862,50,500,15,3000,3000,3000,3000,"fast","control_informative",0.05,5,0.01,"","mirage_joint","pleiotropy","bfdr_observed_fdp",0.1,0
20260862,50,500,15,3000,3000,3000,3000,"fast","control_informative",0.05,5,0.01,"","mirage_joint","pleiotropy","bfdr_estimate",0.1,0
20260862,50,500,15,3000,3000,3000,3000,"fast","control_informative",0.05,5,0.01,"","mirage_joint","pleiotropy","bfdr_power",0.1,0
20260862,50,500,15,3000,3000,3000,3000,"fast","control_informative",0.05,5,0.01,"","mirage_joint","pleiotropy","bfdr_discoveries",0.1,0
20260862,50,500,15,3000,3000,3000,3000,"fast","control_informative",0.05,5,0.01,"","mirage_joint","pleiotropy","bfdr_observed_fdp",0.2,0
20260862,50,500,15,3000,3000,3000,3000,"fast","control_informative",0.05,5,0.01,"","mirage_joint","pleiotropy","bfdr_estimate",0.2,0
20260862,50,500,15,3000,3000,3000,3000,"fast","control_informative",0.05,5,0.01,"","mirage_joint","pleiotropy","bfdr_power",0.2,0
20260862,50,500,15,3000,3000,3000,3000,"fast","control_informative",0.05,5,0.01,"","mirage_joint","pleiotropy","bfdr_discoveries",0.2,0
20260862,50,500,15,3000,3000,3000,3000,"fast","control_informative",0.05,5,0.01,"","mirage_joint","global","runtime_seconds",NA,19.172
20260862,50,500,15,3000,3000,3000,3000,"fast","control_informative",0.05,5,0.01,"","mirage_joint","pleiotropy","pi11_estimate",NA,0.00680440572998321
20260862,50,500,15,3000,3000,3000,3000,"fast","control_informative",0.05,5,0.01,"","separate_mirage","trait1","auc",NA,0.648168421052632
20260862,50,500,15,3000,3000,3000,3000,"fast","control_informative",0.05,5,0.01,"","separate_mirage","trait2","auc",NA,0.463469387755102
20260862,50,500,15,3000,3000,3000,3000,"fast","control_informative",0.05,5,0.01,"","separate_mirage","pleiotropy","auc",NA,0.709090909090909
20260862,50,500,15,3000,3000,3000,3000,"fast","control_informative",0.05,5,0.01,"","separate_mirage","trait1","pp08_power",0.8,0.08
20260862,50,500,15,3000,3000,3000,3000,"fast","control_informative",0.05,5,0.01,"","separate_mirage","trait1","pp08_fdp",0.8,0
20260862,50,500,15,3000,3000,3000,3000,"fast","control_informative",0.05,5,0.01,"","separate_mirage","trait1","pp08_discoveries",0.8,2
20260862,50,500,15,3000,3000,3000,3000,"fast","control_informative",0.05,5,0.01,"","separate_mirage","trait2","pp08_power",0.8,0
20260862,50,500,15,3000,3000,3000,3000,"fast","control_informative",0.05,5,0.01,"","separate_mirage","trait2","pp08_fdp",0.8,0
20260862,50,500,15,3000,3000,3000,3000,"fast","control_informative",0.05,5,0.01,"","separate_mirage","trait2","pp08_discoveries",0.8,0
20260862,50,500,15,3000,3000,3000,3000,"fast","control_informative",0.05,5,0.01,"","separate_mirage","pleiotropy","pp08_power",0.8,0
20260862,50,500,15,3000,3000,3000,3000,"fast","control_informative",0.05,5,0.01,"","separate_mirage","pleiotropy","pp08_fdp",0.8,0
20260862,50,500,15,3000,3000,3000,3000,"fast","control_informative",0.05,5,0.01,"","separate_mirage","pleiotropy","pp08_discoveries",0.8,0
20260862,50,500,15,3000,3000,3000,3000,"fast","control_informative",0.05,5,0.01,"","separate_mirage","trait1","bfdr_observed_fdp",0.01,0
20260862,50,500,15,3000,3000,3000,3000,"fast","control_informative",0.05,5,0.01,"","separate_mirage","trait1","bfdr_estimate",0.01,2.04720218612842e-05
20260862,50,500,15,3000,3000,3000,3000,"fast","control_informative",0.05,5,0.01,"","separate_mirage","trait1","bfdr_power",0.01,0.08
20260862,50,500,15,3000,3000,3000,3000,"fast","control_informative",0.05,5,0.01,"","separate_mirage","trait1","bfdr_discoveries",0.01,2
20260862,50,500,15,3000,3000,3000,3000,"fast","control_informative",0.05,5,0.01,"","separate_mirage","trait1","bfdr_observed_fdp",0.05,0
20260862,50,500,15,3000,3000,3000,3000,"fast","control_informative",0.05,5,0.01,"","separate_mirage","trait1","bfdr_estimate",0.05,2.04720218612842e-05
20260862,50,500,15,3000,3000,3000,3000,"fast","control_informative",0.05,5,0.01,"","separate_mirage","trait1","bfdr_power",0.05,0.08
20260862,50,500,15,3000,3000,3000,3000,"fast","control_informative",0.05,5,0.01,"","separate_mirage","trait1","bfdr_discoveries",0.05,2
20260862,50,500,15,3000,3000,3000,3000,"fast","control_informative",0.05,5,0.01,"","separate_mirage","trait1","bfdr_observed_fdp",0.1,0
20260862,50,500,15,3000,3000,3000,3000,"fast","control_informative",0.05,5,0.01,"","separate_mirage","trait1","bfdr_estimate",0.1,2.04720218612842e-05
20260862,50,500,15,3000,3000,3000,3000,"fast","control_informative",0.05,5,0.01,"","separate_mirage","trait1","bfdr_power",0.1,0.08
20260862,50,500,15,3000,3000,3000,3000,"fast","control_informative",0.05,5,0.01,"","separate_mirage","trait1","bfdr_discoveries",0.1,2
20260862,50,500,15,3000,3000,3000,3000,"fast","control_informative",0.05,5,0.01,"","separate_mirage","trait1","bfdr_observed_fdp",0.2,0.25
20260862,50,500,15,3000,3000,3000,3000,"fast","control_informative",0.05,5,0.01,"","separate_mirage","trait1","bfdr_estimate",0.2,0.188713898310824
20260862,50,500,15,3000,3000,3000,3000,"fast","control_informative",0.05,5,0.01,"","separate_mirage","trait1","bfdr_power",0.2,0.12
20260862,50,500,15,3000,3000,3000,3000,"fast","control_informative",0.05,5,0.01,"","separate_mirage","trait1","bfdr_discoveries",0.2,4
20260862,50,500,15,3000,3000,3000,3000,"fast","control_informative",0.05,5,0.01,"","separate_mirage","trait2","bfdr_observed_fdp",0.01,0
20260862,50,500,15,3000,3000,3000,3000,"fast","control_informative",0.05,5,0.01,"","separate_mirage","trait2","bfdr_estimate",0.01,0
20260862,50,500,15,3000,3000,3000,3000,"fast","control_informative",0.05,5,0.01,"","separate_mirage","trait2","bfdr_power",0.01,0
20260862,50,500,15,3000,3000,3000,3000,"fast","control_informative",0.05,5,0.01,"","separate_mirage","trait2","bfdr_discoveries",0.01,0
20260862,50,500,15,3000,3000,3000,3000,"fast","control_informative",0.05,5,0.01,"","separate_mirage","trait2","bfdr_observed_fdp",0.05,0
20260862,50,500,15,3000,3000,3000,3000,"fast","control_informative",0.05,5,0.01,"","separate_mirage","trait2","bfdr_estimate",0.05,0
20260862,50,500,15,3000,3000,3000,3000,"fast","control_informative",0.05,5,0.01,"","separate_mirage","trait2","bfdr_power",0.05,0
20260862,50,500,15,3000,3000,3000,3000,"fast","control_informative",0.05,5,0.01,"","separate_mirage","trait2","bfdr_discoveries",0.05,0
20260862,50,500,15,3000,3000,3000,3000,"fast","control_informative",0.05,5,0.01,"","separate_mirage","trait2","bfdr_observed_fdp",0.1,0
20260862,50,500,15,3000,3000,3000,3000,"fast","control_informative",0.05,5,0.01,"","separate_mirage","trait2","bfdr_estimate",0.1,0
20260862,50,500,15,3000,3000,3000,3000,"fast","control_informative",0.05,5,0.01,"","separate_mirage","trait2","bfdr_power",0.1,0
20260862,50,500,15,3000,3000,3000,3000,"fast","control_informative",0.05,5,0.01,"","separate_mirage","trait2","bfdr_discoveries",0.1,0
20260862,50,500,15,3000,3000,3000,3000,"fast","control_informative",0.05,5,0.01,"","separate_mirage","trait2","bfdr_observed_fdp",0.2,0
20260862,50,500,15,3000,3000,3000,3000,"fast","control_informative",0.05,5,0.01,"","separate_mirage","trait2","bfdr_estimate",0.2,0
20260862,50,500,15,3000,3000,3000,3000,"fast","control_informative",0.05,5,0.01,"","separate_mirage","trait2","bfdr_power",0.2,0
20260862,50,500,15,3000,3000,3000,3000,"fast","control_informative",0.05,5,0.01,"","separate_mirage","trait2","bfdr_discoveries",0.2,0
20260862,50,500,15,3000,3000,3000,3000,"fast","control_informative",0.05,5,0.01,"","separate_mirage","pleiotropy","bfdr_observed_fdp",0.01,0
20260862,50,500,15,3000,3000,3000,3000,"fast","control_informative",0.05,5,0.01,"","separate_mirage","pleiotropy","bfdr_estimate",0.01,0
20260862,50,500,15,3000,3000,3000,3000,"fast","control_informative",0.05,5,0.01,"","separate_mirage","pleiotropy","bfdr_power",0.01,0
20260862,50,500,15,3000,3000,3000,3000,"fast","control_informative",0.05,5,0.01,"","separate_mirage","pleiotropy","bfdr_discoveries",0.01,0
20260862,50,500,15,3000,3000,3000,3000,"fast","control_informative",0.05,5,0.01,"","separate_mirage","pleiotropy","bfdr_observed_fdp",0.05,0
20260862,50,500,15,3000,3000,3000,3000,"fast","control_informative",0.05,5,0.01,"","separate_mirage","pleiotropy","bfdr_estimate",0.05,0
20260862,50,500,15,3000,3000,3000,3000,"fast","control_informative",0.05,5,0.01,"","separate_mirage","pleiotropy","bfdr_power",0.05,0
20260862,50,500,15,3000,3000,3000,3000,"fast","control_informative",0.05,5,0.01,"","separate_mirage","pleiotropy","bfdr_discoveries",0.05,0
20260862,50,500,15,3000,3000,3000,3000,"fast","control_informative",0.05,5,0.01,"","separate_mirage","pleiotropy","bfdr_observed_fdp",0.1,0
20260862,50,500,15,3000,3000,3000,3000,"fast","control_informative",0.05,5,0.01,"","separate_mirage","pleiotropy","bfdr_estimate",0.1,0
20260862,50,500,15,3000,3000,3000,3000,"fast","control_informative",0.05,5,0.01,"","separate_mirage","pleiotropy","bfdr_power",0.1,0
20260862,50,500,15,3000,3000,3000,3000,"fast","control_informative",0.05,5,0.01,"","separate_mirage","pleiotropy","bfdr_discoveries",0.1,0
20260862,50,500,15,3000,3000,3000,3000,"fast","control_informative",0.05,5,0.01,"","separate_mirage","pleiotropy","bfdr_observed_fdp",0.2,0
20260862,50,500,15,3000,3000,3000,3000,"fast","control_informative",0.05,5,0.01,"","separate_mirage","pleiotropy","bfdr_estimate",0.2,0
20260862,50,500,15,3000,3000,3000,3000,"fast","control_informative",0.05,5,0.01,"","separate_mirage","pleiotropy","bfdr_power",0.2,0
20260862,50,500,15,3000,3000,3000,3000,"fast","control_informative",0.05,5,0.01,"","separate_mirage","pleiotropy","bfdr_discoveries",0.2,0
20260862,50,500,15,3000,3000,3000,3000,"fast","control_informative",0.05,5,0.01,"","separate_mirage","global","runtime_seconds",NA,18.497
20260862,50,500,15,3000,3000,3000,3000,"fast","control_informative",0.05,5,0.01,"","separate_mirage","pleiotropy","pi11_estimate",NA,0.001
20260862,50,500,15,3000,3000,3000,3000,"fast","control_informative",0.05,5,0.01,"","mtada_aggregated","trait1","auc",NA,0.666526315789474
20260862,50,500,15,3000,3000,3000,3000,"fast","control_informative",0.05,5,0.01,"","mtada_aggregated","trait2","auc",NA,0.637755102040816
20260862,50,500,15,3000,3000,3000,3000,"fast","control_informative",0.05,5,0.01,"","mtada_aggregated","pleiotropy","auc",NA,0.721616161616162
20260862,50,500,15,3000,3000,3000,3000,"fast","control_informative",0.05,5,0.01,"","mtada_aggregated","trait1","pp08_power",0.8,0.2
20260862,50,500,15,3000,3000,3000,3000,"fast","control_informative",0.05,5,0.01,"","mtada_aggregated","trait1","pp08_fdp",0.8,0.861111111111111
20260862,50,500,15,3000,3000,3000,3000,"fast","control_informative",0.05,5,0.01,"","mtada_aggregated","trait1","pp08_discoveries",0.8,36
20260862,50,500,15,3000,3000,3000,3000,"fast","control_informative",0.05,5,0.01,"","mtada_aggregated","trait2","pp08_power",0.8,0.2
20260862,50,500,15,3000,3000,3000,3000,"fast","control_informative",0.05,5,0.01,"","mtada_aggregated","trait2","pp08_fdp",0.8,0.954545454545455
20260862,50,500,15,3000,3000,3000,3000,"fast","control_informative",0.05,5,0.01,"","mtada_aggregated","trait2","pp08_discoveries",0.8,44
20260862,50,500,15,3000,3000,3000,3000,"fast","control_informative",0.05,5,0.01,"","mtada_aggregated","pleiotropy","pp08_power",0.8,0.2
20260862,50,500,15,3000,3000,3000,3000,"fast","control_informative",0.05,5,0.01,"","mtada_aggregated","pleiotropy","pp08_fdp",0.8,0.75
20260862,50,500,15,3000,3000,3000,3000,"fast","control_informative",0.05,5,0.01,"","mtada_aggregated","pleiotropy","pp08_discoveries",0.8,4
20260862,50,500,15,3000,3000,3000,3000,"fast","control_informative",0.05,5,0.01,"","mtada_aggregated","trait1","bfdr_observed_fdp",0.01,0.875
20260862,50,500,15,3000,3000,3000,3000,"fast","control_informative",0.05,5,0.01,"","mtada_aggregated","trait1","bfdr_estimate",0.01,0.0080963190781741
20260862,50,500,15,3000,3000,3000,3000,"fast","control_informative",0.05,5,0.01,"","mtada_aggregated","trait1","bfdr_power",0.01,0.16
20260862,50,500,15,3000,3000,3000,3000,"fast","control_informative",0.05,5,0.01,"","mtada_aggregated","trait1","bfdr_discoveries",0.01,32
20260862,50,500,15,3000,3000,3000,3000,"fast","control_informative",0.05,5,0.01,"","mtada_aggregated","trait1","bfdr_observed_fdp",0.05,0.846153846153846
20260862,50,500,15,3000,3000,3000,3000,"fast","control_informative",0.05,5,0.01,"","mtada_aggregated","trait1","bfdr_estimate",0.05,0.0443098879135982
20260862,50,500,15,3000,3000,3000,3000,"fast","control_informative",0.05,5,0.01,"","mtada_aggregated","trait1","bfdr_power",0.05,0.24
20260862,50,500,15,3000,3000,3000,3000,"fast","control_informative",0.05,5,0.01,"","mtada_aggregated","trait1","bfdr_discoveries",0.05,39
20260862,50,500,15,3000,3000,3000,3000,"fast","control_informative",0.05,5,0.01,"","mtada_aggregated","trait1","bfdr_observed_fdp",0.1,0.866666666666667
20260862,50,500,15,3000,3000,3000,3000,"fast","control_informative",0.05,5,0.01,"","mtada_aggregated","trait1","bfdr_estimate",0.1,0.0959697448536852
20260862,50,500,15,3000,3000,3000,3000,"fast","control_informative",0.05,5,0.01,"","mtada_aggregated","trait1","bfdr_power",0.1,0.24
20260862,50,500,15,3000,3000,3000,3000,"fast","control_informative",0.05,5,0.01,"","mtada_aggregated","trait1","bfdr_discoveries",0.1,45
20260862,50,500,15,3000,3000,3000,3000,"fast","control_informative",0.05,5,0.01,"","mtada_aggregated","trait1","bfdr_observed_fdp",0.2,0.890909090909091
20260862,50,500,15,3000,3000,3000,3000,"fast","control_informative",0.05,5,0.01,"","mtada_aggregated","trait1","bfdr_estimate",0.2,0.193757959582419
20260862,50,500,15,3000,3000,3000,3000,"fast","control_informative",0.05,5,0.01,"","mtada_aggregated","trait1","bfdr_power",0.2,0.24
20260862,50,500,15,3000,3000,3000,3000,"fast","control_informative",0.05,5,0.01,"","mtada_aggregated","trait1","bfdr_discoveries",0.2,55
20260862,50,500,15,3000,3000,3000,3000,"fast","control_informative",0.05,5,0.01,"","mtada_aggregated","trait2","bfdr_observed_fdp",0.01,0.947368421052632
20260862,50,500,15,3000,3000,3000,3000,"fast","control_informative",0.05,5,0.01,"","mtada_aggregated","trait2","bfdr_estimate",0.01,0.00998639291735499
20260862,50,500,15,3000,3000,3000,3000,"fast","control_informative",0.05,5,0.01,"","mtada_aggregated","trait2","bfdr_power",0.01,0.2
20260862,50,500,15,3000,3000,3000,3000,"fast","control_informative",0.05,5,0.01,"","mtada_aggregated","trait2","bfdr_discoveries",0.01,38
20260862,50,500,15,3000,3000,3000,3000,"fast","control_informative",0.05,5,0.01,"","mtada_aggregated","trait2","bfdr_observed_fdp",0.05,0.957446808510638
20260862,50,500,15,3000,3000,3000,3000,"fast","control_informative",0.05,5,0.01,"","mtada_aggregated","trait2","bfdr_estimate",0.05,0.0489928857228146
20260862,50,500,15,3000,3000,3000,3000,"fast","control_informative",0.05,5,0.01,"","mtada_aggregated","trait2","bfdr_power",0.05,0.2
20260862,50,500,15,3000,3000,3000,3000,"fast","control_informative",0.05,5,0.01,"","mtada_aggregated","trait2","bfdr_discoveries",0.05,47
20260862,50,500,15,3000,3000,3000,3000,"fast","control_informative",0.05,5,0.01,"","mtada_aggregated","trait2","bfdr_observed_fdp",0.1,0.96078431372549
20260862,50,500,15,3000,3000,3000,3000,"fast","control_informative",0.05,5,0.01,"","mtada_aggregated","trait2","bfdr_estimate",0.1,0.0954561686730118
20260862,50,500,15,3000,3000,3000,3000,"fast","control_informative",0.05,5,0.01,"","mtada_aggregated","trait2","bfdr_power",0.1,0.2
20260862,50,500,15,3000,3000,3000,3000,"fast","control_informative",0.05,5,0.01,"","mtada_aggregated","trait2","bfdr_discoveries",0.1,51
20260862,50,500,15,3000,3000,3000,3000,"fast","control_informative",0.05,5,0.01,"","mtada_aggregated","trait2","bfdr_observed_fdp",0.2,0.966101694915254
20260862,50,500,15,3000,3000,3000,3000,"fast","control_informative",0.05,5,0.01,"","mtada_aggregated","trait2","bfdr_estimate",0.2,0.193616208637459
20260862,50,500,15,3000,3000,3000,3000,"fast","control_informative",0.05,5,0.01,"","mtada_aggregated","trait2","bfdr_power",0.2,0.2
20260862,50,500,15,3000,3000,3000,3000,"fast","control_informative",0.05,5,0.01,"","mtada_aggregated","trait2","bfdr_discoveries",0.2,59
20260862,50,500,15,3000,3000,3000,3000,"fast","control_informative",0.05,5,0.01,"","mtada_aggregated","pleiotropy","bfdr_observed_fdp",0.01,0.5
20260862,50,500,15,3000,3000,3000,3000,"fast","control_informative",0.05,5,0.01,"","mtada_aggregated","pleiotropy","bfdr_estimate",0.01,0.000498510196901558
20260862,50,500,15,3000,3000,3000,3000,"fast","control_informative",0.05,5,0.01,"","mtada_aggregated","pleiotropy","bfdr_power",0.01,0.2
20260862,50,500,15,3000,3000,3000,3000,"fast","control_informative",0.05,5,0.01,"","mtada_aggregated","pleiotropy","bfdr_discoveries",0.01,2
20260862,50,500,15,3000,3000,3000,3000,"fast","control_informative",0.05,5,0.01,"","mtada_aggregated","pleiotropy","bfdr_observed_fdp",0.05,0.666666666666667
20260862,50,500,15,3000,3000,3000,3000,"fast","control_informative",0.05,5,0.01,"","mtada_aggregated","pleiotropy","bfdr_estimate",0.05,0.0206536049300647
20260862,50,500,15,3000,3000,3000,3000,"fast","control_informative",0.05,5,0.01,"","mtada_aggregated","pleiotropy","bfdr_power",0.05,0.2
20260862,50,500,15,3000,3000,3000,3000,"fast","control_informative",0.05,5,0.01,"","mtada_aggregated","pleiotropy","bfdr_discoveries",0.05,3
20260862,50,500,15,3000,3000,3000,3000,"fast","control_informative",0.05,5,0.01,"","mtada_aggregated","pleiotropy","bfdr_observed_fdp",0.1,0.75
20260862,50,500,15,3000,3000,3000,3000,"fast","control_informative",0.05,5,0.01,"","mtada_aggregated","pleiotropy","bfdr_estimate",0.1,0.0554485453555648
20260862,50,500,15,3000,3000,3000,3000,"fast","control_informative",0.05,5,0.01,"","mtada_aggregated","pleiotropy","bfdr_power",0.1,0.2
20260862,50,500,15,3000,3000,3000,3000,"fast","control_informative",0.05,5,0.01,"","mtada_aggregated","pleiotropy","bfdr_discoveries",0.1,4
20260862,50,500,15,3000,3000,3000,3000,"fast","control_informative",0.05,5,0.01,"","mtada_aggregated","pleiotropy","bfdr_observed_fdp",0.2,0.833333333333333
20260862,50,500,15,3000,3000,3000,3000,"fast","control_informative",0.05,5,0.01,"","mtada_aggregated","pleiotropy","bfdr_estimate",0.2,0.135974613194533
20260862,50,500,15,3000,3000,3000,3000,"fast","control_informative",0.05,5,0.01,"","mtada_aggregated","pleiotropy","bfdr_power",0.2,0.2
20260862,50,500,15,3000,3000,3000,3000,"fast","control_informative",0.05,5,0.01,"","mtada_aggregated","pleiotropy","bfdr_discoveries",0.2,6
20260862,50,500,15,3000,3000,3000,3000,"fast","control_informative",0.05,5,0.01,"","mtada_aggregated","global","runtime_seconds",NA,0.926000000000045
20260862,50,500,15,3000,3000,3000,3000,"fast","control_informative",0.05,5,0.01,"","mtada_aggregated","pleiotropy","pi11_estimate",NA,0.00378406
20260863,51,500,15,3000,3000,3000,3000,"fast","control_informative",0.05,5,0.01,"","mirage_joint","trait1","auc",NA,0.668294736842105
20260863,51,500,15,3000,3000,3000,3000,"fast","control_informative",0.05,5,0.01,"","mirage_joint","trait2","auc",NA,0.775510204081633
20260863,51,500,15,3000,3000,3000,3000,"fast","control_informative",0.05,5,0.01,"","mirage_joint","pleiotropy","auc",NA,0.807676767676768
20260863,51,500,15,3000,3000,3000,3000,"fast","control_informative",0.05,5,0.01,"","mirage_joint","trait1","pp08_power",0.8,0.2
20260863,51,500,15,3000,3000,3000,3000,"fast","control_informative",0.05,5,0.01,"","mirage_joint","trait1","pp08_fdp",0.8,0.375
20260863,51,500,15,3000,3000,3000,3000,"fast","control_informative",0.05,5,0.01,"","mirage_joint","trait1","pp08_discoveries",0.8,8
20260863,51,500,15,3000,3000,3000,3000,"fast","control_informative",0.05,5,0.01,"","mirage_joint","trait2","pp08_power",0.8,0.1
20260863,51,500,15,3000,3000,3000,3000,"fast","control_informative",0.05,5,0.01,"","mirage_joint","trait2","pp08_fdp",0.8,0.857142857142857
20260863,51,500,15,3000,3000,3000,3000,"fast","control_informative",0.05,5,0.01,"","mirage_joint","trait2","pp08_discoveries",0.8,7
20260863,51,500,15,3000,3000,3000,3000,"fast","control_informative",0.05,5,0.01,"","mirage_joint","pleiotropy","pp08_power",0.8,0.2
20260863,51,500,15,3000,3000,3000,3000,"fast","control_informative",0.05,5,0.01,"","mirage_joint","pleiotropy","pp08_fdp",0.8,0.857142857142857
20260863,51,500,15,3000,3000,3000,3000,"fast","control_informative",0.05,5,0.01,"","mirage_joint","pleiotropy","pp08_discoveries",0.8,7
20260863,51,500,15,3000,3000,3000,3000,"fast","control_informative",0.05,5,0.01,"","mirage_joint","trait1","bfdr_observed_fdp",0.01,0
20260863,51,500,15,3000,3000,3000,3000,"fast","control_informative",0.05,5,0.01,"","mirage_joint","trait1","bfdr_estimate",0.01,0.00329632498055632
20260863,51,500,15,3000,3000,3000,3000,"fast","control_informative",0.05,5,0.01,"","mirage_joint","trait1","bfdr_power",0.01,0.16
20260863,51,500,15,3000,3000,3000,3000,"fast","control_informative",0.05,5,0.01,"","mirage_joint","trait1","bfdr_discoveries",0.01,4
20260863,51,500,15,3000,3000,3000,3000,"fast","control_informative",0.05,5,0.01,"","mirage_joint","trait1","bfdr_observed_fdp",0.05,0.285714285714286
20260863,51,500,15,3000,3000,3000,3000,"fast","control_informative",0.05,5,0.01,"","mirage_joint","trait1","bfdr_estimate",0.05,0.0385286441491727
20260863,51,500,15,3000,3000,3000,3000,"fast","control_informative",0.05,5,0.01,"","mirage_joint","trait1","bfdr_power",0.05,0.2
20260863,51,500,15,3000,3000,3000,3000,"fast","control_informative",0.05,5,0.01,"","mirage_joint","trait1","bfdr_discoveries",0.05,7
20260863,51,500,15,3000,3000,3000,3000,"fast","control_informative",0.05,5,0.01,"","mirage_joint","trait1","bfdr_observed_fdp",0.1,0.333333333333333
20260863,51,500,15,3000,3000,3000,3000,"fast","control_informative",0.05,5,0.01,"","mirage_joint","trait1","bfdr_estimate",0.1,0.0974378077821449
20260863,51,500,15,3000,3000,3000,3000,"fast","control_informative",0.05,5,0.01,"","mirage_joint","trait1","bfdr_power",0.1,0.24
20260863,51,500,15,3000,3000,3000,3000,"fast","control_informative",0.05,5,0.01,"","mirage_joint","trait1","bfdr_discoveries",0.1,9
20260863,51,500,15,3000,3000,3000,3000,"fast","control_informative",0.05,5,0.01,"","mirage_joint","trait1","bfdr_observed_fdp",0.2,0.454545454545455
20260863,51,500,15,3000,3000,3000,3000,"fast","control_informative",0.05,5,0.01,"","mirage_joint","trait1","bfdr_estimate",0.2,0.178396790633805
20260863,51,500,15,3000,3000,3000,3000,"fast","control_informative",0.05,5,0.01,"","mirage_joint","trait1","bfdr_power",0.2,0.24
20260863,51,500,15,3000,3000,3000,3000,"fast","control_informative",0.05,5,0.01,"","mirage_joint","trait1","bfdr_discoveries",0.2,11
20260863,51,500,15,3000,3000,3000,3000,"fast","control_informative",0.05,5,0.01,"","mirage_joint","trait2","bfdr_observed_fdp",0.01,0
20260863,51,500,15,3000,3000,3000,3000,"fast","control_informative",0.05,5,0.01,"","mirage_joint","trait2","bfdr_estimate",0.01,9.06721686322332e-05
20260863,51,500,15,3000,3000,3000,3000,"fast","control_informative",0.05,5,0.01,"","mirage_joint","trait2","bfdr_power",0.01,0.1
20260863,51,500,15,3000,3000,3000,3000,"fast","control_informative",0.05,5,0.01,"","mirage_joint","trait2","bfdr_discoveries",0.01,1
20260863,51,500,15,3000,3000,3000,3000,"fast","control_informative",0.05,5,0.01,"","mirage_joint","trait2","bfdr_observed_fdp",0.05,0.8
20260863,51,500,15,3000,3000,3000,3000,"fast","control_informative",0.05,5,0.01,"","mirage_joint","trait2","bfdr_estimate",0.05,0.0479285192627066
20260863,51,500,15,3000,3000,3000,3000,"fast","control_informative",0.05,5,0.01,"","mirage_joint","trait2","bfdr_power",0.05,0.1
20260863,51,500,15,3000,3000,3000,3000,"fast","control_informative",0.05,5,0.01,"","mirage_joint","trait2","bfdr_discoveries",0.05,5
20260863,51,500,15,3000,3000,3000,3000,"fast","control_informative",0.05,5,0.01,"","mirage_joint","trait2","bfdr_observed_fdp",0.1,0.875
20260863,51,500,15,3000,3000,3000,3000,"fast","control_informative",0.05,5,0.01,"","mirage_joint","trait2","bfdr_estimate",0.1,0.0944302585367907
20260863,51,500,15,3000,3000,3000,3000,"fast","control_informative",0.05,5,0.01,"","mirage_joint","trait2","bfdr_power",0.1,0.1
20260863,51,500,15,3000,3000,3000,3000,"fast","control_informative",0.05,5,0.01,"","mirage_joint","trait2","bfdr_discoveries",0.1,8
20260863,51,500,15,3000,3000,3000,3000,"fast","control_informative",0.05,5,0.01,"","mirage_joint","trait2","bfdr_observed_fdp",0.2,0.9
20260863,51,500,15,3000,3000,3000,3000,"fast","control_informative",0.05,5,0.01,"","mirage_joint","trait2","bfdr_estimate",0.2,0.175682276999066
20260863,51,500,15,3000,3000,3000,3000,"fast","control_informative",0.05,5,0.01,"","mirage_joint","trait2","bfdr_power",0.2,0.1
20260863,51,500,15,3000,3000,3000,3000,"fast","control_informative",0.05,5,0.01,"","mirage_joint","trait2","bfdr_discoveries",0.2,10
20260863,51,500,15,3000,3000,3000,3000,"fast","control_informative",0.05,5,0.01,"","mirage_joint","pleiotropy","bfdr_observed_fdp",0.01,0
20260863,51,500,15,3000,3000,3000,3000,"fast","control_informative",0.05,5,0.01,"","mirage_joint","pleiotropy","bfdr_estimate",0.01,0.00042051286739353
20260863,51,500,15,3000,3000,3000,3000,"fast","control_informative",0.05,5,0.01,"","mirage_joint","pleiotropy","bfdr_power",0.01,0.2
20260863,51,500,15,3000,3000,3000,3000,"fast","control_informative",0.05,5,0.01,"","mirage_joint","pleiotropy","bfdr_discoveries",0.01,1
20260863,51,500,15,3000,3000,3000,3000,"fast","control_informative",0.05,5,0.01,"","mirage_joint","pleiotropy","bfdr_observed_fdp",0.05,0.8
20260863,51,500,15,3000,3000,3000,3000,"fast","control_informative",0.05,5,0.01,"","mirage_joint","pleiotropy","bfdr_estimate",0.05,0.0480701197773227
20260863,51,500,15,3000,3000,3000,3000,"fast","control_informative",0.05,5,0.01,"","mirage_joint","pleiotropy","bfdr_power",0.05,0.2
20260863,51,500,15,3000,3000,3000,3000,"fast","control_informative",0.05,5,0.01,"","mirage_joint","pleiotropy","bfdr_discoveries",0.05,5
20260863,51,500,15,3000,3000,3000,3000,"fast","control_informative",0.05,5,0.01,"","mirage_joint","pleiotropy","bfdr_observed_fdp",0.1,0.875
20260863,51,500,15,3000,3000,3000,3000,"fast","control_informative",0.05,5,0.01,"","mirage_joint","pleiotropy","bfdr_estimate",0.1,0.0945735144293786
20260863,51,500,15,3000,3000,3000,3000,"fast","control_informative",0.05,5,0.01,"","mirage_joint","pleiotropy","bfdr_power",0.1,0.2
20260863,51,500,15,3000,3000,3000,3000,"fast","control_informative",0.05,5,0.01,"","mirage_joint","pleiotropy","bfdr_discoveries",0.1,8
20260863,51,500,15,3000,3000,3000,3000,"fast","control_informative",0.05,5,0.01,"","mirage_joint","pleiotropy","bfdr_observed_fdp",0.2,0.9
20260863,51,500,15,3000,3000,3000,3000,"fast","control_informative",0.05,5,0.01,"","mirage_joint","pleiotropy","bfdr_estimate",0.2,0.175827548044202
20260863,51,500,15,3000,3000,3000,3000,"fast","control_informative",0.05,5,0.01,"","mirage_joint","pleiotropy","bfdr_power",0.2,0.2
20260863,51,500,15,3000,3000,3000,3000,"fast","control_informative",0.05,5,0.01,"","mirage_joint","pleiotropy","bfdr_discoveries",0.2,10
20260863,51,500,15,3000,3000,3000,3000,"fast","control_informative",0.05,5,0.01,"","mirage_joint","global","runtime_seconds",NA,18.841
20260863,51,500,15,3000,3000,3000,3000,"fast","control_informative",0.05,5,0.01,"","mirage_joint","pleiotropy","pi11_estimate",NA,0.0662654676653254
20260863,51,500,15,3000,3000,3000,3000,"fast","control_informative",0.05,5,0.01,"","separate_mirage","trait1","auc",NA,0.65818947368421
20260863,51,500,15,3000,3000,3000,3000,"fast","control_informative",0.05,5,0.01,"","separate_mirage","trait2","auc",NA,0.60530612244898
20260863,51,500,15,3000,3000,3000,3000,"fast","control_informative",0.05,5,0.01,"","separate_mirage","pleiotropy","auc",NA,0.815353535353535
20260863,51,500,15,3000,3000,3000,3000,"fast","control_informative",0.05,5,0.01,"","separate_mirage","trait1","pp08_power",0.8,0.16
20260863,51,500,15,3000,3000,3000,3000,"fast","control_informative",0.05,5,0.01,"","separate_mirage","trait1","pp08_fdp",0.8,0.2
20260863,51,500,15,3000,3000,3000,3000,"fast","control_informative",0.05,5,0.01,"","separate_mirage","trait1","pp08_discoveries",0.8,5
20260863,51,500,15,3000,3000,3000,3000,"fast","control_informative",0.05,5,0.01,"","separate_mirage","trait2","pp08_power",0.8,0.1
20260863,51,500,15,3000,3000,3000,3000,"fast","control_informative",0.05,5,0.01,"","separate_mirage","trait2","pp08_fdp",0.8,0
20260863,51,500,15,3000,3000,3000,3000,"fast","control_informative",0.05,5,0.01,"","separate_mirage","trait2","pp08_discoveries",0.8,1
20260863,51,500,15,3000,3000,3000,3000,"fast","control_informative",0.05,5,0.01,"","separate_mirage","pleiotropy","pp08_power",0.8,0
20260863,51,500,15,3000,3000,3000,3000,"fast","control_informative",0.05,5,0.01,"","separate_mirage","pleiotropy","pp08_fdp",0.8,0
20260863,51,500,15,3000,3000,3000,3000,"fast","control_informative",0.05,5,0.01,"","separate_mirage","pleiotropy","pp08_discoveries",0.8,0
20260863,51,500,15,3000,3000,3000,3000,"fast","control_informative",0.05,5,0.01,"","separate_mirage","trait1","bfdr_observed_fdp",0.01,0
20260863,51,500,15,3000,3000,3000,3000,"fast","control_informative",0.05,5,0.01,"","separate_mirage","trait1","bfdr_estimate",0.01,0.00552826087439558
20260863,51,500,15,3000,3000,3000,3000,"fast","control_informative",0.05,5,0.01,"","separate_mirage","trait1","bfdr_power",0.01,0.12
20260863,51,500,15,3000,3000,3000,3000,"fast","control_informative",0.05,5,0.01,"","separate_mirage","trait1","bfdr_discoveries",0.01,3
20260863,51,500,15,3000,3000,3000,3000,"fast","control_informative",0.05,5,0.01,"","separate_mirage","trait1","bfdr_observed_fdp",0.05,0
20260863,51,500,15,3000,3000,3000,3000,"fast","control_informative",0.05,5,0.01,"","separate_mirage","trait1","bfdr_estimate",0.05,0.0222530711435997
20260863,51,500,15,3000,3000,3000,3000,"fast","control_informative",0.05,5,0.01,"","separate_mirage","trait1","bfdr_power",0.05,0.16
20260863,51,500,15,3000,3000,3000,3000,"fast","control_informative",0.05,5,0.01,"","separate_mirage","trait1","bfdr_discoveries",0.05,4
20260863,51,500,15,3000,3000,3000,3000,"fast","control_informative",0.05,5,0.01,"","separate_mirage","trait1","bfdr_observed_fdp",0.1,0.2
20260863,51,500,15,3000,3000,3000,3000,"fast","control_informative",0.05,5,0.01,"","separate_mirage","trait1","bfdr_estimate",0.1,0.0538141381010759
20260863,51,500,15,3000,3000,3000,3000,"fast","control_informative",0.05,5,0.01,"","separate_mirage","trait1","bfdr_power",0.1,0.16
20260863,51,500,15,3000,3000,3000,3000,"fast","control_informative",0.05,5,0.01,"","separate_mirage","trait1","bfdr_discoveries",0.1,5
20260863,51,500,15,3000,3000,3000,3000,"fast","control_informative",0.05,5,0.01,"","separate_mirage","trait1","bfdr_observed_fdp",0.2,0.285714285714286
20260863,51,500,15,3000,3000,3000,3000,"fast","control_informative",0.05,5,0.01,"","separate_mirage","trait1","bfdr_estimate",0.2,0.193437953574066
20260863,51,500,15,3000,3000,3000,3000,"fast","control_informative",0.05,5,0.01,"","separate_mirage","trait1","bfdr_power",0.2,0.2
20260863,51,500,15,3000,3000,3000,3000,"fast","control_informative",0.05,5,0.01,"","separate_mirage","trait1","bfdr_discoveries",0.2,7
20260863,51,500,15,3000,3000,3000,3000,"fast","control_informative",0.05,5,0.01,"","separate_mirage","trait2","bfdr_observed_fdp",0.01,0
20260863,51,500,15,3000,3000,3000,3000,"fast","control_informative",0.05,5,0.01,"","separate_mirage","trait2","bfdr_estimate",0.01,0.00287265547794002
20260863,51,500,15,3000,3000,3000,3000,"fast","control_informative",0.05,5,0.01,"","separate_mirage","trait2","bfdr_power",0.01,0.1
20260863,51,500,15,3000,3000,3000,3000,"fast","control_informative",0.05,5,0.01,"","separate_mirage","trait2","bfdr_discoveries",0.01,1
20260863,51,500,15,3000,3000,3000,3000,"fast","control_informative",0.05,5,0.01,"","separate_mirage","trait2","bfdr_observed_fdp",0.05,0
20260863,51,500,15,3000,3000,3000,3000,"fast","control_informative",0.05,5,0.01,"","separate_mirage","trait2","bfdr_estimate",0.05,0.00287265547794002
20260863,51,500,15,3000,3000,3000,3000,"fast","control_informative",0.05,5,0.01,"","separate_mirage","trait2","bfdr_power",0.05,0.1
20260863,51,500,15,3000,3000,3000,3000,"fast","control_informative",0.05,5,0.01,"","separate_mirage","trait2","bfdr_discoveries",0.05,1
20260863,51,500,15,3000,3000,3000,3000,"fast","control_informative",0.05,5,0.01,"","separate_mirage","trait2","bfdr_observed_fdp",0.1,0
20260863,51,500,15,3000,3000,3000,3000,"fast","control_informative",0.05,5,0.01,"","separate_mirage","trait2","bfdr_estimate",0.1,0.00287265547794002
20260863,51,500,15,3000,3000,3000,3000,"fast","control_informative",0.05,5,0.01,"","separate_mirage","trait2","bfdr_power",0.1,0.1
20260863,51,500,15,3000,3000,3000,3000,"fast","control_informative",0.05,5,0.01,"","separate_mirage","trait2","bfdr_discoveries",0.1,1
20260863,51,500,15,3000,3000,3000,3000,"fast","control_informative",0.05,5,0.01,"","separate_mirage","trait2","bfdr_observed_fdp",0.2,0
20260863,51,500,15,3000,3000,3000,3000,"fast","control_informative",0.05,5,0.01,"","separate_mirage","trait2","bfdr_estimate",0.2,0.00287265547794002
20260863,51,500,15,3000,3000,3000,3000,"fast","control_informative",0.05,5,0.01,"","separate_mirage","trait2","bfdr_power",0.2,0.1
20260863,51,500,15,3000,3000,3000,3000,"fast","control_informative",0.05,5,0.01,"","separate_mirage","trait2","bfdr_discoveries",0.2,1
20260863,51,500,15,3000,3000,3000,3000,"fast","control_informative",0.05,5,0.01,"","separate_mirage","pleiotropy","bfdr_observed_fdp",0.01,0
20260863,51,500,15,3000,3000,3000,3000,"fast","control_informative",0.05,5,0.01,"","separate_mirage","pleiotropy","bfdr_estimate",0.01,0
20260863,51,500,15,3000,3000,3000,3000,"fast","control_informative",0.05,5,0.01,"","separate_mirage","pleiotropy","bfdr_power",0.01,0
20260863,51,500,15,3000,3000,3000,3000,"fast","control_informative",0.05,5,0.01,"","separate_mirage","pleiotropy","bfdr_discoveries",0.01,0
20260863,51,500,15,3000,3000,3000,3000,"fast","control_informative",0.05,5,0.01,"","separate_mirage","pleiotropy","bfdr_observed_fdp",0.05,0
20260863,51,500,15,3000,3000,3000,3000,"fast","control_informative",0.05,5,0.01,"","separate_mirage","pleiotropy","bfdr_estimate",0.05,0
20260863,51,500,15,3000,3000,3000,3000,"fast","control_informative",0.05,5,0.01,"","separate_mirage","pleiotropy","bfdr_power",0.05,0
20260863,51,500,15,3000,3000,3000,3000,"fast","control_informative",0.05,5,0.01,"","separate_mirage","pleiotropy","bfdr_discoveries",0.05,0
20260863,51,500,15,3000,3000,3000,3000,"fast","control_informative",0.05,5,0.01,"","separate_mirage","pleiotropy","bfdr_observed_fdp",0.1,0
20260863,51,500,15,3000,3000,3000,3000,"fast","control_informative",0.05,5,0.01,"","separate_mirage","pleiotropy","bfdr_estimate",0.1,0
20260863,51,500,15,3000,3000,3000,3000,"fast","control_informative",0.05,5,0.01,"","separate_mirage","pleiotropy","bfdr_power",0.1,0
20260863,51,500,15,3000,3000,3000,3000,"fast","control_informative",0.05,5,0.01,"","separate_mirage","pleiotropy","bfdr_discoveries",0.1,0
20260863,51,500,15,3000,3000,3000,3000,"fast","control_informative",0.05,5,0.01,"","separate_mirage","pleiotropy","bfdr_observed_fdp",0.2,0
20260863,51,500,15,3000,3000,3000,3000,"fast","control_informative",0.05,5,0.01,"","separate_mirage","pleiotropy","bfdr_estimate",0.2,0
20260863,51,500,15,3000,3000,3000,3000,"fast","control_informative",0.05,5,0.01,"","separate_mirage","pleiotropy","bfdr_power",0.2,0
20260863,51,500,15,3000,3000,3000,3000,"fast","control_informative",0.05,5,0.01,"","separate_mirage","pleiotropy","bfdr_discoveries",0.2,0
20260863,51,500,15,3000,3000,3000,3000,"fast","control_informative",0.05,5,0.01,"","separate_mirage","global","runtime_seconds",NA,18.4920000000001
20260863,51,500,15,3000,3000,3000,3000,"fast","control_informative",0.05,5,0.01,"","separate_mirage","pleiotropy","pi11_estimate",NA,0.001
20260863,51,500,15,3000,3000,3000,3000,"fast","control_informative",0.05,5,0.01,"","mtada_aggregated","trait1","auc",NA,0.61861052631579
20260863,51,500,15,3000,3000,3000,3000,"fast","control_informative",0.05,5,0.01,"","mtada_aggregated","trait2","auc",NA,0.750612244897959
20260863,51,500,15,3000,3000,3000,3000,"fast","control_informative",0.05,5,0.01,"","mtada_aggregated","pleiotropy","auc",NA,0.816969696969697
20260863,51,500,15,3000,3000,3000,3000,"fast","control_informative",0.05,5,0.01,"","mtada_aggregated","trait1","pp08_power",0.8,0.28
20260863,51,500,15,3000,3000,3000,3000,"fast","control_informative",0.05,5,0.01,"","mtada_aggregated","trait1","pp08_fdp",0.8,0.833333333333333
20260863,51,500,15,3000,3000,3000,3000,"fast","control_informative",0.05,5,0.01,"","mtada_aggregated","trait1","pp08_discoveries",0.8,42
20260863,51,500,15,3000,3000,3000,3000,"fast","control_informative",0.05,5,0.01,"","mtada_aggregated","trait2","pp08_power",0.8,0.3
20260863,51,500,15,3000,3000,3000,3000,"fast","control_informative",0.05,5,0.01,"","mtada_aggregated","trait2","pp08_fdp",0.8,0.916666666666667
20260863,51,500,15,3000,3000,3000,3000,"fast","control_informative",0.05,5,0.01,"","mtada_aggregated","trait2","pp08_discoveries",0.8,36
20260863,51,500,15,3000,3000,3000,3000,"fast","control_informative",0.05,5,0.01,"","mtada_aggregated","pleiotropy","pp08_power",0.8,0.2
20260863,51,500,15,3000,3000,3000,3000,"fast","control_informative",0.05,5,0.01,"","mtada_aggregated","pleiotropy","pp08_fdp",0.8,0.666666666666667
20260863,51,500,15,3000,3000,3000,3000,"fast","control_informative",0.05,5,0.01,"","mtada_aggregated","pleiotropy","pp08_discoveries",0.8,3
20260863,51,500,15,3000,3000,3000,3000,"fast","control_informative",0.05,5,0.01,"","mtada_aggregated","trait1","bfdr_observed_fdp",0.01,0.805555555555556
20260863,51,500,15,3000,3000,3000,3000,"fast","control_informative",0.05,5,0.01,"","mtada_aggregated","trait1","bfdr_estimate",0.01,0.00960699806525389
20260863,51,500,15,3000,3000,3000,3000,"fast","control_informative",0.05,5,0.01,"","mtada_aggregated","trait1","bfdr_power",0.01,0.28
20260863,51,500,15,3000,3000,3000,3000,"fast","control_informative",0.05,5,0.01,"","mtada_aggregated","trait1","bfdr_discoveries",0.01,36
20260863,51,500,15,3000,3000,3000,3000,"fast","control_informative",0.05,5,0.01,"","mtada_aggregated","trait1","bfdr_observed_fdp",0.05,0.844444444444444
20260863,51,500,15,3000,3000,3000,3000,"fast","control_informative",0.05,5,0.01,"","mtada_aggregated","trait1","bfdr_estimate",0.05,0.0456936555289778
20260863,51,500,15,3000,3000,3000,3000,"fast","control_informative",0.05,5,0.01,"","mtada_aggregated","trait1","bfdr_power",0.05,0.28
20260863,51,500,15,3000,3000,3000,3000,"fast","control_informative",0.05,5,0.01,"","mtada_aggregated","trait1","bfdr_discoveries",0.05,45
20260863,51,500,15,3000,3000,3000,3000,"fast","control_informative",0.05,5,0.01,"","mtada_aggregated","trait1","bfdr_observed_fdp",0.1,0.846153846153846
20260863,51,500,15,3000,3000,3000,3000,"fast","control_informative",0.05,5,0.01,"","mtada_aggregated","trait1","bfdr_estimate",0.1,0.0921458364237748
20260863,51,500,15,3000,3000,3000,3000,"fast","control_informative",0.05,5,0.01,"","mtada_aggregated","trait1","bfdr_power",0.1,0.32
20260863,51,500,15,3000,3000,3000,3000,"fast","control_informative",0.05,5,0.01,"","mtada_aggregated","trait1","bfdr_discoveries",0.1,52
20260863,51,500,15,3000,3000,3000,3000,"fast","control_informative",0.05,5,0.01,"","mtada_aggregated","trait1","bfdr_observed_fdp",0.2,0.857142857142857
20260863,51,500,15,3000,3000,3000,3000,"fast","control_informative",0.05,5,0.01,"","mtada_aggregated","trait1","bfdr_estimate",0.2,0.192274736570549
20260863,51,500,15,3000,3000,3000,3000,"fast","control_informative",0.05,5,0.01,"","mtada_aggregated","trait1","bfdr_power",0.2,0.36
20260863,51,500,15,3000,3000,3000,3000,"fast","control_informative",0.05,5,0.01,"","mtada_aggregated","trait1","bfdr_discoveries",0.2,63
20260863,51,500,15,3000,3000,3000,3000,"fast","control_informative",0.05,5,0.01,"","mtada_aggregated","trait2","bfdr_observed_fdp",0.01,0.9375
20260863,51,500,15,3000,3000,3000,3000,"fast","control_informative",0.05,5,0.01,"","mtada_aggregated","trait2","bfdr_estimate",0.01,0.00902521566723977
20260863,51,500,15,3000,3000,3000,3000,"fast","control_informative",0.05,5,0.01,"","mtada_aggregated","trait2","bfdr_power",0.01,0.2
20260863,51,500,15,3000,3000,3000,3000,"fast","control_informative",0.05,5,0.01,"","mtada_aggregated","trait2","bfdr_discoveries",0.01,32
20260863,51,500,15,3000,3000,3000,3000,"fast","control_informative",0.05,5,0.01,"","mtada_aggregated","trait2","bfdr_observed_fdp",0.05,0.921052631578947
20260863,51,500,15,3000,3000,3000,3000,"fast","control_informative",0.05,5,0.01,"","mtada_aggregated","trait2","bfdr_estimate",0.05,0.0421741885458525
20260863,51,500,15,3000,3000,3000,3000,"fast","control_informative",0.05,5,0.01,"","mtada_aggregated","trait2","bfdr_power",0.05,0.3
20260863,51,500,15,3000,3000,3000,3000,"fast","control_informative",0.05,5,0.01,"","mtada_aggregated","trait2","bfdr_discoveries",0.05,38
20260863,51,500,15,3000,3000,3000,3000,"fast","control_informative",0.05,5,0.01,"","mtada_aggregated","trait2","bfdr_observed_fdp",0.1,0.906976744186046
20260863,51,500,15,3000,3000,3000,3000,"fast","control_informative",0.05,5,0.01,"","mtada_aggregated","trait2","bfdr_estimate",0.1,0.0950364768099899
20260863,51,500,15,3000,3000,3000,3000,"fast","control_informative",0.05,5,0.01,"","mtada_aggregated","trait2","bfdr_power",0.1,0.4
20260863,51,500,15,3000,3000,3000,3000,"fast","control_informative",0.05,5,0.01,"","mtada_aggregated","trait2","bfdr_discoveries",0.1,43
20260863,51,500,15,3000,3000,3000,3000,"fast","control_informative",0.05,5,0.01,"","mtada_aggregated","trait2","bfdr_observed_fdp",0.2,0.901960784313726
20260863,51,500,15,3000,3000,3000,3000,"fast","control_informative",0.05,5,0.01,"","mtada_aggregated","trait2","bfdr_estimate",0.2,0.191606816328313
20260863,51,500,15,3000,3000,3000,3000,"fast","control_informative",0.05,5,0.01,"","mtada_aggregated","trait2","bfdr_power",0.2,0.5
20260863,51,500,15,3000,3000,3000,3000,"fast","control_informative",0.05,5,0.01,"","mtada_aggregated","trait2","bfdr_discoveries",0.2,51
20260863,51,500,15,3000,3000,3000,3000,"fast","control_informative",0.05,5,0.01,"","mtada_aggregated","pleiotropy","bfdr_observed_fdp",0.01,0.5
20260863,51,500,15,3000,3000,3000,3000,"fast","control_informative",0.05,5,0.01,"","mtada_aggregated","pleiotropy","bfdr_estimate",0.01,3.68721370481717e-05
20260863,51,500,15,3000,3000,3000,3000,"fast","control_informative",0.05,5,0.01,"","mtada_aggregated","pleiotropy","bfdr_power",0.01,0.2
20260863,51,500,15,3000,3000,3000,3000,"fast","control_informative",0.05,5,0.01,"","mtada_aggregated","pleiotropy","bfdr_discoveries",0.01,2
20260863,51,500,15,3000,3000,3000,3000,"fast","control_informative",0.05,5,0.01,"","mtada_aggregated","pleiotropy","bfdr_observed_fdp",0.05,0.666666666666667
20260863,51,500,15,3000,3000,3000,3000,"fast","control_informative",0.05,5,0.01,"","mtada_aggregated","pleiotropy","bfdr_estimate",0.05,0.0165116497378099
20260863,51,500,15,3000,3000,3000,3000,"fast","control_informative",0.05,5,0.01,"","mtada_aggregated","pleiotropy","bfdr_power",0.05,0.2
20260863,51,500,15,3000,3000,3000,3000,"fast","control_informative",0.05,5,0.01,"","mtada_aggregated","pleiotropy","bfdr_discoveries",0.05,3
20260863,51,500,15,3000,3000,3000,3000,"fast","control_informative",0.05,5,0.01,"","mtada_aggregated","pleiotropy","bfdr_observed_fdp",0.1,0.75
20260863,51,500,15,3000,3000,3000,3000,"fast","control_informative",0.05,5,0.01,"","mtada_aggregated","pleiotropy","bfdr_estimate",0.1,0.0693679093377916
20260863,51,500,15,3000,3000,3000,3000,"fast","control_informative",0.05,5,0.01,"","mtada_aggregated","pleiotropy","bfdr_power",0.1,0.2
20260863,51,500,15,3000,3000,3000,3000,"fast","control_informative",0.05,5,0.01,"","mtada_aggregated","pleiotropy","bfdr_discoveries",0.1,4
20260863,51,500,15,3000,3000,3000,3000,"fast","control_informative",0.05,5,0.01,"","mtada_aggregated","pleiotropy","bfdr_observed_fdp",0.2,0.833333333333333
20260863,51,500,15,3000,3000,3000,3000,"fast","control_informative",0.05,5,0.01,"","mtada_aggregated","pleiotropy","bfdr_estimate",0.2,0.175335368824731
20260863,51,500,15,3000,3000,3000,3000,"fast","control_informative",0.05,5,0.01,"","mtada_aggregated","pleiotropy","bfdr_power",0.2,0.2
20260863,51,500,15,3000,3000,3000,3000,"fast","control_informative",0.05,5,0.01,"","mtada_aggregated","pleiotropy","bfdr_discoveries",0.2,6
20260863,51,500,15,3000,3000,3000,3000,"fast","control_informative",0.05,5,0.01,"","mtada_aggregated","global","runtime_seconds",NA,0.72300000000007
20260863,51,500,15,3000,3000,3000,3000,"fast","control_informative",0.05,5,0.01,"","mtada_aggregated","pleiotropy","pi11_estimate",NA,0.00268562
20260864,52,500,15,3000,3000,3000,3000,"fast","control_informative",0.05,5,0.01,"","mirage_joint","trait1","auc",NA,0.653305263157895
20260864,52,500,15,3000,3000,3000,3000,"fast","control_informative",0.05,5,0.01,"","mirage_joint","trait2","auc",NA,0.743877551020408
20260864,52,500,15,3000,3000,3000,3000,"fast","control_informative",0.05,5,0.01,"","mirage_joint","pleiotropy","auc",NA,0.66989898989899
20260864,52,500,15,3000,3000,3000,3000,"fast","control_informative",0.05,5,0.01,"","mirage_joint","trait1","pp08_power",0.8,0
20260864,52,500,15,3000,3000,3000,3000,"fast","control_informative",0.05,5,0.01,"","mirage_joint","trait1","pp08_fdp",0.8,0
20260864,52,500,15,3000,3000,3000,3000,"fast","control_informative",0.05,5,0.01,"","mirage_joint","trait1","pp08_discoveries",0.8,0
20260864,52,500,15,3000,3000,3000,3000,"fast","control_informative",0.05,5,0.01,"","mirage_joint","trait2","pp08_power",0.8,0.1
20260864,52,500,15,3000,3000,3000,3000,"fast","control_informative",0.05,5,0.01,"","mirage_joint","trait2","pp08_fdp",0.8,0.5
20260864,52,500,15,3000,3000,3000,3000,"fast","control_informative",0.05,5,0.01,"","mirage_joint","trait2","pp08_discoveries",0.8,2
20260864,52,500,15,3000,3000,3000,3000,"fast","control_informative",0.05,5,0.01,"","mirage_joint","pleiotropy","pp08_power",0.8,0
20260864,52,500,15,3000,3000,3000,3000,"fast","control_informative",0.05,5,0.01,"","mirage_joint","pleiotropy","pp08_fdp",0.8,0
20260864,52,500,15,3000,3000,3000,3000,"fast","control_informative",0.05,5,0.01,"","mirage_joint","pleiotropy","pp08_discoveries",0.8,0
20260864,52,500,15,3000,3000,3000,3000,"fast","control_informative",0.05,5,0.01,"","mirage_joint","trait1","bfdr_observed_fdp",0.01,0
20260864,52,500,15,3000,3000,3000,3000,"fast","control_informative",0.05,5,0.01,"","mirage_joint","trait1","bfdr_estimate",0.01,0
20260864,52,500,15,3000,3000,3000,3000,"fast","control_informative",0.05,5,0.01,"","mirage_joint","trait1","bfdr_power",0.01,0
20260864,52,500,15,3000,3000,3000,3000,"fast","control_informative",0.05,5,0.01,"","mirage_joint","trait1","bfdr_discoveries",0.01,0
20260864,52,500,15,3000,3000,3000,3000,"fast","control_informative",0.05,5,0.01,"","mirage_joint","trait1","bfdr_observed_fdp",0.05,0
20260864,52,500,15,3000,3000,3000,3000,"fast","control_informative",0.05,5,0.01,"","mirage_joint","trait1","bfdr_estimate",0.05,0
20260864,52,500,15,3000,3000,3000,3000,"fast","control_informative",0.05,5,0.01,"","mirage_joint","trait1","bfdr_power",0.05,0
20260864,52,500,15,3000,3000,3000,3000,"fast","control_informative",0.05,5,0.01,"","mirage_joint","trait1","bfdr_discoveries",0.05,0
20260864,52,500,15,3000,3000,3000,3000,"fast","control_informative",0.05,5,0.01,"","mirage_joint","trait1","bfdr_observed_fdp",0.1,0
20260864,52,500,15,3000,3000,3000,3000,"fast","control_informative",0.05,5,0.01,"","mirage_joint","trait1","bfdr_estimate",0.1,0
20260864,52,500,15,3000,3000,3000,3000,"fast","control_informative",0.05,5,0.01,"","mirage_joint","trait1","bfdr_power",0.1,0
20260864,52,500,15,3000,3000,3000,3000,"fast","control_informative",0.05,5,0.01,"","mirage_joint","trait1","bfdr_discoveries",0.1,0
20260864,52,500,15,3000,3000,3000,3000,"fast","control_informative",0.05,5,0.01,"","mirage_joint","trait1","bfdr_observed_fdp",0.2,0
20260864,52,500,15,3000,3000,3000,3000,"fast","control_informative",0.05,5,0.01,"","mirage_joint","trait1","bfdr_estimate",0.2,0
20260864,52,500,15,3000,3000,3000,3000,"fast","control_informative",0.05,5,0.01,"","mirage_joint","trait1","bfdr_power",0.2,0
20260864,52,500,15,3000,3000,3000,3000,"fast","control_informative",0.05,5,0.01,"","mirage_joint","trait1","bfdr_discoveries",0.2,0
20260864,52,500,15,3000,3000,3000,3000,"fast","control_informative",0.05,5,0.01,"","mirage_joint","trait2","bfdr_observed_fdp",0.01,0
20260864,52,500,15,3000,3000,3000,3000,"fast","control_informative",0.05,5,0.01,"","mirage_joint","trait2","bfdr_estimate",0.01,0
20260864,52,500,15,3000,3000,3000,3000,"fast","control_informative",0.05,5,0.01,"","mirage_joint","trait2","bfdr_power",0.01,0
20260864,52,500,15,3000,3000,3000,3000,"fast","control_informative",0.05,5,0.01,"","mirage_joint","trait2","bfdr_discoveries",0.01,0
20260864,52,500,15,3000,3000,3000,3000,"fast","control_informative",0.05,5,0.01,"","mirage_joint","trait2","bfdr_observed_fdp",0.05,0
20260864,52,500,15,3000,3000,3000,3000,"fast","control_informative",0.05,5,0.01,"","mirage_joint","trait2","bfdr_estimate",0.05,0.0169233446737822
20260864,52,500,15,3000,3000,3000,3000,"fast","control_informative",0.05,5,0.01,"","mirage_joint","trait2","bfdr_power",0.05,0.1
20260864,52,500,15,3000,3000,3000,3000,"fast","control_informative",0.05,5,0.01,"","mirage_joint","trait2","bfdr_discoveries",0.05,1
20260864,52,500,15,3000,3000,3000,3000,"fast","control_informative",0.05,5,0.01,"","mirage_joint","trait2","bfdr_observed_fdp",0.1,0.5
20260864,52,500,15,3000,3000,3000,3000,"fast","control_informative",0.05,5,0.01,"","mirage_joint","trait2","bfdr_estimate",0.1,0.0754694237478951
20260864,52,500,15,3000,3000,3000,3000,"fast","control_informative",0.05,5,0.01,"","mirage_joint","trait2","bfdr_power",0.1,0.1
20260864,52,500,15,3000,3000,3000,3000,"fast","control_informative",0.05,5,0.01,"","mirage_joint","trait2","bfdr_discoveries",0.1,2
20260864,52,500,15,3000,3000,3000,3000,"fast","control_informative",0.05,5,0.01,"","mirage_joint","trait2","bfdr_observed_fdp",0.2,0.5
20260864,52,500,15,3000,3000,3000,3000,"fast","control_informative",0.05,5,0.01,"","mirage_joint","trait2","bfdr_estimate",0.2,0.0754694237478951
20260864,52,500,15,3000,3000,3000,3000,"fast","control_informative",0.05,5,0.01,"","mirage_joint","trait2","bfdr_power",0.2,0.1
20260864,52,500,15,3000,3000,3000,3000,"fast","control_informative",0.05,5,0.01,"","mirage_joint","trait2","bfdr_discoveries",0.2,2
20260864,52,500,15,3000,3000,3000,3000,"fast","control_informative",0.05,5,0.01,"","mirage_joint","pleiotropy","bfdr_observed_fdp",0.01,0
20260864,52,500,15,3000,3000,3000,3000,"fast","control_informative",0.05,5,0.01,"","mirage_joint","pleiotropy","bfdr_estimate",0.01,0
20260864,52,500,15,3000,3000,3000,3000,"fast","control_informative",0.05,5,0.01,"","mirage_joint","pleiotropy","bfdr_power",0.01,0
20260864,52,500,15,3000,3000,3000,3000,"fast","control_informative",0.05,5,0.01,"","mirage_joint","pleiotropy","bfdr_discoveries",0.01,0
20260864,52,500,15,3000,3000,3000,3000,"fast","control_informative",0.05,5,0.01,"","mirage_joint","pleiotropy","bfdr_observed_fdp",0.05,0
20260864,52,500,15,3000,3000,3000,3000,"fast","control_informative",0.05,5,0.01,"","mirage_joint","pleiotropy","bfdr_estimate",0.05,0
20260864,52,500,15,3000,3000,3000,3000,"fast","control_informative",0.05,5,0.01,"","mirage_joint","pleiotropy","bfdr_power",0.05,0
20260864,52,500,15,3000,3000,3000,3000,"fast","control_informative",0.05,5,0.01,"","mirage_joint","pleiotropy","bfdr_discoveries",0.05,0
20260864,52,500,15,3000,3000,3000,3000,"fast","control_informative",0.05,5,0.01,"","mirage_joint","pleiotropy","bfdr_observed_fdp",0.1,0
20260864,52,500,15,3000,3000,3000,3000,"fast","control_informative",0.05,5,0.01,"","mirage_joint","pleiotropy","bfdr_estimate",0.1,0
20260864,52,500,15,3000,3000,3000,3000,"fast","control_informative",0.05,5,0.01,"","mirage_joint","pleiotropy","bfdr_power",0.1,0
20260864,52,500,15,3000,3000,3000,3000,"fast","control_informative",0.05,5,0.01,"","mirage_joint","pleiotropy","bfdr_discoveries",0.1,0
20260864,52,500,15,3000,3000,3000,3000,"fast","control_informative",0.05,5,0.01,"","mirage_joint","pleiotropy","bfdr_observed_fdp",0.2,0
20260864,52,500,15,3000,3000,3000,3000,"fast","control_informative",0.05,5,0.01,"","mirage_joint","pleiotropy","bfdr_estimate",0.2,0
20260864,52,500,15,3000,3000,3000,3000,"fast","control_informative",0.05,5,0.01,"","mirage_joint","pleiotropy","bfdr_power",0.2,0
20260864,52,500,15,3000,3000,3000,3000,"fast","control_informative",0.05,5,0.01,"","mirage_joint","pleiotropy","bfdr_discoveries",0.2,0
20260864,52,500,15,3000,3000,3000,3000,"fast","control_informative",0.05,5,0.01,"","mirage_joint","global","runtime_seconds",NA,19.41
20260864,52,500,15,3000,3000,3000,3000,"fast","control_informative",0.05,5,0.01,"","mirage_joint","pleiotropy","pi11_estimate",NA,0.00355427787935408
20260864,52,500,15,3000,3000,3000,3000,"fast","control_informative",0.05,5,0.01,"","separate_mirage","trait1","auc",NA,0.657852631578947
20260864,52,500,15,3000,3000,3000,3000,"fast","control_informative",0.05,5,0.01,"","separate_mirage","trait2","auc",NA,0.682244897959184
20260864,52,500,15,3000,3000,3000,3000,"fast","control_informative",0.05,5,0.01,"","separate_mirage","pleiotropy","auc",NA,0.566060606060606
20260864,52,500,15,3000,3000,3000,3000,"fast","control_informative",0.05,5,0.01,"","separate_mirage","trait1","pp08_power",0.8,0
20260864,52,500,15,3000,3000,3000,3000,"fast","control_informative",0.05,5,0.01,"","separate_mirage","trait1","pp08_fdp",0.8,0
20260864,52,500,15,3000,3000,3000,3000,"fast","control_informative",0.05,5,0.01,"","separate_mirage","trait1","pp08_discoveries",0.8,0
20260864,52,500,15,3000,3000,3000,3000,"fast","control_informative",0.05,5,0.01,"","separate_mirage","trait2","pp08_power",0.8,0.1
20260864,52,500,15,3000,3000,3000,3000,"fast","control_informative",0.05,5,0.01,"","separate_mirage","trait2","pp08_fdp",0.8,0.5
20260864,52,500,15,3000,3000,3000,3000,"fast","control_informative",0.05,5,0.01,"","separate_mirage","trait2","pp08_discoveries",0.8,2
20260864,52,500,15,3000,3000,3000,3000,"fast","control_informative",0.05,5,0.01,"","separate_mirage","pleiotropy","pp08_power",0.8,0
20260864,52,500,15,3000,3000,3000,3000,"fast","control_informative",0.05,5,0.01,"","separate_mirage","pleiotropy","pp08_fdp",0.8,0
20260864,52,500,15,3000,3000,3000,3000,"fast","control_informative",0.05,5,0.01,"","separate_mirage","pleiotropy","pp08_discoveries",0.8,0
20260864,52,500,15,3000,3000,3000,3000,"fast","control_informative",0.05,5,0.01,"","separate_mirage","trait1","bfdr_observed_fdp",0.01,0
20260864,52,500,15,3000,3000,3000,3000,"fast","control_informative",0.05,5,0.01,"","separate_mirage","trait1","bfdr_estimate",0.01,0
20260864,52,500,15,3000,3000,3000,3000,"fast","control_informative",0.05,5,0.01,"","separate_mirage","trait1","bfdr_power",0.01,0
20260864,52,500,15,3000,3000,3000,3000,"fast","control_informative",0.05,5,0.01,"","separate_mirage","trait1","bfdr_discoveries",0.01,0
20260864,52,500,15,3000,3000,3000,3000,"fast","control_informative",0.05,5,0.01,"","separate_mirage","trait1","bfdr_observed_fdp",0.05,0
20260864,52,500,15,3000,3000,3000,3000,"fast","control_informative",0.05,5,0.01,"","separate_mirage","trait1","bfdr_estimate",0.05,0
20260864,52,500,15,3000,3000,3000,3000,"fast","control_informative",0.05,5,0.01,"","separate_mirage","trait1","bfdr_power",0.05,0
20260864,52,500,15,3000,3000,3000,3000,"fast","control_informative",0.05,5,0.01,"","separate_mirage","trait1","bfdr_discoveries",0.05,0
20260864,52,500,15,3000,3000,3000,3000,"fast","control_informative",0.05,5,0.01,"","separate_mirage","trait1","bfdr_observed_fdp",0.1,0
20260864,52,500,15,3000,3000,3000,3000,"fast","control_informative",0.05,5,0.01,"","separate_mirage","trait1","bfdr_estimate",0.1,0
20260864,52,500,15,3000,3000,3000,3000,"fast","control_informative",0.05,5,0.01,"","separate_mirage","trait1","bfdr_power",0.1,0
20260864,52,500,15,3000,3000,3000,3000,"fast","control_informative",0.05,5,0.01,"","separate_mirage","trait1","bfdr_discoveries",0.1,0
20260864,52,500,15,3000,3000,3000,3000,"fast","control_informative",0.05,5,0.01,"","separate_mirage","trait1","bfdr_observed_fdp",0.2,0
20260864,52,500,15,3000,3000,3000,3000,"fast","control_informative",0.05,5,0.01,"","separate_mirage","trait1","bfdr_estimate",0.2,0
20260864,52,500,15,3000,3000,3000,3000,"fast","control_informative",0.05,5,0.01,"","separate_mirage","trait1","bfdr_power",0.2,0
20260864,52,500,15,3000,3000,3000,3000,"fast","control_informative",0.05,5,0.01,"","separate_mirage","trait1","bfdr_discoveries",0.2,0
20260864,52,500,15,3000,3000,3000,3000,"fast","control_informative",0.05,5,0.01,"","separate_mirage","trait2","bfdr_observed_fdp",0.01,0
20260864,52,500,15,3000,3000,3000,3000,"fast","control_informative",0.05,5,0.01,"","separate_mirage","trait2","bfdr_estimate",0.01,0
20260864,52,500,15,3000,3000,3000,3000,"fast","control_informative",0.05,5,0.01,"","separate_mirage","trait2","bfdr_power",0.01,0
20260864,52,500,15,3000,3000,3000,3000,"fast","control_informative",0.05,5,0.01,"","separate_mirage","trait2","bfdr_discoveries",0.01,0
20260864,52,500,15,3000,3000,3000,3000,"fast","control_informative",0.05,5,0.01,"","separate_mirage","trait2","bfdr_observed_fdp",0.05,0
20260864,52,500,15,3000,3000,3000,3000,"fast","control_informative",0.05,5,0.01,"","separate_mirage","trait2","bfdr_estimate",0.05,0.0228084754727244
20260864,52,500,15,3000,3000,3000,3000,"fast","control_informative",0.05,5,0.01,"","separate_mirage","trait2","bfdr_power",0.05,0.1
20260864,52,500,15,3000,3000,3000,3000,"fast","control_informative",0.05,5,0.01,"","separate_mirage","trait2","bfdr_discoveries",0.05,1
20260864,52,500,15,3000,3000,3000,3000,"fast","control_informative",0.05,5,0.01,"","separate_mirage","trait2","bfdr_observed_fdp",0.1,0.5
20260864,52,500,15,3000,3000,3000,3000,"fast","control_informative",0.05,5,0.01,"","separate_mirage","trait2","bfdr_estimate",0.1,0.0931704624030716
20260864,52,500,15,3000,3000,3000,3000,"fast","control_informative",0.05,5,0.01,"","separate_mirage","trait2","bfdr_power",0.1,0.1
20260864,52,500,15,3000,3000,3000,3000,"fast","control_informative",0.05,5,0.01,"","separate_mirage","trait2","bfdr_discoveries",0.1,2
20260864,52,500,15,3000,3000,3000,3000,"fast","control_informative",0.05,5,0.01,"","separate_mirage","trait2","bfdr_observed_fdp",0.2,0.5
20260864,52,500,15,3000,3000,3000,3000,"fast","control_informative",0.05,5,0.01,"","separate_mirage","trait2","bfdr_estimate",0.2,0.0931704624030716
20260864,52,500,15,3000,3000,3000,3000,"fast","control_informative",0.05,5,0.01,"","separate_mirage","trait2","bfdr_power",0.2,0.1
20260864,52,500,15,3000,3000,3000,3000,"fast","control_informative",0.05,5,0.01,"","separate_mirage","trait2","bfdr_discoveries",0.2,2
20260864,52,500,15,3000,3000,3000,3000,"fast","control_informative",0.05,5,0.01,"","separate_mirage","pleiotropy","bfdr_observed_fdp",0.01,0
20260864,52,500,15,3000,3000,3000,3000,"fast","control_informative",0.05,5,0.01,"","separate_mirage","pleiotropy","bfdr_estimate",0.01,0
20260864,52,500,15,3000,3000,3000,3000,"fast","control_informative",0.05,5,0.01,"","separate_mirage","pleiotropy","bfdr_power",0.01,0
20260864,52,500,15,3000,3000,3000,3000,"fast","control_informative",0.05,5,0.01,"","separate_mirage","pleiotropy","bfdr_discoveries",0.01,0
20260864,52,500,15,3000,3000,3000,3000,"fast","control_informative",0.05,5,0.01,"","separate_mirage","pleiotropy","bfdr_observed_fdp",0.05,0
20260864,52,500,15,3000,3000,3000,3000,"fast","control_informative",0.05,5,0.01,"","separate_mirage","pleiotropy","bfdr_estimate",0.05,0
20260864,52,500,15,3000,3000,3000,3000,"fast","control_informative",0.05,5,0.01,"","separate_mirage","pleiotropy","bfdr_power",0.05,0
20260864,52,500,15,3000,3000,3000,3000,"fast","control_informative",0.05,5,0.01,"","separate_mirage","pleiotropy","bfdr_discoveries",0.05,0
20260864,52,500,15,3000,3000,3000,3000,"fast","control_informative",0.05,5,0.01,"","separate_mirage","pleiotropy","bfdr_observed_fdp",0.1,0
20260864,52,500,15,3000,3000,3000,3000,"fast","control_informative",0.05,5,0.01,"","separate_mirage","pleiotropy","bfdr_estimate",0.1,0
20260864,52,500,15,3000,3000,3000,3000,"fast","control_informative",0.05,5,0.01,"","separate_mirage","pleiotropy","bfdr_power",0.1,0
20260864,52,500,15,3000,3000,3000,3000,"fast","control_informative",0.05,5,0.01,"","separate_mirage","pleiotropy","bfdr_discoveries",0.1,0
20260864,52,500,15,3000,3000,3000,3000,"fast","control_informative",0.05,5,0.01,"","separate_mirage","pleiotropy","bfdr_observed_fdp",0.2,0
20260864,52,500,15,3000,3000,3000,3000,"fast","control_informative",0.05,5,0.01,"","separate_mirage","pleiotropy","bfdr_estimate",0.2,0
20260864,52,500,15,3000,3000,3000,3000,"fast","control_informative",0.05,5,0.01,"","separate_mirage","pleiotropy","bfdr_power",0.2,0
20260864,52,500,15,3000,3000,3000,3000,"fast","control_informative",0.05,5,0.01,"","separate_mirage","pleiotropy","bfdr_discoveries",0.2,0
20260864,52,500,15,3000,3000,3000,3000,"fast","control_informative",0.05,5,0.01,"","separate_mirage","global","runtime_seconds",NA,18.4829999999999
20260864,52,500,15,3000,3000,3000,3000,"fast","control_informative",0.05,5,0.01,"","separate_mirage","pleiotropy","pi11_estimate",NA,0.001
20260864,52,500,15,3000,3000,3000,3000,"fast","control_informative",0.05,5,0.01,"","mtada_aggregated","trait1","auc",NA,0.6864
20260864,52,500,15,3000,3000,3000,3000,"fast","control_informative",0.05,5,0.01,"","mtada_aggregated","trait2","auc",NA,0.623265306122449
20260864,52,500,15,3000,3000,3000,3000,"fast","control_informative",0.05,5,0.01,"","mtada_aggregated","pleiotropy","auc",NA,0.705050505050505
20260864,52,500,15,3000,3000,3000,3000,"fast","control_informative",0.05,5,0.01,"","mtada_aggregated","trait1","pp08_power",0.8,0.2
20260864,52,500,15,3000,3000,3000,3000,"fast","control_informative",0.05,5,0.01,"","mtada_aggregated","trait1","pp08_fdp",0.8,0.888888888888889
20260864,52,500,15,3000,3000,3000,3000,"fast","control_informative",0.05,5,0.01,"","mtada_aggregated","trait1","pp08_discoveries",0.8,45
20260864,52,500,15,3000,3000,3000,3000,"fast","control_informative",0.05,5,0.01,"","mtada_aggregated","trait2","pp08_power",0.8,0.2
20260864,52,500,15,3000,3000,3000,3000,"fast","control_informative",0.05,5,0.01,"","mtada_aggregated","trait2","pp08_fdp",0.8,0.93939393939394
20260864,52,500,15,3000,3000,3000,3000,"fast","control_informative",0.05,5,0.01,"","mtada_aggregated","trait2","pp08_discoveries",0.8,33
20260864,52,500,15,3000,3000,3000,3000,"fast","control_informative",0.05,5,0.01,"","mtada_aggregated","pleiotropy","pp08_power",0.8,0
20260864,52,500,15,3000,3000,3000,3000,"fast","control_informative",0.05,5,0.01,"","mtada_aggregated","pleiotropy","pp08_fdp",0.8,1
20260864,52,500,15,3000,3000,3000,3000,"fast","control_informative",0.05,5,0.01,"","mtada_aggregated","pleiotropy","pp08_discoveries",0.8,2
20260864,52,500,15,3000,3000,3000,3000,"fast","control_informative",0.05,5,0.01,"","mtada_aggregated","trait1","bfdr_observed_fdp",0.01,0.875
20260864,52,500,15,3000,3000,3000,3000,"fast","control_informative",0.05,5,0.01,"","mtada_aggregated","trait1","bfdr_estimate",0.01,0.00742087281899009
20260864,52,500,15,3000,3000,3000,3000,"fast","control_informative",0.05,5,0.01,"","mtada_aggregated","trait1","bfdr_power",0.01,0.2
20260864,52,500,15,3000,3000,3000,3000,"fast","control_informative",0.05,5,0.01,"","mtada_aggregated","trait1","bfdr_discoveries",0.01,40
20260864,52,500,15,3000,3000,3000,3000,"fast","control_informative",0.05,5,0.01,"","mtada_aggregated","trait1","bfdr_observed_fdp",0.05,0.877551020408163
20260864,52,500,15,3000,3000,3000,3000,"fast","control_informative",0.05,5,0.01,"","mtada_aggregated","trait1","bfdr_estimate",0.05,0.0468610243000137
20260864,52,500,15,3000,3000,3000,3000,"fast","control_informative",0.05,5,0.01,"","mtada_aggregated","trait1","bfdr_power",0.05,0.24
20260864,52,500,15,3000,3000,3000,3000,"fast","control_informative",0.05,5,0.01,"","mtada_aggregated","trait1","bfdr_discoveries",0.05,49
20260864,52,500,15,3000,3000,3000,3000,"fast","control_informative",0.05,5,0.01,"","mtada_aggregated","trait1","bfdr_observed_fdp",0.1,0.890909090909091
20260864,52,500,15,3000,3000,3000,3000,"fast","control_informative",0.05,5,0.01,"","mtada_aggregated","trait1","bfdr_estimate",0.1,0.0926341410082539
20260864,52,500,15,3000,3000,3000,3000,"fast","control_informative",0.05,5,0.01,"","mtada_aggregated","trait1","bfdr_power",0.1,0.24
20260864,52,500,15,3000,3000,3000,3000,"fast","control_informative",0.05,5,0.01,"","mtada_aggregated","trait1","bfdr_discoveries",0.1,55
20260864,52,500,15,3000,3000,3000,3000,"fast","control_informative",0.05,5,0.01,"","mtada_aggregated","trait1","bfdr_observed_fdp",0.2,0.878787878787879
20260864,52,500,15,3000,3000,3000,3000,"fast","control_informative",0.05,5,0.01,"","mtada_aggregated","trait1","bfdr_estimate",0.2,0.193181915002347
20260864,52,500,15,3000,3000,3000,3000,"fast","control_informative",0.05,5,0.01,"","mtada_aggregated","trait1","bfdr_power",0.2,0.32
20260864,52,500,15,3000,3000,3000,3000,"fast","control_informative",0.05,5,0.01,"","mtada_aggregated","trait1","bfdr_discoveries",0.2,66
20260864,52,500,15,3000,3000,3000,3000,"fast","control_informative",0.05,5,0.01,"","mtada_aggregated","trait2","bfdr_observed_fdp",0.01,0.9375
20260864,52,500,15,3000,3000,3000,3000,"fast","control_informative",0.05,5,0.01,"","mtada_aggregated","trait2","bfdr_estimate",0.01,0.00945206266890164
20260864,52,500,15,3000,3000,3000,3000,"fast","control_informative",0.05,5,0.01,"","mtada_aggregated","trait2","bfdr_power",0.01,0.2
20260864,52,500,15,3000,3000,3000,3000,"fast","control_informative",0.05,5,0.01,"","mtada_aggregated","trait2","bfdr_discoveries",0.01,32
20260864,52,500,15,3000,3000,3000,3000,"fast","control_informative",0.05,5,0.01,"","mtada_aggregated","trait2","bfdr_observed_fdp",0.05,0.945945945945946
20260864,52,500,15,3000,3000,3000,3000,"fast","control_informative",0.05,5,0.01,"","mtada_aggregated","trait2","bfdr_estimate",0.05,0.0468654388924417
20260864,52,500,15,3000,3000,3000,3000,"fast","control_informative",0.05,5,0.01,"","mtada_aggregated","trait2","bfdr_power",0.05,0.2
20260864,52,500,15,3000,3000,3000,3000,"fast","control_informative",0.05,5,0.01,"","mtada_aggregated","trait2","bfdr_discoveries",0.05,37
20260864,52,500,15,3000,3000,3000,3000,"fast","control_informative",0.05,5,0.01,"","mtada_aggregated","trait2","bfdr_observed_fdp",0.1,0.952380952380952
20260864,52,500,15,3000,3000,3000,3000,"fast","control_informative",0.05,5,0.01,"","mtada_aggregated","trait2","bfdr_estimate",0.1,0.099537214367013
20260864,52,500,15,3000,3000,3000,3000,"fast","control_informative",0.05,5,0.01,"","mtada_aggregated","trait2","bfdr_power",0.1,0.2
20260864,52,500,15,3000,3000,3000,3000,"fast","control_informative",0.05,5,0.01,"","mtada_aggregated","trait2","bfdr_discoveries",0.1,42
20260864,52,500,15,3000,3000,3000,3000,"fast","control_informative",0.05,5,0.01,"","mtada_aggregated","trait2","bfdr_observed_fdp",0.2,0.96
20260864,52,500,15,3000,3000,3000,3000,"fast","control_informative",0.05,5,0.01,"","mtada_aggregated","trait2","bfdr_estimate",0.2,0.193676752543318
20260864,52,500,15,3000,3000,3000,3000,"fast","control_informative",0.05,5,0.01,"","mtada_aggregated","trait2","bfdr_power",0.2,0.2
20260864,52,500,15,3000,3000,3000,3000,"fast","control_informative",0.05,5,0.01,"","mtada_aggregated","trait2","bfdr_discoveries",0.2,50
20260864,52,500,15,3000,3000,3000,3000,"fast","control_informative",0.05,5,0.01,"","mtada_aggregated","pleiotropy","bfdr_observed_fdp",0.01,1
20260864,52,500,15,3000,3000,3000,3000,"fast","control_informative",0.05,5,0.01,"","mtada_aggregated","pleiotropy","bfdr_estimate",0.01,0.00971057022909638
20260864,52,500,15,3000,3000,3000,3000,"fast","control_informative",0.05,5,0.01,"","mtada_aggregated","pleiotropy","bfdr_power",0.01,0
20260864,52,500,15,3000,3000,3000,3000,"fast","control_informative",0.05,5,0.01,"","mtada_aggregated","pleiotropy","bfdr_discoveries",0.01,2
20260864,52,500,15,3000,3000,3000,3000,"fast","control_informative",0.05,5,0.01,"","mtada_aggregated","pleiotropy","bfdr_observed_fdp",0.05,1
20260864,52,500,15,3000,3000,3000,3000,"fast","control_informative",0.05,5,0.01,"","mtada_aggregated","pleiotropy","bfdr_estimate",0.05,0.00971057022909638
20260864,52,500,15,3000,3000,3000,3000,"fast","control_informative",0.05,5,0.01,"","mtada_aggregated","pleiotropy","bfdr_power",0.05,0
20260864,52,500,15,3000,3000,3000,3000,"fast","control_informative",0.05,5,0.01,"","mtada_aggregated","pleiotropy","bfdr_discoveries",0.05,2
20260864,52,500,15,3000,3000,3000,3000,"fast","control_informative",0.05,5,0.01,"","mtada_aggregated","pleiotropy","bfdr_observed_fdp",0.1,1
20260864,52,500,15,3000,3000,3000,3000,"fast","control_informative",0.05,5,0.01,"","mtada_aggregated","pleiotropy","bfdr_estimate",0.1,0.0933839711472906
20260864,52,500,15,3000,3000,3000,3000,"fast","control_informative",0.05,5,0.01,"","mtada_aggregated","pleiotropy","bfdr_power",0.1,0
20260864,52,500,15,3000,3000,3000,3000,"fast","control_informative",0.05,5,0.01,"","mtada_aggregated","pleiotropy","bfdr_discoveries",0.1,3
20260864,52,500,15,3000,3000,3000,3000,"fast","control_informative",0.05,5,0.01,"","mtada_aggregated","pleiotropy","bfdr_observed_fdp",0.2,1
20260864,52,500,15,3000,3000,3000,3000,"fast","control_informative",0.05,5,0.01,"","mtada_aggregated","pleiotropy","bfdr_estimate",0.2,0.172241971080935
20260864,52,500,15,3000,3000,3000,3000,"fast","control_informative",0.05,5,0.01,"","mtada_aggregated","pleiotropy","bfdr_power",0.2,0
20260864,52,500,15,3000,3000,3000,3000,"fast","control_informative",0.05,5,0.01,"","mtada_aggregated","pleiotropy","bfdr_discoveries",0.2,4
20260864,52,500,15,3000,3000,3000,3000,"fast","control_informative",0.05,5,0.01,"","mtada_aggregated","global","runtime_seconds",NA,0.711000000000013
20260864,52,500,15,3000,3000,3000,3000,"fast","control_informative",0.05,5,0.01,"","mtada_aggregated","pleiotropy","pi11_estimate",NA,0.00158737
20260865,53,500,15,3000,3000,3000,3000,"fast","control_informative",0.05,5,0.01,"","mirage_joint","trait1","auc",NA,0.731452631578947
20260865,53,500,15,3000,3000,3000,3000,"fast","control_informative",0.05,5,0.01,"","mirage_joint","trait2","auc",NA,0.734081632653061
20260865,53,500,15,3000,3000,3000,3000,"fast","control_informative",0.05,5,0.01,"","mirage_joint","pleiotropy","auc",NA,0.843636363636364
20260865,53,500,15,3000,3000,3000,3000,"fast","control_informative",0.05,5,0.01,"","mirage_joint","trait1","pp08_power",0.8,0.12
20260865,53,500,15,3000,3000,3000,3000,"fast","control_informative",0.05,5,0.01,"","mirage_joint","trait1","pp08_fdp",0.8,0
20260865,53,500,15,3000,3000,3000,3000,"fast","control_informative",0.05,5,0.01,"","mirage_joint","trait1","pp08_discoveries",0.8,3
20260865,53,500,15,3000,3000,3000,3000,"fast","control_informative",0.05,5,0.01,"","mirage_joint","trait2","pp08_power",0.8,0
20260865,53,500,15,3000,3000,3000,3000,"fast","control_informative",0.05,5,0.01,"","mirage_joint","trait2","pp08_fdp",0.8,0
20260865,53,500,15,3000,3000,3000,3000,"fast","control_informative",0.05,5,0.01,"","mirage_joint","trait2","pp08_discoveries",0.8,0
20260865,53,500,15,3000,3000,3000,3000,"fast","control_informative",0.05,5,0.01,"","mirage_joint","pleiotropy","pp08_power",0.8,0
20260865,53,500,15,3000,3000,3000,3000,"fast","control_informative",0.05,5,0.01,"","mirage_joint","pleiotropy","pp08_fdp",0.8,0
20260865,53,500,15,3000,3000,3000,3000,"fast","control_informative",0.05,5,0.01,"","mirage_joint","pleiotropy","pp08_discoveries",0.8,0
20260865,53,500,15,3000,3000,3000,3000,"fast","control_informative",0.05,5,0.01,"","mirage_joint","trait1","bfdr_observed_fdp",0.01,0
20260865,53,500,15,3000,3000,3000,3000,"fast","control_informative",0.05,5,0.01,"","mirage_joint","trait1","bfdr_estimate",0.01,0.00288988214688387
20260865,53,500,15,3000,3000,3000,3000,"fast","control_informative",0.05,5,0.01,"","mirage_joint","trait1","bfdr_power",0.01,0.12
20260865,53,500,15,3000,3000,3000,3000,"fast","control_informative",0.05,5,0.01,"","mirage_joint","trait1","bfdr_discoveries",0.01,3
20260865,53,500,15,3000,3000,3000,3000,"fast","control_informative",0.05,5,0.01,"","mirage_joint","trait1","bfdr_observed_fdp",0.05,0
20260865,53,500,15,3000,3000,3000,3000,"fast","control_informative",0.05,5,0.01,"","mirage_joint","trait1","bfdr_estimate",0.05,0.00288988214688387
20260865,53,500,15,3000,3000,3000,3000,"fast","control_informative",0.05,5,0.01,"","mirage_joint","trait1","bfdr_power",0.05,0.12
20260865,53,500,15,3000,3000,3000,3000,"fast","control_informative",0.05,5,0.01,"","mirage_joint","trait1","bfdr_discoveries",0.05,3
20260865,53,500,15,3000,3000,3000,3000,"fast","control_informative",0.05,5,0.01,"","mirage_joint","trait1","bfdr_observed_fdp",0.1,0.2
20260865,53,500,15,3000,3000,3000,3000,"fast","control_informative",0.05,5,0.01,"","mirage_joint","trait1","bfdr_estimate",0.1,0.0835352807190703
20260865,53,500,15,3000,3000,3000,3000,"fast","control_informative",0.05,5,0.01,"","mirage_joint","trait1","bfdr_power",0.1,0.16
20260865,53,500,15,3000,3000,3000,3000,"fast","control_informative",0.05,5,0.01,"","mirage_joint","trait1","bfdr_discoveries",0.1,5
20260865,53,500,15,3000,3000,3000,3000,"fast","control_informative",0.05,5,0.01,"","mirage_joint","trait1","bfdr_observed_fdp",0.2,0.333333333333333
20260865,53,500,15,3000,3000,3000,3000,"fast","control_informative",0.05,5,0.01,"","mirage_joint","trait1","bfdr_estimate",0.2,0.195776861425471
20260865,53,500,15,3000,3000,3000,3000,"fast","control_informative",0.05,5,0.01,"","mirage_joint","trait1","bfdr_power",0.2,0.24
20260865,53,500,15,3000,3000,3000,3000,"fast","control_informative",0.05,5,0.01,"","mirage_joint","trait1","bfdr_discoveries",0.2,9
20260865,53,500,15,3000,3000,3000,3000,"fast","control_informative",0.05,5,0.01,"","mirage_joint","trait2","bfdr_observed_fdp",0.01,0
20260865,53,500,15,3000,3000,3000,3000,"fast","control_informative",0.05,5,0.01,"","mirage_joint","trait2","bfdr_estimate",0.01,0
20260865,53,500,15,3000,3000,3000,3000,"fast","control_informative",0.05,5,0.01,"","mirage_joint","trait2","bfdr_power",0.01,0
20260865,53,500,15,3000,3000,3000,3000,"fast","control_informative",0.05,5,0.01,"","mirage_joint","trait2","bfdr_discoveries",0.01,0
20260865,53,500,15,3000,3000,3000,3000,"fast","control_informative",0.05,5,0.01,"","mirage_joint","trait2","bfdr_observed_fdp",0.05,0
20260865,53,500,15,3000,3000,3000,3000,"fast","control_informative",0.05,5,0.01,"","mirage_joint","trait2","bfdr_estimate",0.05,0
20260865,53,500,15,3000,3000,3000,3000,"fast","control_informative",0.05,5,0.01,"","mirage_joint","trait2","bfdr_power",0.05,0
20260865,53,500,15,3000,3000,3000,3000,"fast","control_informative",0.05,5,0.01,"","mirage_joint","trait2","bfdr_discoveries",0.05,0
20260865,53,500,15,3000,3000,3000,3000,"fast","control_informative",0.05,5,0.01,"","mirage_joint","trait2","bfdr_observed_fdp",0.1,0
20260865,53,500,15,3000,3000,3000,3000,"fast","control_informative",0.05,5,0.01,"","mirage_joint","trait2","bfdr_estimate",0.1,0
20260865,53,500,15,3000,3000,3000,3000,"fast","control_informative",0.05,5,0.01,"","mirage_joint","trait2","bfdr_power",0.1,0
20260865,53,500,15,3000,3000,3000,3000,"fast","control_informative",0.05,5,0.01,"","mirage_joint","trait2","bfdr_discoveries",0.1,0
20260865,53,500,15,3000,3000,3000,3000,"fast","control_informative",0.05,5,0.01,"","mirage_joint","trait2","bfdr_observed_fdp",0.2,0
20260865,53,500,15,3000,3000,3000,3000,"fast","control_informative",0.05,5,0.01,"","mirage_joint","trait2","bfdr_estimate",0.2,0
20260865,53,500,15,3000,3000,3000,3000,"fast","control_informative",0.05,5,0.01,"","mirage_joint","trait2","bfdr_power",0.2,0
20260865,53,500,15,3000,3000,3000,3000,"fast","control_informative",0.05,5,0.01,"","mirage_joint","trait2","bfdr_discoveries",0.2,0
20260865,53,500,15,3000,3000,3000,3000,"fast","control_informative",0.05,5,0.01,"","mirage_joint","pleiotropy","bfdr_observed_fdp",0.01,0
20260865,53,500,15,3000,3000,3000,3000,"fast","control_informative",0.05,5,0.01,"","mirage_joint","pleiotropy","bfdr_estimate",0.01,0
20260865,53,500,15,3000,3000,3000,3000,"fast","control_informative",0.05,5,0.01,"","mirage_joint","pleiotropy","bfdr_power",0.01,0
20260865,53,500,15,3000,3000,3000,3000,"fast","control_informative",0.05,5,0.01,"","mirage_joint","pleiotropy","bfdr_discoveries",0.01,0
20260865,53,500,15,3000,3000,3000,3000,"fast","control_informative",0.05,5,0.01,"","mirage_joint","pleiotropy","bfdr_observed_fdp",0.05,0
20260865,53,500,15,3000,3000,3000,3000,"fast","control_informative",0.05,5,0.01,"","mirage_joint","pleiotropy","bfdr_estimate",0.05,0
20260865,53,500,15,3000,3000,3000,3000,"fast","control_informative",0.05,5,0.01,"","mirage_joint","pleiotropy","bfdr_power",0.05,0
20260865,53,500,15,3000,3000,3000,3000,"fast","control_informative",0.05,5,0.01,"","mirage_joint","pleiotropy","bfdr_discoveries",0.05,0
20260865,53,500,15,3000,3000,3000,3000,"fast","control_informative",0.05,5,0.01,"","mirage_joint","pleiotropy","bfdr_observed_fdp",0.1,0
20260865,53,500,15,3000,3000,3000,3000,"fast","control_informative",0.05,5,0.01,"","mirage_joint","pleiotropy","bfdr_estimate",0.1,0
20260865,53,500,15,3000,3000,3000,3000,"fast","control_informative",0.05,5,0.01,"","mirage_joint","pleiotropy","bfdr_power",0.1,0
20260865,53,500,15,3000,3000,3000,3000,"fast","control_informative",0.05,5,0.01,"","mirage_joint","pleiotropy","bfdr_discoveries",0.1,0
20260865,53,500,15,3000,3000,3000,3000,"fast","control_informative",0.05,5,0.01,"","mirage_joint","pleiotropy","bfdr_observed_fdp",0.2,0
20260865,53,500,15,3000,3000,3000,3000,"fast","control_informative",0.05,5,0.01,"","mirage_joint","pleiotropy","bfdr_estimate",0.2,0
20260865,53,500,15,3000,3000,3000,3000,"fast","control_informative",0.05,5,0.01,"","mirage_joint","pleiotropy","bfdr_power",0.2,0
20260865,53,500,15,3000,3000,3000,3000,"fast","control_informative",0.05,5,0.01,"","mirage_joint","pleiotropy","bfdr_discoveries",0.2,0
20260865,53,500,15,3000,3000,3000,3000,"fast","control_informative",0.05,5,0.01,"","mirage_joint","global","runtime_seconds",NA,18.8960000000001
20260865,53,500,15,3000,3000,3000,3000,"fast","control_informative",0.05,5,0.01,"","mirage_joint","pleiotropy","pi11_estimate",NA,0.0536004836454121
20260865,53,500,15,3000,3000,3000,3000,"fast","control_informative",0.05,5,0.01,"","separate_mirage","trait1","auc",NA,0.7248
20260865,53,500,15,3000,3000,3000,3000,"fast","control_informative",0.05,5,0.01,"","separate_mirage","trait2","auc",NA,0.66469387755102
20260865,53,500,15,3000,3000,3000,3000,"fast","control_informative",0.05,5,0.01,"","separate_mirage","pleiotropy","auc",NA,0.845252525252525
20260865,53,500,15,3000,3000,3000,3000,"fast","control_informative",0.05,5,0.01,"","separate_mirage","trait1","pp08_power",0.8,0.12
20260865,53,500,15,3000,3000,3000,3000,"fast","control_informative",0.05,5,0.01,"","separate_mirage","trait1","pp08_fdp",0.8,0
20260865,53,500,15,3000,3000,3000,3000,"fast","control_informative",0.05,5,0.01,"","separate_mirage","trait1","pp08_discoveries",0.8,3
20260865,53,500,15,3000,3000,3000,3000,"fast","control_informative",0.05,5,0.01,"","separate_mirage","trait2","pp08_power",0.8,0
20260865,53,500,15,3000,3000,3000,3000,"fast","control_informative",0.05,5,0.01,"","separate_mirage","trait2","pp08_fdp",0.8,0
20260865,53,500,15,3000,3000,3000,3000,"fast","control_informative",0.05,5,0.01,"","separate_mirage","trait2","pp08_discoveries",0.8,0
20260865,53,500,15,3000,3000,3000,3000,"fast","control_informative",0.05,5,0.01,"","separate_mirage","pleiotropy","pp08_power",0.8,0
20260865,53,500,15,3000,3000,3000,3000,"fast","control_informative",0.05,5,0.01,"","separate_mirage","pleiotropy","pp08_fdp",0.8,0
20260865,53,500,15,3000,3000,3000,3000,"fast","control_informative",0.05,5,0.01,"","separate_mirage","pleiotropy","pp08_discoveries",0.8,0
20260865,53,500,15,3000,3000,3000,3000,"fast","control_informative",0.05,5,0.01,"","separate_mirage","trait1","bfdr_observed_fdp",0.01,0
20260865,53,500,15,3000,3000,3000,3000,"fast","control_informative",0.05,5,0.01,"","separate_mirage","trait1","bfdr_estimate",0.01,0.00412110710498218
20260865,53,500,15,3000,3000,3000,3000,"fast","control_informative",0.05,5,0.01,"","separate_mirage","trait1","bfdr_power",0.01,0.12
20260865,53,500,15,3000,3000,3000,3000,"fast","control_informative",0.05,5,0.01,"","separate_mirage","trait1","bfdr_discoveries",0.01,3
20260865,53,500,15,3000,3000,3000,3000,"fast","control_informative",0.05,5,0.01,"","separate_mirage","trait1","bfdr_observed_fdp",0.05,0
20260865,53,500,15,3000,3000,3000,3000,"fast","control_informative",0.05,5,0.01,"","separate_mirage","trait1","bfdr_estimate",0.05,0.00412110710498218
20260865,53,500,15,3000,3000,3000,3000,"fast","control_informative",0.05,5,0.01,"","separate_mirage","trait1","bfdr_power",0.05,0.12
20260865,53,500,15,3000,3000,3000,3000,"fast","control_informative",0.05,5,0.01,"","separate_mirage","trait1","bfdr_discoveries",0.05,3
20260865,53,500,15,3000,3000,3000,3000,"fast","control_informative",0.05,5,0.01,"","separate_mirage","trait1","bfdr_observed_fdp",0.1,0
20260865,53,500,15,3000,3000,3000,3000,"fast","control_informative",0.05,5,0.01,"","separate_mirage","trait1","bfdr_estimate",0.1,0.0663774497140977
20260865,53,500,15,3000,3000,3000,3000,"fast","control_informative",0.05,5,0.01,"","separate_mirage","trait1","bfdr_power",0.1,0.16
20260865,53,500,15,3000,3000,3000,3000,"fast","control_informative",0.05,5,0.01,"","separate_mirage","trait1","bfdr_discoveries",0.1,4
20260865,53,500,15,3000,3000,3000,3000,"fast","control_informative",0.05,5,0.01,"","separate_mirage","trait1","bfdr_observed_fdp",0.2,0.166666666666667
20260865,53,500,15,3000,3000,3000,3000,"fast","control_informative",0.05,5,0.01,"","separate_mirage","trait1","bfdr_estimate",0.2,0.142082210472094
20260865,53,500,15,3000,3000,3000,3000,"fast","control_informative",0.05,5,0.01,"","separate_mirage","trait1","bfdr_power",0.2,0.2
20260865,53,500,15,3000,3000,3000,3000,"fast","control_informative",0.05,5,0.01,"","separate_mirage","trait1","bfdr_discoveries",0.2,6
20260865,53,500,15,3000,3000,3000,3000,"fast","control_informative",0.05,5,0.01,"","separate_mirage","trait2","bfdr_observed_fdp",0.01,0
20260865,53,500,15,3000,3000,3000,3000,"fast","control_informative",0.05,5,0.01,"","separate_mirage","trait2","bfdr_estimate",0.01,0
20260865,53,500,15,3000,3000,3000,3000,"fast","control_informative",0.05,5,0.01,"","separate_mirage","trait2","bfdr_power",0.01,0
20260865,53,500,15,3000,3000,3000,3000,"fast","control_informative",0.05,5,0.01,"","separate_mirage","trait2","bfdr_discoveries",0.01,0
20260865,53,500,15,3000,3000,3000,3000,"fast","control_informative",0.05,5,0.01,"","separate_mirage","trait2","bfdr_observed_fdp",0.05,0
20260865,53,500,15,3000,3000,3000,3000,"fast","control_informative",0.05,5,0.01,"","separate_mirage","trait2","bfdr_estimate",0.05,0
20260865,53,500,15,3000,3000,3000,3000,"fast","control_informative",0.05,5,0.01,"","separate_mirage","trait2","bfdr_power",0.05,0
20260865,53,500,15,3000,3000,3000,3000,"fast","control_informative",0.05,5,0.01,"","separate_mirage","trait2","bfdr_discoveries",0.05,0
20260865,53,500,15,3000,3000,3000,3000,"fast","control_informative",0.05,5,0.01,"","separate_mirage","trait2","bfdr_observed_fdp",0.1,0
20260865,53,500,15,3000,3000,3000,3000,"fast","control_informative",0.05,5,0.01,"","separate_mirage","trait2","bfdr_estimate",0.1,0
20260865,53,500,15,3000,3000,3000,3000,"fast","control_informative",0.05,5,0.01,"","separate_mirage","trait2","bfdr_power",0.1,0
20260865,53,500,15,3000,3000,3000,3000,"fast","control_informative",0.05,5,0.01,"","separate_mirage","trait2","bfdr_discoveries",0.1,0
20260865,53,500,15,3000,3000,3000,3000,"fast","control_informative",0.05,5,0.01,"","separate_mirage","trait2","bfdr_observed_fdp",0.2,0
20260865,53,500,15,3000,3000,3000,3000,"fast","control_informative",0.05,5,0.01,"","separate_mirage","trait2","bfdr_estimate",0.2,0
20260865,53,500,15,3000,3000,3000,3000,"fast","control_informative",0.05,5,0.01,"","separate_mirage","trait2","bfdr_power",0.2,0
20260865,53,500,15,3000,3000,3000,3000,"fast","control_informative",0.05,5,0.01,"","separate_mirage","trait2","bfdr_discoveries",0.2,0
20260865,53,500,15,3000,3000,3000,3000,"fast","control_informative",0.05,5,0.01,"","separate_mirage","pleiotropy","bfdr_observed_fdp",0.01,0
20260865,53,500,15,3000,3000,3000,3000,"fast","control_informative",0.05,5,0.01,"","separate_mirage","pleiotropy","bfdr_estimate",0.01,0
20260865,53,500,15,3000,3000,3000,3000,"fast","control_informative",0.05,5,0.01,"","separate_mirage","pleiotropy","bfdr_power",0.01,0
20260865,53,500,15,3000,3000,3000,3000,"fast","control_informative",0.05,5,0.01,"","separate_mirage","pleiotropy","bfdr_discoveries",0.01,0
20260865,53,500,15,3000,3000,3000,3000,"fast","control_informative",0.05,5,0.01,"","separate_mirage","pleiotropy","bfdr_observed_fdp",0.05,0
20260865,53,500,15,3000,3000,3000,3000,"fast","control_informative",0.05,5,0.01,"","separate_mirage","pleiotropy","bfdr_estimate",0.05,0
20260865,53,500,15,3000,3000,3000,3000,"fast","control_informative",0.05,5,0.01,"","separate_mirage","pleiotropy","bfdr_power",0.05,0
20260865,53,500,15,3000,3000,3000,3000,"fast","control_informative",0.05,5,0.01,"","separate_mirage","pleiotropy","bfdr_discoveries",0.05,0
20260865,53,500,15,3000,3000,3000,3000,"fast","control_informative",0.05,5,0.01,"","separate_mirage","pleiotropy","bfdr_observed_fdp",0.1,0
20260865,53,500,15,3000,3000,3000,3000,"fast","control_informative",0.05,5,0.01,"","separate_mirage","pleiotropy","bfdr_estimate",0.1,0
20260865,53,500,15,3000,3000,3000,3000,"fast","control_informative",0.05,5,0.01,"","separate_mirage","pleiotropy","bfdr_power",0.1,0
20260865,53,500,15,3000,3000,3000,3000,"fast","control_informative",0.05,5,0.01,"","separate_mirage","pleiotropy","bfdr_discoveries",0.1,0
20260865,53,500,15,3000,3000,3000,3000,"fast","control_informative",0.05,5,0.01,"","separate_mirage","pleiotropy","bfdr_observed_fdp",0.2,0
20260865,53,500,15,3000,3000,3000,3000,"fast","control_informative",0.05,5,0.01,"","separate_mirage","pleiotropy","bfdr_estimate",0.2,0
20260865,53,500,15,3000,3000,3000,3000,"fast","control_informative",0.05,5,0.01,"","separate_mirage","pleiotropy","bfdr_power",0.2,0
20260865,53,500,15,3000,3000,3000,3000,"fast","control_informative",0.05,5,0.01,"","separate_mirage","pleiotropy","bfdr_discoveries",0.2,0
20260865,53,500,15,3000,3000,3000,3000,"fast","control_informative",0.05,5,0.01,"","separate_mirage","global","runtime_seconds",NA,18.33
20260865,53,500,15,3000,3000,3000,3000,"fast","control_informative",0.05,5,0.01,"","separate_mirage","pleiotropy","pi11_estimate",NA,0.001
20260865,53,500,15,3000,3000,3000,3000,"fast","control_informative",0.05,5,0.01,"","mtada_aggregated","trait1","auc",NA,0.693052631578947
20260865,53,500,15,3000,3000,3000,3000,"fast","control_informative",0.05,5,0.01,"","mtada_aggregated","trait2","auc",NA,0.583673469387755
20260865,53,500,15,3000,3000,3000,3000,"fast","control_informative",0.05,5,0.01,"","mtada_aggregated","pleiotropy","auc",NA,0.755151515151515
20260865,53,500,15,3000,3000,3000,3000,"fast","control_informative",0.05,5,0.01,"","mtada_aggregated","trait1","pp08_power",0.8,0.44
20260865,53,500,15,3000,3000,3000,3000,"fast","control_informative",0.05,5,0.01,"","mtada_aggregated","trait1","pp08_fdp",0.8,0.784313725490196
20260865,53,500,15,3000,3000,3000,3000,"fast","control_informative",0.05,5,0.01,"","mtada_aggregated","trait1","pp08_discoveries",0.8,51
20260865,53,500,15,3000,3000,3000,3000,"fast","control_informative",0.05,5,0.01,"","mtada_aggregated","trait2","pp08_power",0.8,0
20260865,53,500,15,3000,3000,3000,3000,"fast","control_informative",0.05,5,0.01,"","mtada_aggregated","trait2","pp08_fdp",0.8,1
20260865,53,500,15,3000,3000,3000,3000,"fast","control_informative",0.05,5,0.01,"","mtada_aggregated","trait2","pp08_discoveries",0.8,34
20260865,53,500,15,3000,3000,3000,3000,"fast","control_informative",0.05,5,0.01,"","mtada_aggregated","pleiotropy","pp08_power",0.8,0
20260865,53,500,15,3000,3000,3000,3000,"fast","control_informative",0.05,5,0.01,"","mtada_aggregated","pleiotropy","pp08_fdp",0.8,1
20260865,53,500,15,3000,3000,3000,3000,"fast","control_informative",0.05,5,0.01,"","mtada_aggregated","pleiotropy","pp08_discoveries",0.8,2
20260865,53,500,15,3000,3000,3000,3000,"fast","control_informative",0.05,5,0.01,"","mtada_aggregated","trait1","bfdr_observed_fdp",0.01,0.777777777777778
20260865,53,500,15,3000,3000,3000,3000,"fast","control_informative",0.05,5,0.01,"","mtada_aggregated","trait1","bfdr_estimate",0.01,0.00839603745855767
20260865,53,500,15,3000,3000,3000,3000,"fast","control_informative",0.05,5,0.01,"","mtada_aggregated","trait1","bfdr_power",0.01,0.4
20260865,53,500,15,3000,3000,3000,3000,"fast","control_informative",0.05,5,0.01,"","mtada_aggregated","trait1","bfdr_discoveries",0.01,45
20260865,53,500,15,3000,3000,3000,3000,"fast","control_informative",0.05,5,0.01,"","mtada_aggregated","trait1","bfdr_observed_fdp",0.05,0.8
20260865,53,500,15,3000,3000,3000,3000,"fast","control_informative",0.05,5,0.01,"","mtada_aggregated","trait1","bfdr_estimate",0.05,0.046290141512347
20260865,53,500,15,3000,3000,3000,3000,"fast","control_informative",0.05,5,0.01,"","mtada_aggregated","trait1","bfdr_power",0.05,0.44
20260865,53,500,15,3000,3000,3000,3000,"fast","control_informative",0.05,5,0.01,"","mtada_aggregated","trait1","bfdr_discoveries",0.05,55
20260865,53,500,15,3000,3000,3000,3000,"fast","control_informative",0.05,5,0.01,"","mtada_aggregated","trait1","bfdr_observed_fdp",0.1,0.82258064516129
20260865,53,500,15,3000,3000,3000,3000,"fast","control_informative",0.05,5,0.01,"","mtada_aggregated","trait1","bfdr_estimate",0.1,0.0928658656024315
20260865,53,500,15,3000,3000,3000,3000,"fast","control_informative",0.05,5,0.01,"","mtada_aggregated","trait1","bfdr_power",0.1,0.44
20260865,53,500,15,3000,3000,3000,3000,"fast","control_informative",0.05,5,0.01,"","mtada_aggregated","trait1","bfdr_discoveries",0.1,62
20260865,53,500,15,3000,3000,3000,3000,"fast","control_informative",0.05,5,0.01,"","mtada_aggregated","trait1","bfdr_observed_fdp",0.2,0.84
20260865,53,500,15,3000,3000,3000,3000,"fast","control_informative",0.05,5,0.01,"","mtada_aggregated","trait1","bfdr_estimate",0.2,0.19755265973345
20260865,53,500,15,3000,3000,3000,3000,"fast","control_informative",0.05,5,0.01,"","mtada_aggregated","trait1","bfdr_power",0.2,0.48
20260865,53,500,15,3000,3000,3000,3000,"fast","control_informative",0.05,5,0.01,"","mtada_aggregated","trait1","bfdr_discoveries",0.2,75
20260865,53,500,15,3000,3000,3000,3000,"fast","control_informative",0.05,5,0.01,"","mtada_aggregated","trait2","bfdr_observed_fdp",0.01,1
20260865,53,500,15,3000,3000,3000,3000,"fast","control_informative",0.05,5,0.01,"","mtada_aggregated","trait2","bfdr_estimate",0.01,0.00624070138187315
20260865,53,500,15,3000,3000,3000,3000,"fast","control_informative",0.05,5,0.01,"","mtada_aggregated","trait2","bfdr_power",0.01,0
20260865,53,500,15,3000,3000,3000,3000,"fast","control_informative",0.05,5,0.01,"","mtada_aggregated","trait2","bfdr_discoveries",0.01,32
20260865,53,500,15,3000,3000,3000,3000,"fast","control_informative",0.05,5,0.01,"","mtada_aggregated","trait2","bfdr_observed_fdp",0.05,1
20260865,53,500,15,3000,3000,3000,3000,"fast","control_informative",0.05,5,0.01,"","mtada_aggregated","trait2","bfdr_estimate",0.05,0.0490796194756775
20260865,53,500,15,3000,3000,3000,3000,"fast","control_informative",0.05,5,0.01,"","mtada_aggregated","trait2","bfdr_power",0.05,0
20260865,53,500,15,3000,3000,3000,3000,"fast","control_informative",0.05,5,0.01,"","mtada_aggregated","trait2","bfdr_discoveries",0.05,40
20260865,53,500,15,3000,3000,3000,3000,"fast","control_informative",0.05,5,0.01,"","mtada_aggregated","trait2","bfdr_observed_fdp",0.1,1
20260865,53,500,15,3000,3000,3000,3000,"fast","control_informative",0.05,5,0.01,"","mtada_aggregated","trait2","bfdr_estimate",0.1,0.0985985598380414
20260865,53,500,15,3000,3000,3000,3000,"fast","control_informative",0.05,5,0.01,"","mtada_aggregated","trait2","bfdr_power",0.1,0
20260865,53,500,15,3000,3000,3000,3000,"fast","control_informative",0.05,5,0.01,"","mtada_aggregated","trait2","bfdr_discoveries",0.1,46
20260865,53,500,15,3000,3000,3000,3000,"fast","control_informative",0.05,5,0.01,"","mtada_aggregated","trait2","bfdr_observed_fdp",0.2,1
20260865,53,500,15,3000,3000,3000,3000,"fast","control_informative",0.05,5,0.01,"","mtada_aggregated","trait2","bfdr_estimate",0.2,0.193474103253143
20260865,53,500,15,3000,3000,3000,3000,"fast","control_informative",0.05,5,0.01,"","mtada_aggregated","trait2","bfdr_power",0.2,0
20260865,53,500,15,3000,3000,3000,3000,"fast","control_informative",0.05,5,0.01,"","mtada_aggregated","trait2","bfdr_discoveries",0.2,54
20260865,53,500,15,3000,3000,3000,3000,"fast","control_informative",0.05,5,0.01,"","mtada_aggregated","pleiotropy","bfdr_observed_fdp",0.01,1
20260865,53,500,15,3000,3000,3000,3000,"fast","control_informative",0.05,5,0.01,"","mtada_aggregated","pleiotropy","bfdr_estimate",0.01,0.00244361287052597
20260865,53,500,15,3000,3000,3000,3000,"fast","control_informative",0.05,5,0.01,"","mtada_aggregated","pleiotropy","bfdr_power",0.01,0
20260865,53,500,15,3000,3000,3000,3000,"fast","control_informative",0.05,5,0.01,"","mtada_aggregated","pleiotropy","bfdr_discoveries",0.01,1
20260865,53,500,15,3000,3000,3000,3000,"fast","control_informative",0.05,5,0.01,"","mtada_aggregated","pleiotropy","bfdr_observed_fdp",0.05,1
20260865,53,500,15,3000,3000,3000,3000,"fast","control_informative",0.05,5,0.01,"","mtada_aggregated","pleiotropy","bfdr_estimate",0.05,0.010156557750348
20260865,53,500,15,3000,3000,3000,3000,"fast","control_informative",0.05,5,0.01,"","mtada_aggregated","pleiotropy","bfdr_power",0.05,0
20260865,53,500,15,3000,3000,3000,3000,"fast","control_informative",0.05,5,0.01,"","mtada_aggregated","pleiotropy","bfdr_discoveries",0.05,2
20260865,53,500,15,3000,3000,3000,3000,"fast","control_informative",0.05,5,0.01,"","mtada_aggregated","pleiotropy","bfdr_observed_fdp",0.1,1
20260865,53,500,15,3000,3000,3000,3000,"fast","control_informative",0.05,5,0.01,"","mtada_aggregated","pleiotropy","bfdr_estimate",0.1,0.0921396276725012
20260865,53,500,15,3000,3000,3000,3000,"fast","control_informative",0.05,5,0.01,"","mtada_aggregated","pleiotropy","bfdr_power",0.1,0
20260865,53,500,15,3000,3000,3000,3000,"fast","control_informative",0.05,5,0.01,"","mtada_aggregated","pleiotropy","bfdr_discoveries",0.1,3
20260865,53,500,15,3000,3000,3000,3000,"fast","control_informative",0.05,5,0.01,"","mtada_aggregated","pleiotropy","bfdr_observed_fdp",0.2,1
20260865,53,500,15,3000,3000,3000,3000,"fast","control_informative",0.05,5,0.01,"","mtada_aggregated","pleiotropy","bfdr_estimate",0.2,0.1513646075027
20260865,53,500,15,3000,3000,3000,3000,"fast","control_informative",0.05,5,0.01,"","mtada_aggregated","pleiotropy","bfdr_power",0.2,0
20260865,53,500,15,3000,3000,3000,3000,"fast","control_informative",0.05,5,0.01,"","mtada_aggregated","pleiotropy","bfdr_discoveries",0.2,4
20260865,53,500,15,3000,3000,3000,3000,"fast","control_informative",0.05,5,0.01,"","mtada_aggregated","global","runtime_seconds",NA,0.717999999999961
20260865,53,500,15,3000,3000,3000,3000,"fast","control_informative",0.05,5,0.01,"","mtada_aggregated","pleiotropy","pi11_estimate",NA,0.00148954
20260866,54,500,15,3000,3000,3000,3000,"fast","control_informative",0.05,5,0.01,"","mirage_joint","trait1","auc",NA,0.748126315789474
20260866,54,500,15,3000,3000,3000,3000,"fast","control_informative",0.05,5,0.01,"","mirage_joint","trait2","auc",NA,0.754081632653061
20260866,54,500,15,3000,3000,3000,3000,"fast","control_informative",0.05,5,0.01,"","mirage_joint","pleiotropy","auc",NA,0.722424242424242
20260866,54,500,15,3000,3000,3000,3000,"fast","control_informative",0.05,5,0.01,"","mirage_joint","trait1","pp08_power",0.8,0.36
20260866,54,500,15,3000,3000,3000,3000,"fast","control_informative",0.05,5,0.01,"","mirage_joint","trait1","pp08_fdp",0.8,0.1
20260866,54,500,15,3000,3000,3000,3000,"fast","control_informative",0.05,5,0.01,"","mirage_joint","trait1","pp08_discoveries",0.8,10
20260866,54,500,15,3000,3000,3000,3000,"fast","control_informative",0.05,5,0.01,"","mirage_joint","trait2","pp08_power",0.8,0.2
20260866,54,500,15,3000,3000,3000,3000,"fast","control_informative",0.05,5,0.01,"","mirage_joint","trait2","pp08_fdp",0.8,0
20260866,54,500,15,3000,3000,3000,3000,"fast","control_informative",0.05,5,0.01,"","mirage_joint","trait2","pp08_discoveries",0.8,2
20260866,54,500,15,3000,3000,3000,3000,"fast","control_informative",0.05,5,0.01,"","mirage_joint","pleiotropy","pp08_power",0.8,0
20260866,54,500,15,3000,3000,3000,3000,"fast","control_informative",0.05,5,0.01,"","mirage_joint","pleiotropy","pp08_fdp",0.8,0
20260866,54,500,15,3000,3000,3000,3000,"fast","control_informative",0.05,5,0.01,"","mirage_joint","pleiotropy","pp08_discoveries",0.8,0
20260866,54,500,15,3000,3000,3000,3000,"fast","control_informative",0.05,5,0.01,"","mirage_joint","trait1","bfdr_observed_fdp",0.01,0
20260866,54,500,15,3000,3000,3000,3000,"fast","control_informative",0.05,5,0.01,"","mirage_joint","trait1","bfdr_estimate",0.01,0.00789868950891087
20260866,54,500,15,3000,3000,3000,3000,"fast","control_informative",0.05,5,0.01,"","mirage_joint","trait1","bfdr_power",0.01,0.24
20260866,54,500,15,3000,3000,3000,3000,"fast","control_informative",0.05,5,0.01,"","mirage_joint","trait1","bfdr_discoveries",0.01,6
20260866,54,500,15,3000,3000,3000,3000,"fast","control_informative",0.05,5,0.01,"","mirage_joint","trait1","bfdr_observed_fdp",0.05,0
20260866,54,500,15,3000,3000,3000,3000,"fast","control_informative",0.05,5,0.01,"","mirage_joint","trait1","bfdr_estimate",0.05,0.0425010803146756
20260866,54,500,15,3000,3000,3000,3000,"fast","control_informative",0.05,5,0.01,"","mirage_joint","trait1","bfdr_power",0.05,0.36
20260866,54,500,15,3000,3000,3000,3000,"fast","control_informative",0.05,5,0.01,"","mirage_joint","trait1","bfdr_discoveries",0.05,9
20260866,54,500,15,3000,3000,3000,3000,"fast","control_informative",0.05,5,0.01,"","mirage_joint","trait1","bfdr_observed_fdp",0.1,0.181818181818182
20260866,54,500,15,3000,3000,3000,3000,"fast","control_informative",0.05,5,0.01,"","mirage_joint","trait1","bfdr_estimate",0.1,0.0715645244282964
20260866,54,500,15,3000,3000,3000,3000,"fast","control_informative",0.05,5,0.01,"","mirage_joint","trait1","bfdr_power",0.1,0.36
20260866,54,500,15,3000,3000,3000,3000,"fast","control_informative",0.05,5,0.01,"","mirage_joint","trait1","bfdr_discoveries",0.1,11
20260866,54,500,15,3000,3000,3000,3000,"fast","control_informative",0.05,5,0.01,"","mirage_joint","trait1","bfdr_observed_fdp",0.2,0.4
20260866,54,500,15,3000,3000,3000,3000,"fast","control_informative",0.05,5,0.01,"","mirage_joint","trait1","bfdr_estimate",0.2,0.182616385875758
20260866,54,500,15,3000,3000,3000,3000,"fast","control_informative",0.05,5,0.01,"","mirage_joint","trait1","bfdr_power",0.2,0.36
20260866,54,500,15,3000,3000,3000,3000,"fast","control_informative",0.05,5,0.01,"","mirage_joint","trait1","bfdr_discoveries",0.2,15
20260866,54,500,15,3000,3000,3000,3000,"fast","control_informative",0.05,5,0.01,"","mirage_joint","trait2","bfdr_observed_fdp",0.01,0
20260866,54,500,15,3000,3000,3000,3000,"fast","control_informative",0.05,5,0.01,"","mirage_joint","trait2","bfdr_estimate",0.01,-1.99840144432528e-15
20260866,54,500,15,3000,3000,3000,3000,"fast","control_informative",0.05,5,0.01,"","mirage_joint","trait2","bfdr_power",0.01,0.1
20260866,54,500,15,3000,3000,3000,3000,"fast","control_informative",0.05,5,0.01,"","mirage_joint","trait2","bfdr_discoveries",0.01,1
20260866,54,500,15,3000,3000,3000,3000,"fast","control_informative",0.05,5,0.01,"","mirage_joint","trait2","bfdr_observed_fdp",0.05,0
20260866,54,500,15,3000,3000,3000,3000,"fast","control_informative",0.05,5,0.01,"","mirage_joint","trait2","bfdr_estimate",0.05,0.0383677864826559
20260866,54,500,15,3000,3000,3000,3000,"fast","control_informative",0.05,5,0.01,"","mirage_joint","trait2","bfdr_power",0.05,0.2
20260866,54,500,15,3000,3000,3000,3000,"fast","control_informative",0.05,5,0.01,"","mirage_joint","trait2","bfdr_discoveries",0.05,2
20260866,54,500,15,3000,3000,3000,3000,"fast","control_informative",0.05,5,0.01,"","mirage_joint","trait2","bfdr_observed_fdp",0.1,0
20260866,54,500,15,3000,3000,3000,3000,"fast","control_informative",0.05,5,0.01,"","mirage_joint","trait2","bfdr_estimate",0.1,0.0383677864826559
20260866,54,500,15,3000,3000,3000,3000,"fast","control_informative",0.05,5,0.01,"","mirage_joint","trait2","bfdr_power",0.1,0.2
20260866,54,500,15,3000,3000,3000,3000,"fast","control_informative",0.05,5,0.01,"","mirage_joint","trait2","bfdr_discoveries",0.1,2
20260866,54,500,15,3000,3000,3000,3000,"fast","control_informative",0.05,5,0.01,"","mirage_joint","trait2","bfdr_observed_fdp",0.2,0.333333333333333
20260866,54,500,15,3000,3000,3000,3000,"fast","control_informative",0.05,5,0.01,"","mirage_joint","trait2","bfdr_estimate",0.2,0.161114449033508
20260866,54,500,15,3000,3000,3000,3000,"fast","control_informative",0.05,5,0.01,"","mirage_joint","trait2","bfdr_power",0.2,0.2
20260866,54,500,15,3000,3000,3000,3000,"fast","control_informative",0.05,5,0.01,"","mirage_joint","trait2","bfdr_discoveries",0.2,3
20260866,54,500,15,3000,3000,3000,3000,"fast","control_informative",0.05,5,0.01,"","mirage_joint","pleiotropy","bfdr_observed_fdp",0.01,0
20260866,54,500,15,3000,3000,3000,3000,"fast","control_informative",0.05,5,0.01,"","mirage_joint","pleiotropy","bfdr_estimate",0.01,0
20260866,54,500,15,3000,3000,3000,3000,"fast","control_informative",0.05,5,0.01,"","mirage_joint","pleiotropy","bfdr_power",0.01,0
20260866,54,500,15,3000,3000,3000,3000,"fast","control_informative",0.05,5,0.01,"","mirage_joint","pleiotropy","bfdr_discoveries",0.01,0
20260866,54,500,15,3000,3000,3000,3000,"fast","control_informative",0.05,5,0.01,"","mirage_joint","pleiotropy","bfdr_observed_fdp",0.05,0
20260866,54,500,15,3000,3000,3000,3000,"fast","control_informative",0.05,5,0.01,"","mirage_joint","pleiotropy","bfdr_estimate",0.05,0
20260866,54,500,15,3000,3000,3000,3000,"fast","control_informative",0.05,5,0.01,"","mirage_joint","pleiotropy","bfdr_power",0.05,0
20260866,54,500,15,3000,3000,3000,3000,"fast","control_informative",0.05,5,0.01,"","mirage_joint","pleiotropy","bfdr_discoveries",0.05,0
20260866,54,500,15,3000,3000,3000,3000,"fast","control_informative",0.05,5,0.01,"","mirage_joint","pleiotropy","bfdr_observed_fdp",0.1,0
20260866,54,500,15,3000,3000,3000,3000,"fast","control_informative",0.05,5,0.01,"","mirage_joint","pleiotropy","bfdr_estimate",0.1,0
20260866,54,500,15,3000,3000,3000,3000,"fast","control_informative",0.05,5,0.01,"","mirage_joint","pleiotropy","bfdr_power",0.1,0
20260866,54,500,15,3000,3000,3000,3000,"fast","control_informative",0.05,5,0.01,"","mirage_joint","pleiotropy","bfdr_discoveries",0.1,0
20260866,54,500,15,3000,3000,3000,3000,"fast","control_informative",0.05,5,0.01,"","mirage_joint","pleiotropy","bfdr_observed_fdp",0.2,0
20260866,54,500,15,3000,3000,3000,3000,"fast","control_informative",0.05,5,0.01,"","mirage_joint","pleiotropy","bfdr_estimate",0.2,0
20260866,54,500,15,3000,3000,3000,3000,"fast","control_informative",0.05,5,0.01,"","mirage_joint","pleiotropy","bfdr_power",0.2,0
20260866,54,500,15,3000,3000,3000,3000,"fast","control_informative",0.05,5,0.01,"","mirage_joint","pleiotropy","bfdr_discoveries",0.2,0
20260866,54,500,15,3000,3000,3000,3000,"fast","control_informative",0.05,5,0.01,"","mirage_joint","global","runtime_seconds",NA,18.901
20260866,54,500,15,3000,3000,3000,3000,"fast","control_informative",0.05,5,0.01,"","mirage_joint","pleiotropy","pi11_estimate",NA,0.0438582349879087
20260866,54,500,15,3000,3000,3000,3000,"fast","control_informative",0.05,5,0.01,"","separate_mirage","trait1","auc",NA,0.748631578947368
20260866,54,500,15,3000,3000,3000,3000,"fast","control_informative",0.05,5,0.01,"","separate_mirage","trait2","auc",NA,0.7
20260866,54,500,15,3000,3000,3000,3000,"fast","control_informative",0.05,5,0.01,"","separate_mirage","pleiotropy","auc",NA,0.72040404040404
20260866,54,500,15,3000,3000,3000,3000,"fast","control_informative",0.05,5,0.01,"","separate_mirage","trait1","pp08_power",0.8,0.36
20260866,54,500,15,3000,3000,3000,3000,"fast","control_informative",0.05,5,0.01,"","separate_mirage","trait1","pp08_fdp",0.8,0
20260866,54,500,15,3000,3000,3000,3000,"fast","control_informative",0.05,5,0.01,"","separate_mirage","trait1","pp08_discoveries",0.8,9
20260866,54,500,15,3000,3000,3000,3000,"fast","control_informative",0.05,5,0.01,"","separate_mirage","trait2","pp08_power",0.8,0.2
20260866,54,500,15,3000,3000,3000,3000,"fast","control_informative",0.05,5,0.01,"","separate_mirage","trait2","pp08_fdp",0.8,0
20260866,54,500,15,3000,3000,3000,3000,"fast","control_informative",0.05,5,0.01,"","separate_mirage","trait2","pp08_discoveries",0.8,2
20260866,54,500,15,3000,3000,3000,3000,"fast","control_informative",0.05,5,0.01,"","separate_mirage","pleiotropy","pp08_power",0.8,0
20260866,54,500,15,3000,3000,3000,3000,"fast","control_informative",0.05,5,0.01,"","separate_mirage","pleiotropy","pp08_fdp",0.8,0
20260866,54,500,15,3000,3000,3000,3000,"fast","control_informative",0.05,5,0.01,"","separate_mirage","pleiotropy","pp08_discoveries",0.8,0
20260866,54,500,15,3000,3000,3000,3000,"fast","control_informative",0.05,5,0.01,"","separate_mirage","trait1","bfdr_observed_fdp",0.01,0
20260866,54,500,15,3000,3000,3000,3000,"fast","control_informative",0.05,5,0.01,"","separate_mirage","trait1","bfdr_estimate",0.01,0.00658921939176818
20260866,54,500,15,3000,3000,3000,3000,"fast","control_informative",0.05,5,0.01,"","separate_mirage","trait1","bfdr_power",0.01,0.2
20260866,54,500,15,3000,3000,3000,3000,"fast","control_informative",0.05,5,0.01,"","separate_mirage","trait1","bfdr_discoveries",0.01,5
20260866,54,500,15,3000,3000,3000,3000,"fast","control_informative",0.05,5,0.01,"","separate_mirage","trait1","bfdr_observed_fdp",0.05,0
20260866,54,500,15,3000,3000,3000,3000,"fast","control_informative",0.05,5,0.01,"","separate_mirage","trait1","bfdr_estimate",0.05,0.0342422591329597
20260866,54,500,15,3000,3000,3000,3000,"fast","control_informative",0.05,5,0.01,"","separate_mirage","trait1","bfdr_power",0.05,0.28
20260866,54,500,15,3000,3000,3000,3000,"fast","control_informative",0.05,5,0.01,"","separate_mirage","trait1","bfdr_discoveries",0.05,7
20260866,54,500,15,3000,3000,3000,3000,"fast","control_informative",0.05,5,0.01,"","separate_mirage","trait1","bfdr_observed_fdp",0.1,0.1
20260866,54,500,15,3000,3000,3000,3000,"fast","control_informative",0.05,5,0.01,"","separate_mirage","trait1","bfdr_estimate",0.1,0.0949013779199648
20260866,54,500,15,3000,3000,3000,3000,"fast","control_informative",0.05,5,0.01,"","separate_mirage","trait1","bfdr_power",0.1,0.36
20260866,54,500,15,3000,3000,3000,3000,"fast","control_informative",0.05,5,0.01,"","separate_mirage","trait1","bfdr_discoveries",0.1,10
20260866,54,500,15,3000,3000,3000,3000,"fast","control_informative",0.05,5,0.01,"","separate_mirage","trait1","bfdr_observed_fdp",0.2,0.307692307692308
20260866,54,500,15,3000,3000,3000,3000,"fast","control_informative",0.05,5,0.01,"","separate_mirage","trait1","bfdr_estimate",0.2,0.197276224690425
20260866,54,500,15,3000,3000,3000,3000,"fast","control_informative",0.05,5,0.01,"","separate_mirage","trait1","bfdr_power",0.2,0.36
20260866,54,500,15,3000,3000,3000,3000,"fast","control_informative",0.05,5,0.01,"","separate_mirage","trait1","bfdr_discoveries",0.2,13
20260866,54,500,15,3000,3000,3000,3000,"fast","control_informative",0.05,5,0.01,"","separate_mirage","trait2","bfdr_observed_fdp",0.01,0
20260866,54,500,15,3000,3000,3000,3000,"fast","control_informative",0.05,5,0.01,"","separate_mirage","trait2","bfdr_estimate",0.01,7.7715611723761e-16
20260866,54,500,15,3000,3000,3000,3000,"fast","control_informative",0.05,5,0.01,"","separate_mirage","trait2","bfdr_power",0.01,0.1
20260866,54,500,15,3000,3000,3000,3000,"fast","control_informative",0.05,5,0.01,"","separate_mirage","trait2","bfdr_discoveries",0.01,1
20260866,54,500,15,3000,3000,3000,3000,"fast","control_informative",0.05,5,0.01,"","separate_mirage","trait2","bfdr_observed_fdp",0.05,0
20260866,54,500,15,3000,3000,3000,3000,"fast","control_informative",0.05,5,0.01,"","separate_mirage","trait2","bfdr_estimate",0.05,0.0305859618953989
20260866,54,500,15,3000,3000,3000,3000,"fast","control_informative",0.05,5,0.01,"","separate_mirage","trait2","bfdr_power",0.05,0.2
20260866,54,500,15,3000,3000,3000,3000,"fast","control_informative",0.05,5,0.01,"","separate_mirage","trait2","bfdr_discoveries",0.05,2
20260866,54,500,15,3000,3000,3000,3000,"fast","control_informative",0.05,5,0.01,"","separate_mirage","trait2","bfdr_observed_fdp",0.1,0
20260866,54,500,15,3000,3000,3000,3000,"fast","control_informative",0.05,5,0.01,"","separate_mirage","trait2","bfdr_estimate",0.1,0.0305859618953989
20260866,54,500,15,3000,3000,3000,3000,"fast","control_informative",0.05,5,0.01,"","separate_mirage","trait2","bfdr_power",0.1,0.2
20260866,54,500,15,3000,3000,3000,3000,"fast","control_informative",0.05,5,0.01,"","separate_mirage","trait2","bfdr_discoveries",0.1,2
20260866,54,500,15,3000,3000,3000,3000,"fast","control_informative",0.05,5,0.01,"","separate_mirage","trait2","bfdr_observed_fdp",0.2,0.333333333333333
20260866,54,500,15,3000,3000,3000,3000,"fast","control_informative",0.05,5,0.01,"","separate_mirage","trait2","bfdr_estimate",0.2,0.192975349857891
20260866,54,500,15,3000,3000,3000,3000,"fast","control_informative",0.05,5,0.01,"","separate_mirage","trait2","bfdr_power",0.2,0.2
20260866,54,500,15,3000,3000,3000,3000,"fast","control_informative",0.05,5,0.01,"","separate_mirage","trait2","bfdr_discoveries",0.2,3
20260866,54,500,15,3000,3000,3000,3000,"fast","control_informative",0.05,5,0.01,"","separate_mirage","pleiotropy","bfdr_observed_fdp",0.01,0
20260866,54,500,15,3000,3000,3000,3000,"fast","control_informative",0.05,5,0.01,"","separate_mirage","pleiotropy","bfdr_estimate",0.01,0
20260866,54,500,15,3000,3000,3000,3000,"fast","control_informative",0.05,5,0.01,"","separate_mirage","pleiotropy","bfdr_power",0.01,0
20260866,54,500,15,3000,3000,3000,3000,"fast","control_informative",0.05,5,0.01,"","separate_mirage","pleiotropy","bfdr_discoveries",0.01,0
20260866,54,500,15,3000,3000,3000,3000,"fast","control_informative",0.05,5,0.01,"","separate_mirage","pleiotropy","bfdr_observed_fdp",0.05,0
20260866,54,500,15,3000,3000,3000,3000,"fast","control_informative",0.05,5,0.01,"","separate_mirage","pleiotropy","bfdr_estimate",0.05,0
20260866,54,500,15,3000,3000,3000,3000,"fast","control_informative",0.05,5,0.01,"","separate_mirage","pleiotropy","bfdr_power",0.05,0
20260866,54,500,15,3000,3000,3000,3000,"fast","control_informative",0.05,5,0.01,"","separate_mirage","pleiotropy","bfdr_discoveries",0.05,0
20260866,54,500,15,3000,3000,3000,3000,"fast","control_informative",0.05,5,0.01,"","separate_mirage","pleiotropy","bfdr_observed_fdp",0.1,0
20260866,54,500,15,3000,3000,3000,3000,"fast","control_informative",0.05,5,0.01,"","separate_mirage","pleiotropy","bfdr_estimate",0.1,0
20260866,54,500,15,3000,3000,3000,3000,"fast","control_informative",0.05,5,0.01,"","separate_mirage","pleiotropy","bfdr_power",0.1,0
20260866,54,500,15,3000,3000,3000,3000,"fast","control_informative",0.05,5,0.01,"","separate_mirage","pleiotropy","bfdr_discoveries",0.1,0
20260866,54,500,15,3000,3000,3000,3000,"fast","control_informative",0.05,5,0.01,"","separate_mirage","pleiotropy","bfdr_observed_fdp",0.2,0
20260866,54,500,15,3000,3000,3000,3000,"fast","control_informative",0.05,5,0.01,"","separate_mirage","pleiotropy","bfdr_estimate",0.2,0
20260866,54,500,15,3000,3000,3000,3000,"fast","control_informative",0.05,5,0.01,"","separate_mirage","pleiotropy","bfdr_power",0.2,0
20260866,54,500,15,3000,3000,3000,3000,"fast","control_informative",0.05,5,0.01,"","separate_mirage","pleiotropy","bfdr_discoveries",0.2,0
20260866,54,500,15,3000,3000,3000,3000,"fast","control_informative",0.05,5,0.01,"","separate_mirage","global","runtime_seconds",NA,18.5210000000001
20260866,54,500,15,3000,3000,3000,3000,"fast","control_informative",0.05,5,0.01,"","separate_mirage","pleiotropy","pi11_estimate",NA,0.001
20260866,54,500,15,3000,3000,3000,3000,"fast","control_informative",0.05,5,0.01,"","mtada_aggregated","trait1","auc",NA,0.844294736842105
20260866,54,500,15,3000,3000,3000,3000,"fast","control_informative",0.05,5,0.01,"","mtada_aggregated","trait2","auc",NA,0.556224489795918
20260866,54,500,15,3000,3000,3000,3000,"fast","control_informative",0.05,5,0.01,"","mtada_aggregated","pleiotropy","auc",NA,0.783030303030303
20260866,54,500,15,3000,3000,3000,3000,"fast","control_informative",0.05,5,0.01,"","mtada_aggregated","trait1","pp08_power",0.8,0.52
20260866,54,500,15,3000,3000,3000,3000,"fast","control_informative",0.05,5,0.01,"","mtada_aggregated","trait1","pp08_fdp",0.8,0.73469387755102
20260866,54,500,15,3000,3000,3000,3000,"fast","control_informative",0.05,5,0.01,"","mtada_aggregated","trait1","pp08_discoveries",0.8,49
20260866,54,500,15,3000,3000,3000,3000,"fast","control_informative",0.05,5,0.01,"","mtada_aggregated","trait2","pp08_power",0.8,0.2
20260866,54,500,15,3000,3000,3000,3000,"fast","control_informative",0.05,5,0.01,"","mtada_aggregated","trait2","pp08_fdp",0.8,0.95
20260866,54,500,15,3000,3000,3000,3000,"fast","control_informative",0.05,5,0.01,"","mtada_aggregated","trait2","pp08_discoveries",0.8,40
20260866,54,500,15,3000,3000,3000,3000,"fast","control_informative",0.05,5,0.01,"","mtada_aggregated","pleiotropy","pp08_power",0.8,0
20260866,54,500,15,3000,3000,3000,3000,"fast","control_informative",0.05,5,0.01,"","mtada_aggregated","pleiotropy","pp08_fdp",0.8,1
20260866,54,500,15,3000,3000,3000,3000,"fast","control_informative",0.05,5,0.01,"","mtada_aggregated","pleiotropy","pp08_discoveries",0.8,5
20260866,54,500,15,3000,3000,3000,3000,"fast","control_informative",0.05,5,0.01,"","mtada_aggregated","trait1","bfdr_observed_fdp",0.01,0.73469387755102
20260866,54,500,15,3000,3000,3000,3000,"fast","control_informative",0.05,5,0.01,"","mtada_aggregated","trait1","bfdr_estimate",0.01,0.00781098180568698
20260866,54,500,15,3000,3000,3000,3000,"fast","control_informative",0.05,5,0.01,"","mtada_aggregated","trait1","bfdr_power",0.01,0.52
20260866,54,500,15,3000,3000,3000,3000,"fast","control_informative",0.05,5,0.01,"","mtada_aggregated","trait1","bfdr_discoveries",0.01,49
20260866,54,500,15,3000,3000,3000,3000,"fast","control_informative",0.05,5,0.01,"","mtada_aggregated","trait1","bfdr_observed_fdp",0.05,0.75
20260866,54,500,15,3000,3000,3000,3000,"fast","control_informative",0.05,5,0.01,"","mtada_aggregated","trait1","bfdr_estimate",0.05,0.0449886941972825
20260866,54,500,15,3000,3000,3000,3000,"fast","control_informative",0.05,5,0.01,"","mtada_aggregated","trait1","bfdr_power",0.05,0.56
20260866,54,500,15,3000,3000,3000,3000,"fast","control_informative",0.05,5,0.01,"","mtada_aggregated","trait1","bfdr_discoveries",0.05,56
20260866,54,500,15,3000,3000,3000,3000,"fast","control_informative",0.05,5,0.01,"","mtada_aggregated","trait1","bfdr_observed_fdp",0.1,0.78125
20260866,54,500,15,3000,3000,3000,3000,"fast","control_informative",0.05,5,0.01,"","mtada_aggregated","trait1","bfdr_estimate",0.1,0.097224647256555
20260866,54,500,15,3000,3000,3000,3000,"fast","control_informative",0.05,5,0.01,"","mtada_aggregated","trait1","bfdr_power",0.1,0.56
20260866,54,500,15,3000,3000,3000,3000,"fast","control_informative",0.05,5,0.01,"","mtada_aggregated","trait1","bfdr_discoveries",0.1,64
20260866,54,500,15,3000,3000,3000,3000,"fast","control_informative",0.05,5,0.01,"","mtada_aggregated","trait1","bfdr_observed_fdp",0.2,0.813333333333333
20260866,54,500,15,3000,3000,3000,3000,"fast","control_informative",0.05,5,0.01,"","mtada_aggregated","trait1","bfdr_estimate",0.2,0.191933572472007
20260866,54,500,15,3000,3000,3000,3000,"fast","control_informative",0.05,5,0.01,"","mtada_aggregated","trait1","bfdr_power",0.2,0.56
20260866,54,500,15,3000,3000,3000,3000,"fast","control_informative",0.05,5,0.01,"","mtada_aggregated","trait1","bfdr_discoveries",0.2,75
20260866,54,500,15,3000,3000,3000,3000,"fast","control_informative",0.05,5,0.01,"","mtada_aggregated","trait2","bfdr_observed_fdp",0.01,0.942857142857143
20260866,54,500,15,3000,3000,3000,3000,"fast","control_informative",0.05,5,0.01,"","mtada_aggregated","trait2","bfdr_estimate",0.01,0.00821802767714292
20260866,54,500,15,3000,3000,3000,3000,"fast","control_informative",0.05,5,0.01,"","mtada_aggregated","trait2","bfdr_power",0.01,0.2
20260866,54,500,15,3000,3000,3000,3000,"fast","control_informative",0.05,5,0.01,"","mtada_aggregated","trait2","bfdr_discoveries",0.01,35
20260866,54,500,15,3000,3000,3000,3000,"fast","control_informative",0.05,5,0.01,"","mtada_aggregated","trait2","bfdr_observed_fdp",0.05,0.954545454545455
20260866,54,500,15,3000,3000,3000,3000,"fast","control_informative",0.05,5,0.01,"","mtada_aggregated","trait2","bfdr_estimate",0.05,0.0486437054965422
20260866,54,500,15,3000,3000,3000,3000,"fast","control_informative",0.05,5,0.01,"","mtada_aggregated","trait2","bfdr_power",0.05,0.2
20260866,54,500,15,3000,3000,3000,3000,"fast","control_informative",0.05,5,0.01,"","mtada_aggregated","trait2","bfdr_discoveries",0.05,44
20260866,54,500,15,3000,3000,3000,3000,"fast","control_informative",0.05,5,0.01,"","mtada_aggregated","trait2","bfdr_observed_fdp",0.1,0.96
20260866,54,500,15,3000,3000,3000,3000,"fast","control_informative",0.05,5,0.01,"","mtada_aggregated","trait2","bfdr_estimate",0.1,0.0926537308208567
20260866,54,500,15,3000,3000,3000,3000,"fast","control_informative",0.05,5,0.01,"","mtada_aggregated","trait2","bfdr_power",0.1,0.2
20260866,54,500,15,3000,3000,3000,3000,"fast","control_informative",0.05,5,0.01,"","mtada_aggregated","trait2","bfdr_discoveries",0.1,50
20260866,54,500,15,3000,3000,3000,3000,"fast","control_informative",0.05,5,0.01,"","mtada_aggregated","trait2","bfdr_observed_fdp",0.2,0.966101694915254
20260866,54,500,15,3000,3000,3000,3000,"fast","control_informative",0.05,5,0.01,"","mtada_aggregated","trait2","bfdr_estimate",0.2,0.189341697636625
20260866,54,500,15,3000,3000,3000,3000,"fast","control_informative",0.05,5,0.01,"","mtada_aggregated","trait2","bfdr_power",0.2,0.2
20260866,54,500,15,3000,3000,3000,3000,"fast","control_informative",0.05,5,0.01,"","mtada_aggregated","trait2","bfdr_discoveries",0.2,59
20260866,54,500,15,3000,3000,3000,3000,"fast","control_informative",0.05,5,0.01,"","mtada_aggregated","pleiotropy","bfdr_observed_fdp",0.01,1
20260866,54,500,15,3000,3000,3000,3000,"fast","control_informative",0.05,5,0.01,"","mtada_aggregated","pleiotropy","bfdr_estimate",0.01,0.00437363289247339
20260866,54,500,15,3000,3000,3000,3000,"fast","control_informative",0.05,5,0.01,"","mtada_aggregated","pleiotropy","bfdr_power",0.01,0
20260866,54,500,15,3000,3000,3000,3000,"fast","control_informative",0.05,5,0.01,"","mtada_aggregated","pleiotropy","bfdr_discoveries",0.01,5
20260866,54,500,15,3000,3000,3000,3000,"fast","control_informative",0.05,5,0.01,"","mtada_aggregated","pleiotropy","bfdr_observed_fdp",0.05,1
20260866,54,500,15,3000,3000,3000,3000,"fast","control_informative",0.05,5,0.01,"","mtada_aggregated","pleiotropy","bfdr_estimate",0.05,0.00437363289247339
20260866,54,500,15,3000,3000,3000,3000,"fast","control_informative",0.05,5,0.01,"","mtada_aggregated","pleiotropy","bfdr_power",0.05,0
20260866,54,500,15,3000,3000,3000,3000,"fast","control_informative",0.05,5,0.01,"","mtada_aggregated","pleiotropy","bfdr_discoveries",0.05,5
20260866,54,500,15,3000,3000,3000,3000,"fast","control_informative",0.05,5,0.01,"","mtada_aggregated","pleiotropy","bfdr_observed_fdp",0.1,1
20260866,54,500,15,3000,3000,3000,3000,"fast","control_informative",0.05,5,0.01,"","mtada_aggregated","pleiotropy","bfdr_estimate",0.1,0.0773434589623858
20260866,54,500,15,3000,3000,3000,3000,"fast","control_informative",0.05,5,0.01,"","mtada_aggregated","pleiotropy","bfdr_power",0.1,0
20260866,54,500,15,3000,3000,3000,3000,"fast","control_informative",0.05,5,0.01,"","mtada_aggregated","pleiotropy","bfdr_discoveries",0.1,6
20260866,54,500,15,3000,3000,3000,3000,"fast","control_informative",0.05,5,0.01,"","mtada_aggregated","pleiotropy","bfdr_observed_fdp",0.2,1
20260866,54,500,15,3000,3000,3000,3000,"fast","control_informative",0.05,5,0.01,"","mtada_aggregated","pleiotropy","bfdr_estimate",0.2,0.141373697803558
20260866,54,500,15,3000,3000,3000,3000,"fast","control_informative",0.05,5,0.01,"","mtada_aggregated","pleiotropy","bfdr_power",0.2,0
20260866,54,500,15,3000,3000,3000,3000,"fast","control_informative",0.05,5,0.01,"","mtada_aggregated","pleiotropy","bfdr_discoveries",0.2,7
20260866,54,500,15,3000,3000,3000,3000,"fast","control_informative",0.05,5,0.01,"","mtada_aggregated","global","runtime_seconds",NA,0.802000000000021
20260866,54,500,15,3000,3000,3000,3000,"fast","control_informative",0.05,5,0.01,"","mtada_aggregated","pleiotropy","pi11_estimate",NA,0.00187617
20260867,55,500,15,3000,3000,3000,3000,"fast","control_informative",0.05,5,0.01,"","mirage_joint","trait1","auc",NA,0.737263157894737
20260867,55,500,15,3000,3000,3000,3000,"fast","control_informative",0.05,5,0.01,"","mirage_joint","trait2","auc",NA,0.693673469387755
20260867,55,500,15,3000,3000,3000,3000,"fast","control_informative",0.05,5,0.01,"","mirage_joint","pleiotropy","auc",NA,0.694545454545455
20260867,55,500,15,3000,3000,3000,3000,"fast","control_informative",0.05,5,0.01,"","mirage_joint","trait1","pp08_power",0.8,0.12
20260867,55,500,15,3000,3000,3000,3000,"fast","control_informative",0.05,5,0.01,"","mirage_joint","trait1","pp08_fdp",0.8,0
20260867,55,500,15,3000,3000,3000,3000,"fast","control_informative",0.05,5,0.01,"","mirage_joint","trait1","pp08_discoveries",0.8,3
20260867,55,500,15,3000,3000,3000,3000,"fast","control_informative",0.05,5,0.01,"","mirage_joint","trait2","pp08_power",0.8,0
20260867,55,500,15,3000,3000,3000,3000,"fast","control_informative",0.05,5,0.01,"","mirage_joint","trait2","pp08_fdp",0.8,0
20260867,55,500,15,3000,3000,3000,3000,"fast","control_informative",0.05,5,0.01,"","mirage_joint","trait2","pp08_discoveries",0.8,0
20260867,55,500,15,3000,3000,3000,3000,"fast","control_informative",0.05,5,0.01,"","mirage_joint","pleiotropy","pp08_power",0.8,0
20260867,55,500,15,3000,3000,3000,3000,"fast","control_informative",0.05,5,0.01,"","mirage_joint","pleiotropy","pp08_fdp",0.8,0
20260867,55,500,15,3000,3000,3000,3000,"fast","control_informative",0.05,5,0.01,"","mirage_joint","pleiotropy","pp08_discoveries",0.8,0
20260867,55,500,15,3000,3000,3000,3000,"fast","control_informative",0.05,5,0.01,"","mirage_joint","trait1","bfdr_observed_fdp",0.01,0
20260867,55,500,15,3000,3000,3000,3000,"fast","control_informative",0.05,5,0.01,"","mirage_joint","trait1","bfdr_estimate",0.01,0.00675194909927919
20260867,55,500,15,3000,3000,3000,3000,"fast","control_informative",0.05,5,0.01,"","mirage_joint","trait1","bfdr_power",0.01,0.12
20260867,55,500,15,3000,3000,3000,3000,"fast","control_informative",0.05,5,0.01,"","mirage_joint","trait1","bfdr_discoveries",0.01,3
20260867,55,500,15,3000,3000,3000,3000,"fast","control_informative",0.05,5,0.01,"","mirage_joint","trait1","bfdr_observed_fdp",0.05,0
20260867,55,500,15,3000,3000,3000,3000,"fast","control_informative",0.05,5,0.01,"","mirage_joint","trait1","bfdr_estimate",0.05,0.00675194909927919
20260867,55,500,15,3000,3000,3000,3000,"fast","control_informative",0.05,5,0.01,"","mirage_joint","trait1","bfdr_power",0.05,0.12
20260867,55,500,15,3000,3000,3000,3000,"fast","control_informative",0.05,5,0.01,"","mirage_joint","trait1","bfdr_discoveries",0.05,3
20260867,55,500,15,3000,3000,3000,3000,"fast","control_informative",0.05,5,0.01,"","mirage_joint","trait1","bfdr_observed_fdp",0.1,0.2
20260867,55,500,15,3000,3000,3000,3000,"fast","control_informative",0.05,5,0.01,"","mirage_joint","trait1","bfdr_estimate",0.1,0.0964380484759258
20260867,55,500,15,3000,3000,3000,3000,"fast","control_informative",0.05,5,0.01,"","mirage_joint","trait1","bfdr_power",0.1,0.16
20260867,55,500,15,3000,3000,3000,3000,"fast","control_informative",0.05,5,0.01,"","mirage_joint","trait1","bfdr_discoveries",0.1,5
20260867,55,500,15,3000,3000,3000,3000,"fast","control_informative",0.05,5,0.01,"","mirage_joint","trait1","bfdr_observed_fdp",0.2,0.25
20260867,55,500,15,3000,3000,3000,3000,"fast","control_informative",0.05,5,0.01,"","mirage_joint","trait1","bfdr_estimate",0.2,0.173340963788834
20260867,55,500,15,3000,3000,3000,3000,"fast","control_informative",0.05,5,0.01,"","mirage_joint","trait1","bfdr_power",0.2,0.24
20260867,55,500,15,3000,3000,3000,3000,"fast","control_informative",0.05,5,0.01,"","mirage_joint","trait1","bfdr_discoveries",0.2,8
20260867,55,500,15,3000,3000,3000,3000,"fast","control_informative",0.05,5,0.01,"","mirage_joint","trait2","bfdr_observed_fdp",0.01,0
20260867,55,500,15,3000,3000,3000,3000,"fast","control_informative",0.05,5,0.01,"","mirage_joint","trait2","bfdr_estimate",0.01,0
20260867,55,500,15,3000,3000,3000,3000,"fast","control_informative",0.05,5,0.01,"","mirage_joint","trait2","bfdr_power",0.01,0
20260867,55,500,15,3000,3000,3000,3000,"fast","control_informative",0.05,5,0.01,"","mirage_joint","trait2","bfdr_discoveries",0.01,0
20260867,55,500,15,3000,3000,3000,3000,"fast","control_informative",0.05,5,0.01,"","mirage_joint","trait2","bfdr_observed_fdp",0.05,0
20260867,55,500,15,3000,3000,3000,3000,"fast","control_informative",0.05,5,0.01,"","mirage_joint","trait2","bfdr_estimate",0.05,0
20260867,55,500,15,3000,3000,3000,3000,"fast","control_informative",0.05,5,0.01,"","mirage_joint","trait2","bfdr_power",0.05,0
20260867,55,500,15,3000,3000,3000,3000,"fast","control_informative",0.05,5,0.01,"","mirage_joint","trait2","bfdr_discoveries",0.05,0
20260867,55,500,15,3000,3000,3000,3000,"fast","control_informative",0.05,5,0.01,"","mirage_joint","trait2","bfdr_observed_fdp",0.1,0
20260867,55,500,15,3000,3000,3000,3000,"fast","control_informative",0.05,5,0.01,"","mirage_joint","trait2","bfdr_estimate",0.1,0
20260867,55,500,15,3000,3000,3000,3000,"fast","control_informative",0.05,5,0.01,"","mirage_joint","trait2","bfdr_power",0.1,0
20260867,55,500,15,3000,3000,3000,3000,"fast","control_informative",0.05,5,0.01,"","mirage_joint","trait2","bfdr_discoveries",0.1,0
20260867,55,500,15,3000,3000,3000,3000,"fast","control_informative",0.05,5,0.01,"","mirage_joint","trait2","bfdr_observed_fdp",0.2,0
20260867,55,500,15,3000,3000,3000,3000,"fast","control_informative",0.05,5,0.01,"","mirage_joint","trait2","bfdr_estimate",0.2,0
20260867,55,500,15,3000,3000,3000,3000,"fast","control_informative",0.05,5,0.01,"","mirage_joint","trait2","bfdr_power",0.2,0
20260867,55,500,15,3000,3000,3000,3000,"fast","control_informative",0.05,5,0.01,"","mirage_joint","trait2","bfdr_discoveries",0.2,0
20260867,55,500,15,3000,3000,3000,3000,"fast","control_informative",0.05,5,0.01,"","mirage_joint","pleiotropy","bfdr_observed_fdp",0.01,0
20260867,55,500,15,3000,3000,3000,3000,"fast","control_informative",0.05,5,0.01,"","mirage_joint","pleiotropy","bfdr_estimate",0.01,0
20260867,55,500,15,3000,3000,3000,3000,"fast","control_informative",0.05,5,0.01,"","mirage_joint","pleiotropy","bfdr_power",0.01,0
20260867,55,500,15,3000,3000,3000,3000,"fast","control_informative",0.05,5,0.01,"","mirage_joint","pleiotropy","bfdr_discoveries",0.01,0
20260867,55,500,15,3000,3000,3000,3000,"fast","control_informative",0.05,5,0.01,"","mirage_joint","pleiotropy","bfdr_observed_fdp",0.05,0
20260867,55,500,15,3000,3000,3000,3000,"fast","control_informative",0.05,5,0.01,"","mirage_joint","pleiotropy","bfdr_estimate",0.05,0
20260867,55,500,15,3000,3000,3000,3000,"fast","control_informative",0.05,5,0.01,"","mirage_joint","pleiotropy","bfdr_power",0.05,0
20260867,55,500,15,3000,3000,3000,3000,"fast","control_informative",0.05,5,0.01,"","mirage_joint","pleiotropy","bfdr_discoveries",0.05,0
20260867,55,500,15,3000,3000,3000,3000,"fast","control_informative",0.05,5,0.01,"","mirage_joint","pleiotropy","bfdr_observed_fdp",0.1,0
20260867,55,500,15,3000,3000,3000,3000,"fast","control_informative",0.05,5,0.01,"","mirage_joint","pleiotropy","bfdr_estimate",0.1,0
20260867,55,500,15,3000,3000,3000,3000,"fast","control_informative",0.05,5,0.01,"","mirage_joint","pleiotropy","bfdr_power",0.1,0
20260867,55,500,15,3000,3000,3000,3000,"fast","control_informative",0.05,5,0.01,"","mirage_joint","pleiotropy","bfdr_discoveries",0.1,0
20260867,55,500,15,3000,3000,3000,3000,"fast","control_informative",0.05,5,0.01,"","mirage_joint","pleiotropy","bfdr_observed_fdp",0.2,0
20260867,55,500,15,3000,3000,3000,3000,"fast","control_informative",0.05,5,0.01,"","mirage_joint","pleiotropy","bfdr_estimate",0.2,0
20260867,55,500,15,3000,3000,3000,3000,"fast","control_informative",0.05,5,0.01,"","mirage_joint","pleiotropy","bfdr_power",0.2,0
20260867,55,500,15,3000,3000,3000,3000,"fast","control_informative",0.05,5,0.01,"","mirage_joint","pleiotropy","bfdr_discoveries",0.2,0
20260867,55,500,15,3000,3000,3000,3000,"fast","control_informative",0.05,5,0.01,"","mirage_joint","global","runtime_seconds",NA,18.7600000000001
20260867,55,500,15,3000,3000,3000,3000,"fast","control_informative",0.05,5,0.01,"","mirage_joint","pleiotropy","pi11_estimate",NA,0.00276587028600745
20260867,55,500,15,3000,3000,3000,3000,"fast","control_informative",0.05,5,0.01,"","separate_mirage","trait1","auc",NA,0.735663157894737
20260867,55,500,15,3000,3000,3000,3000,"fast","control_informative",0.05,5,0.01,"","separate_mirage","trait2","auc",NA,0.713673469387755
20260867,55,500,15,3000,3000,3000,3000,"fast","control_informative",0.05,5,0.01,"","separate_mirage","pleiotropy","auc",NA,0.697373737373737
20260867,55,500,15,3000,3000,3000,3000,"fast","control_informative",0.05,5,0.01,"","separate_mirage","trait1","pp08_power",0.8,0.12
20260867,55,500,15,3000,3000,3000,3000,"fast","control_informative",0.05,5,0.01,"","separate_mirage","trait1","pp08_fdp",0.8,0
20260867,55,500,15,3000,3000,3000,3000,"fast","control_informative",0.05,5,0.01,"","separate_mirage","trait1","pp08_discoveries",0.8,3
20260867,55,500,15,3000,3000,3000,3000,"fast","control_informative",0.05,5,0.01,"","separate_mirage","trait2","pp08_power",0.8,0
20260867,55,500,15,3000,3000,3000,3000,"fast","control_informative",0.05,5,0.01,"","separate_mirage","trait2","pp08_fdp",0.8,0
20260867,55,500,15,3000,3000,3000,3000,"fast","control_informative",0.05,5,0.01,"","separate_mirage","trait2","pp08_discoveries",0.8,0
20260867,55,500,15,3000,3000,3000,3000,"fast","control_informative",0.05,5,0.01,"","separate_mirage","pleiotropy","pp08_power",0.8,0
20260867,55,500,15,3000,3000,3000,3000,"fast","control_informative",0.05,5,0.01,"","separate_mirage","pleiotropy","pp08_fdp",0.8,0
20260867,55,500,15,3000,3000,3000,3000,"fast","control_informative",0.05,5,0.01,"","separate_mirage","pleiotropy","pp08_discoveries",0.8,0
20260867,55,500,15,3000,3000,3000,3000,"fast","control_informative",0.05,5,0.01,"","separate_mirage","trait1","bfdr_observed_fdp",0.01,0
20260867,55,500,15,3000,3000,3000,3000,"fast","control_informative",0.05,5,0.01,"","separate_mirage","trait1","bfdr_estimate",0.01,0.00577746221522635
20260867,55,500,15,3000,3000,3000,3000,"fast","control_informative",0.05,5,0.01,"","separate_mirage","trait1","bfdr_power",0.01,0.08
20260867,55,500,15,3000,3000,3000,3000,"fast","control_informative",0.05,5,0.01,"","separate_mirage","trait1","bfdr_discoveries",0.01,2
20260867,55,500,15,3000,3000,3000,3000,"fast","control_informative",0.05,5,0.01,"","separate_mirage","trait1","bfdr_observed_fdp",0.05,0
20260867,55,500,15,3000,3000,3000,3000,"fast","control_informative",0.05,5,0.01,"","separate_mirage","trait1","bfdr_estimate",0.05,0.0146144067385889
20260867,55,500,15,3000,3000,3000,3000,"fast","control_informative",0.05,5,0.01,"","separate_mirage","trait1","bfdr_power",0.05,0.12
20260867,55,500,15,3000,3000,3000,3000,"fast","control_informative",0.05,5,0.01,"","separate_mirage","trait1","bfdr_discoveries",0.05,3
20260867,55,500,15,3000,3000,3000,3000,"fast","control_informative",0.05,5,0.01,"","separate_mirage","trait1","bfdr_observed_fdp",0.1,0.25
20260867,55,500,15,3000,3000,3000,3000,"fast","control_informative",0.05,5,0.01,"","separate_mirage","trait1","bfdr_estimate",0.1,0.0878236274045648
20260867,55,500,15,3000,3000,3000,3000,"fast","control_informative",0.05,5,0.01,"","separate_mirage","trait1","bfdr_power",0.1,0.12
20260867,55,500,15,3000,3000,3000,3000,"fast","control_informative",0.05,5,0.01,"","separate_mirage","trait1","bfdr_discoveries",0.1,4
20260867,55,500,15,3000,3000,3000,3000,"fast","control_informative",0.05,5,0.01,"","separate_mirage","trait1","bfdr_observed_fdp",0.2,0.333333333333333
20260867,55,500,15,3000,3000,3000,3000,"fast","control_informative",0.05,5,0.01,"","separate_mirage","trait1","bfdr_estimate",0.2,0.189936135466748
20260867,55,500,15,3000,3000,3000,3000,"fast","control_informative",0.05,5,0.01,"","separate_mirage","trait1","bfdr_power",0.2,0.16
20260867,55,500,15,3000,3000,3000,3000,"fast","control_informative",0.05,5,0.01,"","separate_mirage","trait1","bfdr_discoveries",0.2,6
20260867,55,500,15,3000,3000,3000,3000,"fast","control_informative",0.05,5,0.01,"","separate_mirage","trait2","bfdr_observed_fdp",0.01,0
20260867,55,500,15,3000,3000,3000,3000,"fast","control_informative",0.05,5,0.01,"","separate_mirage","trait2","bfdr_estimate",0.01,0
20260867,55,500,15,3000,3000,3000,3000,"fast","control_informative",0.05,5,0.01,"","separate_mirage","trait2","bfdr_power",0.01,0
20260867,55,500,15,3000,3000,3000,3000,"fast","control_informative",0.05,5,0.01,"","separate_mirage","trait2","bfdr_discoveries",0.01,0
20260867,55,500,15,3000,3000,3000,3000,"fast","control_informative",0.05,5,0.01,"","separate_mirage","trait2","bfdr_observed_fdp",0.05,0
20260867,55,500,15,3000,3000,3000,3000,"fast","control_informative",0.05,5,0.01,"","separate_mirage","trait2","bfdr_estimate",0.05,0
20260867,55,500,15,3000,3000,3000,3000,"fast","control_informative",0.05,5,0.01,"","separate_mirage","trait2","bfdr_power",0.05,0
20260867,55,500,15,3000,3000,3000,3000,"fast","control_informative",0.05,5,0.01,"","separate_mirage","trait2","bfdr_discoveries",0.05,0
20260867,55,500,15,3000,3000,3000,3000,"fast","control_informative",0.05,5,0.01,"","separate_mirage","trait2","bfdr_observed_fdp",0.1,0
20260867,55,500,15,3000,3000,3000,3000,"fast","control_informative",0.05,5,0.01,"","separate_mirage","trait2","bfdr_estimate",0.1,0
20260867,55,500,15,3000,3000,3000,3000,"fast","control_informative",0.05,5,0.01,"","separate_mirage","trait2","bfdr_power",0.1,0
20260867,55,500,15,3000,3000,3000,3000,"fast","control_informative",0.05,5,0.01,"","separate_mirage","trait2","bfdr_discoveries",0.1,0
20260867,55,500,15,3000,3000,3000,3000,"fast","control_informative",0.05,5,0.01,"","separate_mirage","trait2","bfdr_observed_fdp",0.2,0
20260867,55,500,15,3000,3000,3000,3000,"fast","control_informative",0.05,5,0.01,"","separate_mirage","trait2","bfdr_estimate",0.2,0
20260867,55,500,15,3000,3000,3000,3000,"fast","control_informative",0.05,5,0.01,"","separate_mirage","trait2","bfdr_power",0.2,0
20260867,55,500,15,3000,3000,3000,3000,"fast","control_informative",0.05,5,0.01,"","separate_mirage","trait2","bfdr_discoveries",0.2,0
20260867,55,500,15,3000,3000,3000,3000,"fast","control_informative",0.05,5,0.01,"","separate_mirage","pleiotropy","bfdr_observed_fdp",0.01,0
20260867,55,500,15,3000,3000,3000,3000,"fast","control_informative",0.05,5,0.01,"","separate_mirage","pleiotropy","bfdr_estimate",0.01,0
20260867,55,500,15,3000,3000,3000,3000,"fast","control_informative",0.05,5,0.01,"","separate_mirage","pleiotropy","bfdr_power",0.01,0
20260867,55,500,15,3000,3000,3000,3000,"fast","control_informative",0.05,5,0.01,"","separate_mirage","pleiotropy","bfdr_discoveries",0.01,0
20260867,55,500,15,3000,3000,3000,3000,"fast","control_informative",0.05,5,0.01,"","separate_mirage","pleiotropy","bfdr_observed_fdp",0.05,0
20260867,55,500,15,3000,3000,3000,3000,"fast","control_informative",0.05,5,0.01,"","separate_mirage","pleiotropy","bfdr_estimate",0.05,0
20260867,55,500,15,3000,3000,3000,3000,"fast","control_informative",0.05,5,0.01,"","separate_mirage","pleiotropy","bfdr_power",0.05,0
20260867,55,500,15,3000,3000,3000,3000,"fast","control_informative",0.05,5,0.01,"","separate_mirage","pleiotropy","bfdr_discoveries",0.05,0
20260867,55,500,15,3000,3000,3000,3000,"fast","control_informative",0.05,5,0.01,"","separate_mirage","pleiotropy","bfdr_observed_fdp",0.1,0
20260867,55,500,15,3000,3000,3000,3000,"fast","control_informative",0.05,5,0.01,"","separate_mirage","pleiotropy","bfdr_estimate",0.1,0
20260867,55,500,15,3000,3000,3000,3000,"fast","control_informative",0.05,5,0.01,"","separate_mirage","pleiotropy","bfdr_power",0.1,0
20260867,55,500,15,3000,3000,3000,3000,"fast","control_informative",0.05,5,0.01,"","separate_mirage","pleiotropy","bfdr_discoveries",0.1,0
20260867,55,500,15,3000,3000,3000,3000,"fast","control_informative",0.05,5,0.01,"","separate_mirage","pleiotropy","bfdr_observed_fdp",0.2,0
20260867,55,500,15,3000,3000,3000,3000,"fast","control_informative",0.05,5,0.01,"","separate_mirage","pleiotropy","bfdr_estimate",0.2,0
20260867,55,500,15,3000,3000,3000,3000,"fast","control_informative",0.05,5,0.01,"","separate_mirage","pleiotropy","bfdr_power",0.2,0
20260867,55,500,15,3000,3000,3000,3000,"fast","control_informative",0.05,5,0.01,"","separate_mirage","pleiotropy","bfdr_discoveries",0.2,0
20260867,55,500,15,3000,3000,3000,3000,"fast","control_informative",0.05,5,0.01,"","separate_mirage","global","runtime_seconds",NA,18.49
20260867,55,500,15,3000,3000,3000,3000,"fast","control_informative",0.05,5,0.01,"","separate_mirage","pleiotropy","pi11_estimate",NA,0.001
20260867,55,500,15,3000,3000,3000,3000,"fast","control_informative",0.05,5,0.01,"","mtada_aggregated","trait1","auc",NA,0.7568
20260867,55,500,15,3000,3000,3000,3000,"fast","control_informative",0.05,5,0.01,"","mtada_aggregated","trait2","auc",NA,0.686530612244898
20260867,55,500,15,3000,3000,3000,3000,"fast","control_informative",0.05,5,0.01,"","mtada_aggregated","pleiotropy","auc",NA,0.724848484848485
20260867,55,500,15,3000,3000,3000,3000,"fast","control_informative",0.05,5,0.01,"","mtada_aggregated","trait1","pp08_power",0.8,0.28
20260867,55,500,15,3000,3000,3000,3000,"fast","control_informative",0.05,5,0.01,"","mtada_aggregated","trait1","pp08_fdp",0.8,0.829268292682927
20260867,55,500,15,3000,3000,3000,3000,"fast","control_informative",0.05,5,0.01,"","mtada_aggregated","trait1","pp08_discoveries",0.8,41
20260867,55,500,15,3000,3000,3000,3000,"fast","control_informative",0.05,5,0.01,"","mtada_aggregated","trait2","pp08_power",0.8,0.3
20260867,55,500,15,3000,3000,3000,3000,"fast","control_informative",0.05,5,0.01,"","mtada_aggregated","trait2","pp08_fdp",0.8,0.911764705882353
20260867,55,500,15,3000,3000,3000,3000,"fast","control_informative",0.05,5,0.01,"","mtada_aggregated","trait2","pp08_discoveries",0.8,34
20260867,55,500,15,3000,3000,3000,3000,"fast","control_informative",0.05,5,0.01,"","mtada_aggregated","pleiotropy","pp08_power",0.8,0
20260867,55,500,15,3000,3000,3000,3000,"fast","control_informative",0.05,5,0.01,"","mtada_aggregated","pleiotropy","pp08_fdp",0.8,1
20260867,55,500,15,3000,3000,3000,3000,"fast","control_informative",0.05,5,0.01,"","mtada_aggregated","pleiotropy","pp08_discoveries",0.8,3
20260867,55,500,15,3000,3000,3000,3000,"fast","control_informative",0.05,5,0.01,"","mtada_aggregated","trait1","bfdr_observed_fdp",0.01,0.837837837837838
20260867,55,500,15,3000,3000,3000,3000,"fast","control_informative",0.05,5,0.01,"","mtada_aggregated","trait1","bfdr_estimate",0.01,0.00999967562125218
20260867,55,500,15,3000,3000,3000,3000,"fast","control_informative",0.05,5,0.01,"","mtada_aggregated","trait1","bfdr_power",0.01,0.24
20260867,55,500,15,3000,3000,3000,3000,"fast","control_informative",0.05,5,0.01,"","mtada_aggregated","trait1","bfdr_discoveries",0.01,37
20260867,55,500,15,3000,3000,3000,3000,"fast","control_informative",0.05,5,0.01,"","mtada_aggregated","trait1","bfdr_observed_fdp",0.05,0.826086956521739
20260867,55,500,15,3000,3000,3000,3000,"fast","control_informative",0.05,5,0.01,"","mtada_aggregated","trait1","bfdr_estimate",0.05,0.0456071688366524
20260867,55,500,15,3000,3000,3000,3000,"fast","control_informative",0.05,5,0.01,"","mtada_aggregated","trait1","bfdr_power",0.05,0.32
20260867,55,500,15,3000,3000,3000,3000,"fast","control_informative",0.05,5,0.01,"","mtada_aggregated","trait1","bfdr_discoveries",0.05,46
20260867,55,500,15,3000,3000,3000,3000,"fast","control_informative",0.05,5,0.01,"","mtada_aggregated","trait1","bfdr_observed_fdp",0.1,0.788461538461538
20260867,55,500,15,3000,3000,3000,3000,"fast","control_informative",0.05,5,0.01,"","mtada_aggregated","trait1","bfdr_estimate",0.1,0.0969832056882009
20260867,55,500,15,3000,3000,3000,3000,"fast","control_informative",0.05,5,0.01,"","mtada_aggregated","trait1","bfdr_power",0.1,0.44
20260867,55,500,15,3000,3000,3000,3000,"fast","control_informative",0.05,5,0.01,"","mtada_aggregated","trait1","bfdr_discoveries",0.1,52
20260867,55,500,15,3000,3000,3000,3000,"fast","control_informative",0.05,5,0.01,"","mtada_aggregated","trait1","bfdr_observed_fdp",0.2,0.819672131147541
20260867,55,500,15,3000,3000,3000,3000,"fast","control_informative",0.05,5,0.01,"","mtada_aggregated","trait1","bfdr_estimate",0.2,0.194939047847912
20260867,55,500,15,3000,3000,3000,3000,"fast","control_informative",0.05,5,0.01,"","mtada_aggregated","trait1","bfdr_power",0.2,0.44
20260867,55,500,15,3000,3000,3000,3000,"fast","control_informative",0.05,5,0.01,"","mtada_aggregated","trait1","bfdr_discoveries",0.2,61
20260867,55,500,15,3000,3000,3000,3000,"fast","control_informative",0.05,5,0.01,"","mtada_aggregated","trait2","bfdr_observed_fdp",0.01,0.964285714285714
20260867,55,500,15,3000,3000,3000,3000,"fast","control_informative",0.05,5,0.01,"","mtada_aggregated","trait2","bfdr_estimate",0.01,0.00801979084342896
20260867,55,500,15,3000,3000,3000,3000,"fast","control_informative",0.05,5,0.01,"","mtada_aggregated","trait2","bfdr_power",0.01,0.1
20260867,55,500,15,3000,3000,3000,3000,"fast","control_informative",0.05,5,0.01,"","mtada_aggregated","trait2","bfdr_discoveries",0.01,28
20260867,55,500,15,3000,3000,3000,3000,"fast","control_informative",0.05,5,0.01,"","mtada_aggregated","trait2","bfdr_observed_fdp",0.05,0.918918918918919
20260867,55,500,15,3000,3000,3000,3000,"fast","control_informative",0.05,5,0.01,"","mtada_aggregated","trait2","bfdr_estimate",0.05,0.0419868560138347
20260867,55,500,15,3000,3000,3000,3000,"fast","control_informative",0.05,5,0.01,"","mtada_aggregated","trait2","bfdr_power",0.05,0.3
20260867,55,500,15,3000,3000,3000,3000,"fast","control_informative",0.05,5,0.01,"","mtada_aggregated","trait2","bfdr_discoveries",0.05,37
20260867,55,500,15,3000,3000,3000,3000,"fast","control_informative",0.05,5,0.01,"","mtada_aggregated","trait2","bfdr_observed_fdp",0.1,0.928571428571429
20260867,55,500,15,3000,3000,3000,3000,"fast","control_informative",0.05,5,0.01,"","mtada_aggregated","trait2","bfdr_estimate",0.1,0.0956871201388774
20260867,55,500,15,3000,3000,3000,3000,"fast","control_informative",0.05,5,0.01,"","mtada_aggregated","trait2","bfdr_power",0.1,0.3
20260867,55,500,15,3000,3000,3000,3000,"fast","control_informative",0.05,5,0.01,"","mtada_aggregated","trait2","bfdr_discoveries",0.1,42
20260867,55,500,15,3000,3000,3000,3000,"fast","control_informative",0.05,5,0.01,"","mtada_aggregated","trait2","bfdr_observed_fdp",0.2,0.938775510204082
20260867,55,500,15,3000,3000,3000,3000,"fast","control_informative",0.05,5,0.01,"","mtada_aggregated","trait2","bfdr_estimate",0.2,0.198057383904489
20260867,55,500,15,3000,3000,3000,3000,"fast","control_informative",0.05,5,0.01,"","mtada_aggregated","trait2","bfdr_power",0.2,0.3
20260867,55,500,15,3000,3000,3000,3000,"fast","control_informative",0.05,5,0.01,"","mtada_aggregated","trait2","bfdr_discoveries",0.2,49
20260867,55,500,15,3000,3000,3000,3000,"fast","control_informative",0.05,5,0.01,"","mtada_aggregated","pleiotropy","bfdr_observed_fdp",0.01,1
20260867,55,500,15,3000,3000,3000,3000,"fast","control_informative",0.05,5,0.01,"","mtada_aggregated","pleiotropy","bfdr_estimate",0.01,9.57701381184006e-05
20260867,55,500,15,3000,3000,3000,3000,"fast","control_informative",0.05,5,0.01,"","mtada_aggregated","pleiotropy","bfdr_power",0.01,0
20260867,55,500,15,3000,3000,3000,3000,"fast","control_informative",0.05,5,0.01,"","mtada_aggregated","pleiotropy","bfdr_discoveries",0.01,2
20260867,55,500,15,3000,3000,3000,3000,"fast","control_informative",0.05,5,0.01,"","mtada_aggregated","pleiotropy","bfdr_observed_fdp",0.05,1
20260867,55,500,15,3000,3000,3000,3000,"fast","control_informative",0.05,5,0.01,"","mtada_aggregated","pleiotropy","bfdr_estimate",0.05,0.0497178515421484
20260867,55,500,15,3000,3000,3000,3000,"fast","control_informative",0.05,5,0.01,"","mtada_aggregated","pleiotropy","bfdr_power",0.05,0
20260867,55,500,15,3000,3000,3000,3000,"fast","control_informative",0.05,5,0.01,"","mtada_aggregated","pleiotropy","bfdr_discoveries",0.05,3
20260867,55,500,15,3000,3000,3000,3000,"fast","control_informative",0.05,5,0.01,"","mtada_aggregated","pleiotropy","bfdr_observed_fdp",0.1,1
20260867,55,500,15,3000,3000,3000,3000,"fast","control_informative",0.05,5,0.01,"","mtada_aggregated","pleiotropy","bfdr_estimate",0.1,0.0497178515421484
20260867,55,500,15,3000,3000,3000,3000,"fast","control_informative",0.05,5,0.01,"","mtada_aggregated","pleiotropy","bfdr_power",0.1,0
20260867,55,500,15,3000,3000,3000,3000,"fast","control_informative",0.05,5,0.01,"","mtada_aggregated","pleiotropy","bfdr_discoveries",0.1,3
20260867,55,500,15,3000,3000,3000,3000,"fast","control_informative",0.05,5,0.01,"","mtada_aggregated","pleiotropy","bfdr_observed_fdp",0.2,1
20260867,55,500,15,3000,3000,3000,3000,"fast","control_informative",0.05,5,0.01,"","mtada_aggregated","pleiotropy","bfdr_estimate",0.2,0.179228292242887
20260867,55,500,15,3000,3000,3000,3000,"fast","control_informative",0.05,5,0.01,"","mtada_aggregated","pleiotropy","bfdr_power",0.2,0
20260867,55,500,15,3000,3000,3000,3000,"fast","control_informative",0.05,5,0.01,"","mtada_aggregated","pleiotropy","bfdr_discoveries",0.2,4
20260867,55,500,15,3000,3000,3000,3000,"fast","control_informative",0.05,5,0.01,"","mtada_aggregated","global","runtime_seconds",NA,0.916000000000054
20260867,55,500,15,3000,3000,3000,3000,"fast","control_informative",0.05,5,0.01,"","mtada_aggregated","pleiotropy","pi11_estimate",NA,0.00194813
20260868,56,500,15,3000,3000,3000,3000,"fast","control_informative",0.05,5,0.01,"","mirage_joint","trait1","auc",NA,0.704
20260868,56,500,15,3000,3000,3000,3000,"fast","control_informative",0.05,5,0.01,"","mirage_joint","trait2","auc",NA,0.597959183673469
20260868,56,500,15,3000,3000,3000,3000,"fast","control_informative",0.05,5,0.01,"","mirage_joint","pleiotropy","auc",NA,0.582626262626263
20260868,56,500,15,3000,3000,3000,3000,"fast","control_informative",0.05,5,0.01,"","mirage_joint","trait1","pp08_power",0.8,0.2
20260868,56,500,15,3000,3000,3000,3000,"fast","control_informative",0.05,5,0.01,"","mirage_joint","trait1","pp08_fdp",0.8,0.166666666666667
20260868,56,500,15,3000,3000,3000,3000,"fast","control_informative",0.05,5,0.01,"","mirage_joint","trait1","pp08_discoveries",0.8,6
20260868,56,500,15,3000,3000,3000,3000,"fast","control_informative",0.05,5,0.01,"","mirage_joint","trait2","pp08_power",0.8,0.3
20260868,56,500,15,3000,3000,3000,3000,"fast","control_informative",0.05,5,0.01,"","mirage_joint","trait2","pp08_fdp",0.8,0
20260868,56,500,15,3000,3000,3000,3000,"fast","control_informative",0.05,5,0.01,"","mirage_joint","trait2","pp08_discoveries",0.8,3
20260868,56,500,15,3000,3000,3000,3000,"fast","control_informative",0.05,5,0.01,"","mirage_joint","pleiotropy","pp08_power",0.8,0.2
20260868,56,500,15,3000,3000,3000,3000,"fast","control_informative",0.05,5,0.01,"","mirage_joint","pleiotropy","pp08_fdp",0.8,0
20260868,56,500,15,3000,3000,3000,3000,"fast","control_informative",0.05,5,0.01,"","mirage_joint","pleiotropy","pp08_discoveries",0.8,1
20260868,56,500,15,3000,3000,3000,3000,"fast","control_informative",0.05,5,0.01,"","mirage_joint","trait1","bfdr_observed_fdp",0.01,0
20260868,56,500,15,3000,3000,3000,3000,"fast","control_informative",0.05,5,0.01,"","mirage_joint","trait1","bfdr_estimate",0.01,0.00962451295228783
20260868,56,500,15,3000,3000,3000,3000,"fast","control_informative",0.05,5,0.01,"","mirage_joint","trait1","bfdr_power",0.01,0.12
20260868,56,500,15,3000,3000,3000,3000,"fast","control_informative",0.05,5,0.01,"","mirage_joint","trait1","bfdr_discoveries",0.01,3
20260868,56,500,15,3000,3000,3000,3000,"fast","control_informative",0.05,5,0.01,"","mirage_joint","trait1","bfdr_observed_fdp",0.05,0.166666666666667
20260868,56,500,15,3000,3000,3000,3000,"fast","control_informative",0.05,5,0.01,"","mirage_joint","trait1","bfdr_estimate",0.05,0.0308594427661038
20260868,56,500,15,3000,3000,3000,3000,"fast","control_informative",0.05,5,0.01,"","mirage_joint","trait1","bfdr_power",0.05,0.2
20260868,56,500,15,3000,3000,3000,3000,"fast","control_informative",0.05,5,0.01,"","mirage_joint","trait1","bfdr_discoveries",0.05,6
20260868,56,500,15,3000,3000,3000,3000,"fast","control_informative",0.05,5,0.01,"","mirage_joint","trait1","bfdr_observed_fdp",0.1,0.285714285714286
20260868,56,500,15,3000,3000,3000,3000,"fast","control_informative",0.05,5,0.01,"","mirage_joint","trait1","bfdr_estimate",0.1,0.0740633021965806
20260868,56,500,15,3000,3000,3000,3000,"fast","control_informative",0.05,5,0.01,"","mirage_joint","trait1","bfdr_power",0.1,0.2
20260868,56,500,15,3000,3000,3000,3000,"fast","control_informative",0.05,5,0.01,"","mirage_joint","trait1","bfdr_discoveries",0.1,7
20260868,56,500,15,3000,3000,3000,3000,"fast","control_informative",0.05,5,0.01,"","mirage_joint","trait1","bfdr_observed_fdp",0.2,0.545454545454545
20260868,56,500,15,3000,3000,3000,3000,"fast","control_informative",0.05,5,0.01,"","mirage_joint","trait1","bfdr_estimate",0.2,0.190948829369618
20260868,56,500,15,3000,3000,3000,3000,"fast","control_informative",0.05,5,0.01,"","mirage_joint","trait1","bfdr_power",0.2,0.2
20260868,56,500,15,3000,3000,3000,3000,"fast","control_informative",0.05,5,0.01,"","mirage_joint","trait1","bfdr_discoveries",0.2,11
20260868,56,500,15,3000,3000,3000,3000,"fast","control_informative",0.05,5,0.01,"","mirage_joint","trait2","bfdr_observed_fdp",0.01,0
20260868,56,500,15,3000,3000,3000,3000,"fast","control_informative",0.05,5,0.01,"","mirage_joint","trait2","bfdr_estimate",0.01,0.0010267940253551
20260868,56,500,15,3000,3000,3000,3000,"fast","control_informative",0.05,5,0.01,"","mirage_joint","trait2","bfdr_power",0.01,0.1
20260868,56,500,15,3000,3000,3000,3000,"fast","control_informative",0.05,5,0.01,"","mirage_joint","trait2","bfdr_discoveries",0.01,1
20260868,56,500,15,3000,3000,3000,3000,"fast","control_informative",0.05,5,0.01,"","mirage_joint","trait2","bfdr_observed_fdp",0.05,0
20260868,56,500,15,3000,3000,3000,3000,"fast","control_informative",0.05,5,0.01,"","mirage_joint","trait2","bfdr_estimate",0.05,0.029640435899988
20260868,56,500,15,3000,3000,3000,3000,"fast","control_informative",0.05,5,0.01,"","mirage_joint","trait2","bfdr_power",0.05,0.2
20260868,56,500,15,3000,3000,3000,3000,"fast","control_informative",0.05,5,0.01,"","mirage_joint","trait2","bfdr_discoveries",0.05,2
20260868,56,500,15,3000,3000,3000,3000,"fast","control_informative",0.05,5,0.01,"","mirage_joint","trait2","bfdr_observed_fdp",0.1,0
20260868,56,500,15,3000,3000,3000,3000,"fast","control_informative",0.05,5,0.01,"","mirage_joint","trait2","bfdr_estimate",0.1,0.0809706006390991
20260868,56,500,15,3000,3000,3000,3000,"fast","control_informative",0.05,5,0.01,"","mirage_joint","trait2","bfdr_power",0.1,0.3
20260868,56,500,15,3000,3000,3000,3000,"fast","control_informative",0.05,5,0.01,"","mirage_joint","trait2","bfdr_discoveries",0.1,3
20260868,56,500,15,3000,3000,3000,3000,"fast","control_informative",0.05,5,0.01,"","mirage_joint","trait2","bfdr_observed_fdp",0.2,0.25
20260868,56,500,15,3000,3000,3000,3000,"fast","control_informative",0.05,5,0.01,"","mirage_joint","trait2","bfdr_estimate",0.2,0.163854100949546
20260868,56,500,15,3000,3000,3000,3000,"fast","control_informative",0.05,5,0.01,"","mirage_joint","trait2","bfdr_power",0.2,0.3
20260868,56,500,15,3000,3000,3000,3000,"fast","control_informative",0.05,5,0.01,"","mirage_joint","trait2","bfdr_discoveries",0.2,4
20260868,56,500,15,3000,3000,3000,3000,"fast","control_informative",0.05,5,0.01,"","mirage_joint","pleiotropy","bfdr_observed_fdp",0.01,0
20260868,56,500,15,3000,3000,3000,3000,"fast","control_informative",0.05,5,0.01,"","mirage_joint","pleiotropy","bfdr_estimate",0.01,0
20260868,56,500,15,3000,3000,3000,3000,"fast","control_informative",0.05,5,0.01,"","mirage_joint","pleiotropy","bfdr_power",0.01,0
20260868,56,500,15,3000,3000,3000,3000,"fast","control_informative",0.05,5,0.01,"","mirage_joint","pleiotropy","bfdr_discoveries",0.01,0
20260868,56,500,15,3000,3000,3000,3000,"fast","control_informative",0.05,5,0.01,"","mirage_joint","pleiotropy","bfdr_observed_fdp",0.05,0
20260868,56,500,15,3000,3000,3000,3000,"fast","control_informative",0.05,5,0.01,"","mirage_joint","pleiotropy","bfdr_estimate",0.05,0
20260868,56,500,15,3000,3000,3000,3000,"fast","control_informative",0.05,5,0.01,"","mirage_joint","pleiotropy","bfdr_power",0.05,0
20260868,56,500,15,3000,3000,3000,3000,"fast","control_informative",0.05,5,0.01,"","mirage_joint","pleiotropy","bfdr_discoveries",0.05,0
20260868,56,500,15,3000,3000,3000,3000,"fast","control_informative",0.05,5,0.01,"","mirage_joint","pleiotropy","bfdr_observed_fdp",0.1,0
20260868,56,500,15,3000,3000,3000,3000,"fast","control_informative",0.05,5,0.01,"","mirage_joint","pleiotropy","bfdr_estimate",0.1,0.055810978273881
20260868,56,500,15,3000,3000,3000,3000,"fast","control_informative",0.05,5,0.01,"","mirage_joint","pleiotropy","bfdr_power",0.1,0.2
20260868,56,500,15,3000,3000,3000,3000,"fast","control_informative",0.05,5,0.01,"","mirage_joint","pleiotropy","bfdr_discoveries",0.1,1
20260868,56,500,15,3000,3000,3000,3000,"fast","control_informative",0.05,5,0.01,"","mirage_joint","pleiotropy","bfdr_observed_fdp",0.2,0
20260868,56,500,15,3000,3000,3000,3000,"fast","control_informative",0.05,5,0.01,"","mirage_joint","pleiotropy","bfdr_estimate",0.2,0.055810978273881
20260868,56,500,15,3000,3000,3000,3000,"fast","control_informative",0.05,5,0.01,"","mirage_joint","pleiotropy","bfdr_power",0.2,0.2
20260868,56,500,15,3000,3000,3000,3000,"fast","control_informative",0.05,5,0.01,"","mirage_joint","pleiotropy","bfdr_discoveries",0.2,1
20260868,56,500,15,3000,3000,3000,3000,"fast","control_informative",0.05,5,0.01,"","mirage_joint","global","runtime_seconds",NA,18.65
20260868,56,500,15,3000,3000,3000,3000,"fast","control_informative",0.05,5,0.01,"","mirage_joint","pleiotropy","pi11_estimate",NA,0.0397066372074914
20260868,56,500,15,3000,3000,3000,3000,"fast","control_informative",0.05,5,0.01,"","separate_mirage","trait1","auc",NA,0.740463157894737
20260868,56,500,15,3000,3000,3000,3000,"fast","control_informative",0.05,5,0.01,"","separate_mirage","trait2","auc",NA,0.528979591836735
20260868,56,500,15,3000,3000,3000,3000,"fast","control_informative",0.05,5,0.01,"","separate_mirage","pleiotropy","auc",NA,0.591515151515152
20260868,56,500,15,3000,3000,3000,3000,"fast","control_informative",0.05,5,0.01,"","separate_mirage","trait1","pp08_power",0.8,0.16
20260868,56,500,15,3000,3000,3000,3000,"fast","control_informative",0.05,5,0.01,"","separate_mirage","trait1","pp08_fdp",0.8,0.2
20260868,56,500,15,3000,3000,3000,3000,"fast","control_informative",0.05,5,0.01,"","separate_mirage","trait1","pp08_discoveries",0.8,5
20260868,56,500,15,3000,3000,3000,3000,"fast","control_informative",0.05,5,0.01,"","separate_mirage","trait2","pp08_power",0.8,0.2
20260868,56,500,15,3000,3000,3000,3000,"fast","control_informative",0.05,5,0.01,"","separate_mirage","trait2","pp08_fdp",0.8,0
20260868,56,500,15,3000,3000,3000,3000,"fast","control_informative",0.05,5,0.01,"","separate_mirage","trait2","pp08_discoveries",0.8,2
20260868,56,500,15,3000,3000,3000,3000,"fast","control_informative",0.05,5,0.01,"","separate_mirage","pleiotropy","pp08_power",0.8,0
20260868,56,500,15,3000,3000,3000,3000,"fast","control_informative",0.05,5,0.01,"","separate_mirage","pleiotropy","pp08_fdp",0.8,0
20260868,56,500,15,3000,3000,3000,3000,"fast","control_informative",0.05,5,0.01,"","separate_mirage","pleiotropy","pp08_discoveries",0.8,0
20260868,56,500,15,3000,3000,3000,3000,"fast","control_informative",0.05,5,0.01,"","separate_mirage","trait1","bfdr_observed_fdp",0.01,0
20260868,56,500,15,3000,3000,3000,3000,"fast","control_informative",0.05,5,0.01,"","separate_mirage","trait1","bfdr_estimate",0.01,0.00869233794185712
20260868,56,500,15,3000,3000,3000,3000,"fast","control_informative",0.05,5,0.01,"","separate_mirage","trait1","bfdr_power",0.01,0.12
20260868,56,500,15,3000,3000,3000,3000,"fast","control_informative",0.05,5,0.01,"","separate_mirage","trait1","bfdr_discoveries",0.01,3
20260868,56,500,15,3000,3000,3000,3000,"fast","control_informative",0.05,5,0.01,"","separate_mirage","trait1","bfdr_observed_fdp",0.05,0.2
20260868,56,500,15,3000,3000,3000,3000,"fast","control_informative",0.05,5,0.01,"","separate_mirage","trait1","bfdr_estimate",0.05,0.0276106541665108
20260868,56,500,15,3000,3000,3000,3000,"fast","control_informative",0.05,5,0.01,"","separate_mirage","trait1","bfdr_power",0.05,0.16
20260868,56,500,15,3000,3000,3000,3000,"fast","control_informative",0.05,5,0.01,"","separate_mirage","trait1","bfdr_discoveries",0.05,5
20260868,56,500,15,3000,3000,3000,3000,"fast","control_informative",0.05,5,0.01,"","separate_mirage","trait1","bfdr_observed_fdp",0.1,0.166666666666667
20260868,56,500,15,3000,3000,3000,3000,"fast","control_informative",0.05,5,0.01,"","separate_mirage","trait1","bfdr_estimate",0.1,0.0997781298875605
20260868,56,500,15,3000,3000,3000,3000,"fast","control_informative",0.05,5,0.01,"","separate_mirage","trait1","bfdr_power",0.1,0.2
20260868,56,500,15,3000,3000,3000,3000,"fast","control_informative",0.05,5,0.01,"","separate_mirage","trait1","bfdr_discoveries",0.1,6
20260868,56,500,15,3000,3000,3000,3000,"fast","control_informative",0.05,5,0.01,"","separate_mirage","trait1","bfdr_observed_fdp",0.2,0.285714285714286
20260868,56,500,15,3000,3000,3000,3000,"fast","control_informative",0.05,5,0.01,"","separate_mirage","trait1","bfdr_estimate",0.2,0.153582089903326
20260868,56,500,15,3000,3000,3000,3000,"fast","control_informative",0.05,5,0.01,"","separate_mirage","trait1","bfdr_power",0.2,0.2
20260868,56,500,15,3000,3000,3000,3000,"fast","control_informative",0.05,5,0.01,"","separate_mirage","trait1","bfdr_discoveries",0.2,7
20260868,56,500,15,3000,3000,3000,3000,"fast","control_informative",0.05,5,0.01,"","separate_mirage","trait2","bfdr_observed_fdp",0.01,0
20260868,56,500,15,3000,3000,3000,3000,"fast","control_informative",0.05,5,0.01,"","separate_mirage","trait2","bfdr_estimate",0.01,0.00515868817507381
20260868,56,500,15,3000,3000,3000,3000,"fast","control_informative",0.05,5,0.01,"","separate_mirage","trait2","bfdr_power",0.01,0.1
20260868,56,500,15,3000,3000,3000,3000,"fast","control_informative",0.05,5,0.01,"","separate_mirage","trait2","bfdr_discoveries",0.01,1
20260868,56,500,15,3000,3000,3000,3000,"fast","control_informative",0.05,5,0.01,"","separate_mirage","trait2","bfdr_observed_fdp",0.05,0
20260868,56,500,15,3000,3000,3000,3000,"fast","control_informative",0.05,5,0.01,"","separate_mirage","trait2","bfdr_estimate",0.05,0.00515868817507381
20260868,56,500,15,3000,3000,3000,3000,"fast","control_informative",0.05,5,0.01,"","separate_mirage","trait2","bfdr_power",0.05,0.1
20260868,56,500,15,3000,3000,3000,3000,"fast","control_informative",0.05,5,0.01,"","separate_mirage","trait2","bfdr_discoveries",0.05,1
20260868,56,500,15,3000,3000,3000,3000,"fast","control_informative",0.05,5,0.01,"","separate_mirage","trait2","bfdr_observed_fdp",0.1,0
20260868,56,500,15,3000,3000,3000,3000,"fast","control_informative",0.05,5,0.01,"","separate_mirage","trait2","bfdr_estimate",0.1,0.0508463613248449
20260868,56,500,15,3000,3000,3000,3000,"fast","control_informative",0.05,5,0.01,"","separate_mirage","trait2","bfdr_power",0.1,0.2
20260868,56,500,15,3000,3000,3000,3000,"fast","control_informative",0.05,5,0.01,"","separate_mirage","trait2","bfdr_discoveries",0.1,2
20260868,56,500,15,3000,3000,3000,3000,"fast","control_informative",0.05,5,0.01,"","separate_mirage","trait2","bfdr_observed_fdp",0.2,0
20260868,56,500,15,3000,3000,3000,3000,"fast","control_informative",0.05,5,0.01,"","separate_mirage","trait2","bfdr_estimate",0.2,0.128899527565422
20260868,56,500,15,3000,3000,3000,3000,"fast","control_informative",0.05,5,0.01,"","separate_mirage","trait2","bfdr_power",0.2,0.3
20260868,56,500,15,3000,3000,3000,3000,"fast","control_informative",0.05,5,0.01,"","separate_mirage","trait2","bfdr_discoveries",0.2,3
20260868,56,500,15,3000,3000,3000,3000,"fast","control_informative",0.05,5,0.01,"","separate_mirage","pleiotropy","bfdr_observed_fdp",0.01,0
20260868,56,500,15,3000,3000,3000,3000,"fast","control_informative",0.05,5,0.01,"","separate_mirage","pleiotropy","bfdr_estimate",0.01,0
20260868,56,500,15,3000,3000,3000,3000,"fast","control_informative",0.05,5,0.01,"","separate_mirage","pleiotropy","bfdr_power",0.01,0
20260868,56,500,15,3000,3000,3000,3000,"fast","control_informative",0.05,5,0.01,"","separate_mirage","pleiotropy","bfdr_discoveries",0.01,0
20260868,56,500,15,3000,3000,3000,3000,"fast","control_informative",0.05,5,0.01,"","separate_mirage","pleiotropy","bfdr_observed_fdp",0.05,0
20260868,56,500,15,3000,3000,3000,3000,"fast","control_informative",0.05,5,0.01,"","separate_mirage","pleiotropy","bfdr_estimate",0.05,0
20260868,56,500,15,3000,3000,3000,3000,"fast","control_informative",0.05,5,0.01,"","separate_mirage","pleiotropy","bfdr_power",0.05,0
20260868,56,500,15,3000,3000,3000,3000,"fast","control_informative",0.05,5,0.01,"","separate_mirage","pleiotropy","bfdr_discoveries",0.05,0
20260868,56,500,15,3000,3000,3000,3000,"fast","control_informative",0.05,5,0.01,"","separate_mirage","pleiotropy","bfdr_observed_fdp",0.1,0
20260868,56,500,15,3000,3000,3000,3000,"fast","control_informative",0.05,5,0.01,"","separate_mirage","pleiotropy","bfdr_estimate",0.1,0
20260868,56,500,15,3000,3000,3000,3000,"fast","control_informative",0.05,5,0.01,"","separate_mirage","pleiotropy","bfdr_power",0.1,0
20260868,56,500,15,3000,3000,3000,3000,"fast","control_informative",0.05,5,0.01,"","separate_mirage","pleiotropy","bfdr_discoveries",0.1,0
20260868,56,500,15,3000,3000,3000,3000,"fast","control_informative",0.05,5,0.01,"","separate_mirage","pleiotropy","bfdr_observed_fdp",0.2,0
20260868,56,500,15,3000,3000,3000,3000,"fast","control_informative",0.05,5,0.01,"","separate_mirage","pleiotropy","bfdr_estimate",0.2,0
20260868,56,500,15,3000,3000,3000,3000,"fast","control_informative",0.05,5,0.01,"","separate_mirage","pleiotropy","bfdr_power",0.2,0
20260868,56,500,15,3000,3000,3000,3000,"fast","control_informative",0.05,5,0.01,"","separate_mirage","pleiotropy","bfdr_discoveries",0.2,0
20260868,56,500,15,3000,3000,3000,3000,"fast","control_informative",0.05,5,0.01,"","separate_mirage","global","runtime_seconds",NA,18.304
20260868,56,500,15,3000,3000,3000,3000,"fast","control_informative",0.05,5,0.01,"","separate_mirage","pleiotropy","pi11_estimate",NA,0.001
20260868,56,500,15,3000,3000,3000,3000,"fast","control_informative",0.05,5,0.01,"","mtada_aggregated","trait1","auc",NA,0.733894736842105
20260868,56,500,15,3000,3000,3000,3000,"fast","control_informative",0.05,5,0.01,"","mtada_aggregated","trait2","auc",NA,0.852857142857143
20260868,56,500,15,3000,3000,3000,3000,"fast","control_informative",0.05,5,0.01,"","mtada_aggregated","pleiotropy","auc",NA,0.94949494949495
20260868,56,500,15,3000,3000,3000,3000,"fast","control_informative",0.05,5,0.01,"","mtada_aggregated","trait1","pp08_power",0.8,0.28
20260868,56,500,15,3000,3000,3000,3000,"fast","control_informative",0.05,5,0.01,"","mtada_aggregated","trait1","pp08_fdp",0.8,0.829268292682927
20260868,56,500,15,3000,3000,3000,3000,"fast","control_informative",0.05,5,0.01,"","mtada_aggregated","trait1","pp08_discoveries",0.8,41
20260868,56,500,15,3000,3000,3000,3000,"fast","control_informative",0.05,5,0.01,"","mtada_aggregated","trait2","pp08_power",0.8,0.5
20260868,56,500,15,3000,3000,3000,3000,"fast","control_informative",0.05,5,0.01,"","mtada_aggregated","trait2","pp08_fdp",0.8,0.868421052631579
20260868,56,500,15,3000,3000,3000,3000,"fast","control_informative",0.05,5,0.01,"","mtada_aggregated","trait2","pp08_discoveries",0.8,38
20260868,56,500,15,3000,3000,3000,3000,"fast","control_informative",0.05,5,0.01,"","mtada_aggregated","pleiotropy","pp08_power",0.8,0
20260868,56,500,15,3000,3000,3000,3000,"fast","control_informative",0.05,5,0.01,"","mtada_aggregated","pleiotropy","pp08_fdp",0.8,1
20260868,56,500,15,3000,3000,3000,3000,"fast","control_informative",0.05,5,0.01,"","mtada_aggregated","pleiotropy","pp08_discoveries",0.8,1
20260868,56,500,15,3000,3000,3000,3000,"fast","control_informative",0.05,5,0.01,"","mtada_aggregated","trait1","bfdr_observed_fdp",0.01,0.825
20260868,56,500,15,3000,3000,3000,3000,"fast","control_informative",0.05,5,0.01,"","mtada_aggregated","trait1","bfdr_estimate",0.01,0.00985725472536561
20260868,56,500,15,3000,3000,3000,3000,"fast","control_informative",0.05,5,0.01,"","mtada_aggregated","trait1","bfdr_power",0.01,0.28
20260868,56,500,15,3000,3000,3000,3000,"fast","control_informative",0.05,5,0.01,"","mtada_aggregated","trait1","bfdr_discoveries",0.01,40
20260868,56,500,15,3000,3000,3000,3000,"fast","control_informative",0.05,5,0.01,"","mtada_aggregated","trait1","bfdr_observed_fdp",0.05,0.851063829787234
20260868,56,500,15,3000,3000,3000,3000,"fast","control_informative",0.05,5,0.01,"","mtada_aggregated","trait1","bfdr_estimate",0.05,0.0491567028108972
20260868,56,500,15,3000,3000,3000,3000,"fast","control_informative",0.05,5,0.01,"","mtada_aggregated","trait1","bfdr_power",0.05,0.28
20260868,56,500,15,3000,3000,3000,3000,"fast","control_informative",0.05,5,0.01,"","mtada_aggregated","trait1","bfdr_discoveries",0.05,47
20260868,56,500,15,3000,3000,3000,3000,"fast","control_informative",0.05,5,0.01,"","mtada_aggregated","trait1","bfdr_observed_fdp",0.1,0.851851851851852
20260868,56,500,15,3000,3000,3000,3000,"fast","control_informative",0.05,5,0.01,"","mtada_aggregated","trait1","bfdr_estimate",0.1,0.0987385475327556
20260868,56,500,15,3000,3000,3000,3000,"fast","control_informative",0.05,5,0.01,"","mtada_aggregated","trait1","bfdr_power",0.1,0.32
20260868,56,500,15,3000,3000,3000,3000,"fast","control_informative",0.05,5,0.01,"","mtada_aggregated","trait1","bfdr_discoveries",0.1,54
20260868,56,500,15,3000,3000,3000,3000,"fast","control_informative",0.05,5,0.01,"","mtada_aggregated","trait1","bfdr_observed_fdp",0.2,0.848484848484849
20260868,56,500,15,3000,3000,3000,3000,"fast","control_informative",0.05,5,0.01,"","mtada_aggregated","trait1","bfdr_estimate",0.2,0.199571360342765
20260868,56,500,15,3000,3000,3000,3000,"fast","control_informative",0.05,5,0.01,"","mtada_aggregated","trait1","bfdr_power",0.2,0.4
20260868,56,500,15,3000,3000,3000,3000,"fast","control_informative",0.05,5,0.01,"","mtada_aggregated","trait1","bfdr_discoveries",0.2,66
20260868,56,500,15,3000,3000,3000,3000,"fast","control_informative",0.05,5,0.01,"","mtada_aggregated","trait2","bfdr_observed_fdp",0.01,0.885714285714286
20260868,56,500,15,3000,3000,3000,3000,"fast","control_informative",0.05,5,0.01,"","mtada_aggregated","trait2","bfdr_estimate",0.01,0.00757962418420539
20260868,56,500,15,3000,3000,3000,3000,"fast","control_informative",0.05,5,0.01,"","mtada_aggregated","trait2","bfdr_power",0.01,0.4
20260868,56,500,15,3000,3000,3000,3000,"fast","control_informative",0.05,5,0.01,"","mtada_aggregated","trait2","bfdr_discoveries",0.01,35
20260868,56,500,15,3000,3000,3000,3000,"fast","control_informative",0.05,5,0.01,"","mtada_aggregated","trait2","bfdr_observed_fdp",0.05,0.883720930232558
20260868,56,500,15,3000,3000,3000,3000,"fast","control_informative",0.05,5,0.01,"","mtada_aggregated","trait2","bfdr_estimate",0.05,0.0484363431751593
20260868,56,500,15,3000,3000,3000,3000,"fast","control_informative",0.05,5,0.01,"","mtada_aggregated","trait2","bfdr_power",0.05,0.5
20260868,56,500,15,3000,3000,3000,3000,"fast","control_informative",0.05,5,0.01,"","mtada_aggregated","trait2","bfdr_discoveries",0.05,43
20260868,56,500,15,3000,3000,3000,3000,"fast","control_informative",0.05,5,0.01,"","mtada_aggregated","trait2","bfdr_observed_fdp",0.1,0.893617021276596
20260868,56,500,15,3000,3000,3000,3000,"fast","control_informative",0.05,5,0.01,"","mtada_aggregated","trait2","bfdr_estimate",0.1,0.0890953056526548
20260868,56,500,15,3000,3000,3000,3000,"fast","control_informative",0.05,5,0.01,"","mtada_aggregated","trait2","bfdr_power",0.1,0.5
20260868,56,500,15,3000,3000,3000,3000,"fast","control_informative",0.05,5,0.01,"","mtada_aggregated","trait2","bfdr_discoveries",0.1,47
20260868,56,500,15,3000,3000,3000,3000,"fast","control_informative",0.05,5,0.01,"","mtada_aggregated","trait2","bfdr_observed_fdp",0.2,0.912280701754386
20260868,56,500,15,3000,3000,3000,3000,"fast","control_informative",0.05,5,0.01,"","mtada_aggregated","trait2","bfdr_estimate",0.2,0.197487157914316
20260868,56,500,15,3000,3000,3000,3000,"fast","control_informative",0.05,5,0.01,"","mtada_aggregated","trait2","bfdr_power",0.2,0.5
20260868,56,500,15,3000,3000,3000,3000,"fast","control_informative",0.05,5,0.01,"","mtada_aggregated","trait2","bfdr_discoveries",0.2,57
20260868,56,500,15,3000,3000,3000,3000,"fast","control_informative",0.05,5,0.01,"","mtada_aggregated","pleiotropy","bfdr_observed_fdp",0.01,0
20260868,56,500,15,3000,3000,3000,3000,"fast","control_informative",0.05,5,0.01,"","mtada_aggregated","pleiotropy","bfdr_estimate",0.01,0
20260868,56,500,15,3000,3000,3000,3000,"fast","control_informative",0.05,5,0.01,"","mtada_aggregated","pleiotropy","bfdr_power",0.01,0
20260868,56,500,15,3000,3000,3000,3000,"fast","control_informative",0.05,5,0.01,"","mtada_aggregated","pleiotropy","bfdr_discoveries",0.01,0
20260868,56,500,15,3000,3000,3000,3000,"fast","control_informative",0.05,5,0.01,"","mtada_aggregated","pleiotropy","bfdr_observed_fdp",0.05,1
20260868,56,500,15,3000,3000,3000,3000,"fast","control_informative",0.05,5,0.01,"","mtada_aggregated","pleiotropy","bfdr_estimate",0.05,0.0246768150617158
20260868,56,500,15,3000,3000,3000,3000,"fast","control_informative",0.05,5,0.01,"","mtada_aggregated","pleiotropy","bfdr_power",0.05,0
20260868,56,500,15,3000,3000,3000,3000,"fast","control_informative",0.05,5,0.01,"","mtada_aggregated","pleiotropy","bfdr_discoveries",0.05,1
20260868,56,500,15,3000,3000,3000,3000,"fast","control_informative",0.05,5,0.01,"","mtada_aggregated","pleiotropy","bfdr_observed_fdp",0.1,1
20260868,56,500,15,3000,3000,3000,3000,"fast","control_informative",0.05,5,0.01,"","mtada_aggregated","pleiotropy","bfdr_estimate",0.1,0.0246768150617158
20260868,56,500,15,3000,3000,3000,3000,"fast","control_informative",0.05,5,0.01,"","mtada_aggregated","pleiotropy","bfdr_power",0.1,0
20260868,56,500,15,3000,3000,3000,3000,"fast","control_informative",0.05,5,0.01,"","mtada_aggregated","pleiotropy","bfdr_discoveries",0.1,1
20260868,56,500,15,3000,3000,3000,3000,"fast","control_informative",0.05,5,0.01,"","mtada_aggregated","pleiotropy","bfdr_observed_fdp",0.2,1
20260868,56,500,15,3000,3000,3000,3000,"fast","control_informative",0.05,5,0.01,"","mtada_aggregated","pleiotropy","bfdr_estimate",0.2,0.0246768150617158
20260868,56,500,15,3000,3000,3000,3000,"fast","control_informative",0.05,5,0.01,"","mtada_aggregated","pleiotropy","bfdr_power",0.2,0
20260868,56,500,15,3000,3000,3000,3000,"fast","control_informative",0.05,5,0.01,"","mtada_aggregated","pleiotropy","bfdr_discoveries",0.2,1
20260868,56,500,15,3000,3000,3000,3000,"fast","control_informative",0.05,5,0.01,"","mtada_aggregated","global","runtime_seconds",NA,0.754999999999995
20260868,56,500,15,3000,3000,3000,3000,"fast","control_informative",0.05,5,0.01,"","mtada_aggregated","pleiotropy","pi11_estimate",NA,0.000904887
20260869,57,500,15,3000,3000,3000,3000,"fast","control_informative",0.05,5,0.01,"","mirage_joint","trait1","auc",NA,0.684968421052632
20260869,57,500,15,3000,3000,3000,3000,"fast","control_informative",0.05,5,0.01,"","mirage_joint","trait2","auc",NA,0.522040816326531
20260869,57,500,15,3000,3000,3000,3000,"fast","control_informative",0.05,5,0.01,"","mirage_joint","pleiotropy","auc",NA,0.622222222222222
20260869,57,500,15,3000,3000,3000,3000,"fast","control_informative",0.05,5,0.01,"","mirage_joint","trait1","pp08_power",0.8,0.04
20260869,57,500,15,3000,3000,3000,3000,"fast","control_informative",0.05,5,0.01,"","mirage_joint","trait1","pp08_fdp",0.8,0
20260869,57,500,15,3000,3000,3000,3000,"fast","control_informative",0.05,5,0.01,"","mirage_joint","trait1","pp08_discoveries",0.8,1
20260869,57,500,15,3000,3000,3000,3000,"fast","control_informative",0.05,5,0.01,"","mirage_joint","trait2","pp08_power",0.8,0.2
20260869,57,500,15,3000,3000,3000,3000,"fast","control_informative",0.05,5,0.01,"","mirage_joint","trait2","pp08_fdp",0.8,0
20260869,57,500,15,3000,3000,3000,3000,"fast","control_informative",0.05,5,0.01,"","mirage_joint","trait2","pp08_discoveries",0.8,2
20260869,57,500,15,3000,3000,3000,3000,"fast","control_informative",0.05,5,0.01,"","mirage_joint","pleiotropy","pp08_power",0.8,0
20260869,57,500,15,3000,3000,3000,3000,"fast","control_informative",0.05,5,0.01,"","mirage_joint","pleiotropy","pp08_fdp",0.8,0
20260869,57,500,15,3000,3000,3000,3000,"fast","control_informative",0.05,5,0.01,"","mirage_joint","pleiotropy","pp08_discoveries",0.8,0
20260869,57,500,15,3000,3000,3000,3000,"fast","control_informative",0.05,5,0.01,"","mirage_joint","trait1","bfdr_observed_fdp",0.01,0
20260869,57,500,15,3000,3000,3000,3000,"fast","control_informative",0.05,5,0.01,"","mirage_joint","trait1","bfdr_estimate",0.01,0
20260869,57,500,15,3000,3000,3000,3000,"fast","control_informative",0.05,5,0.01,"","mirage_joint","trait1","bfdr_power",0.01,0
20260869,57,500,15,3000,3000,3000,3000,"fast","control_informative",0.05,5,0.01,"","mirage_joint","trait1","bfdr_discoveries",0.01,0
20260869,57,500,15,3000,3000,3000,3000,"fast","control_informative",0.05,5,0.01,"","mirage_joint","trait1","bfdr_observed_fdp",0.05,0
20260869,57,500,15,3000,3000,3000,3000,"fast","control_informative",0.05,5,0.01,"","mirage_joint","trait1","bfdr_estimate",0.05,0
20260869,57,500,15,3000,3000,3000,3000,"fast","control_informative",0.05,5,0.01,"","mirage_joint","trait1","bfdr_power",0.05,0
20260869,57,500,15,3000,3000,3000,3000,"fast","control_informative",0.05,5,0.01,"","mirage_joint","trait1","bfdr_discoveries",0.05,0
20260869,57,500,15,3000,3000,3000,3000,"fast","control_informative",0.05,5,0.01,"","mirage_joint","trait1","bfdr_observed_fdp",0.1,0
20260869,57,500,15,3000,3000,3000,3000,"fast","control_informative",0.05,5,0.01,"","mirage_joint","trait1","bfdr_estimate",0.1,0
20260869,57,500,15,3000,3000,3000,3000,"fast","control_informative",0.05,5,0.01,"","mirage_joint","trait1","bfdr_power",0.1,0
20260869,57,500,15,3000,3000,3000,3000,"fast","control_informative",0.05,5,0.01,"","mirage_joint","trait1","bfdr_discoveries",0.1,0
20260869,57,500,15,3000,3000,3000,3000,"fast","control_informative",0.05,5,0.01,"","mirage_joint","trait1","bfdr_observed_fdp",0.2,0
20260869,57,500,15,3000,3000,3000,3000,"fast","control_informative",0.05,5,0.01,"","mirage_joint","trait1","bfdr_estimate",0.2,0.190366750438894
20260869,57,500,15,3000,3000,3000,3000,"fast","control_informative",0.05,5,0.01,"","mirage_joint","trait1","bfdr_power",0.2,0.04
20260869,57,500,15,3000,3000,3000,3000,"fast","control_informative",0.05,5,0.01,"","mirage_joint","trait1","bfdr_discoveries",0.2,1
20260869,57,500,15,3000,3000,3000,3000,"fast","control_informative",0.05,5,0.01,"","mirage_joint","trait2","bfdr_observed_fdp",0.01,0
20260869,57,500,15,3000,3000,3000,3000,"fast","control_informative",0.05,5,0.01,"","mirage_joint","trait2","bfdr_estimate",0.01,1.49769086021934e-12
20260869,57,500,15,3000,3000,3000,3000,"fast","control_informative",0.05,5,0.01,"","mirage_joint","trait2","bfdr_power",0.01,0.1
20260869,57,500,15,3000,3000,3000,3000,"fast","control_informative",0.05,5,0.01,"","mirage_joint","trait2","bfdr_discoveries",0.01,1
20260869,57,500,15,3000,3000,3000,3000,"fast","control_informative",0.05,5,0.01,"","mirage_joint","trait2","bfdr_observed_fdp",0.05,0
20260869,57,500,15,3000,3000,3000,3000,"fast","control_informative",0.05,5,0.01,"","mirage_joint","trait2","bfdr_estimate",0.05,1.49769086021934e-12
20260869,57,500,15,3000,3000,3000,3000,"fast","control_informative",0.05,5,0.01,"","mirage_joint","trait2","bfdr_power",0.05,0.1
20260869,57,500,15,3000,3000,3000,3000,"fast","control_informative",0.05,5,0.01,"","mirage_joint","trait2","bfdr_discoveries",0.05,1
20260869,57,500,15,3000,3000,3000,3000,"fast","control_informative",0.05,5,0.01,"","mirage_joint","trait2","bfdr_observed_fdp",0.1,0
20260869,57,500,15,3000,3000,3000,3000,"fast","control_informative",0.05,5,0.01,"","mirage_joint","trait2","bfdr_estimate",0.1,0.0660905351981192
20260869,57,500,15,3000,3000,3000,3000,"fast","control_informative",0.05,5,0.01,"","mirage_joint","trait2","bfdr_power",0.1,0.2
20260869,57,500,15,3000,3000,3000,3000,"fast","control_informative",0.05,5,0.01,"","mirage_joint","trait2","bfdr_discoveries",0.1,2
20260869,57,500,15,3000,3000,3000,3000,"fast","control_informative",0.05,5,0.01,"","mirage_joint","trait2","bfdr_observed_fdp",0.2,0
20260869,57,500,15,3000,3000,3000,3000,"fast","control_informative",0.05,5,0.01,"","mirage_joint","trait2","bfdr_estimate",0.2,0.0660905351981192
20260869,57,500,15,3000,3000,3000,3000,"fast","control_informative",0.05,5,0.01,"","mirage_joint","trait2","bfdr_power",0.2,0.2
20260869,57,500,15,3000,3000,3000,3000,"fast","control_informative",0.05,5,0.01,"","mirage_joint","trait2","bfdr_discoveries",0.2,2
20260869,57,500,15,3000,3000,3000,3000,"fast","control_informative",0.05,5,0.01,"","mirage_joint","pleiotropy","bfdr_observed_fdp",0.01,0
20260869,57,500,15,3000,3000,3000,3000,"fast","control_informative",0.05,5,0.01,"","mirage_joint","pleiotropy","bfdr_estimate",0.01,0
20260869,57,500,15,3000,3000,3000,3000,"fast","control_informative",0.05,5,0.01,"","mirage_joint","pleiotropy","bfdr_power",0.01,0
20260869,57,500,15,3000,3000,3000,3000,"fast","control_informative",0.05,5,0.01,"","mirage_joint","pleiotropy","bfdr_discoveries",0.01,0
20260869,57,500,15,3000,3000,3000,3000,"fast","control_informative",0.05,5,0.01,"","mirage_joint","pleiotropy","bfdr_observed_fdp",0.05,0
20260869,57,500,15,3000,3000,3000,3000,"fast","control_informative",0.05,5,0.01,"","mirage_joint","pleiotropy","bfdr_estimate",0.05,0
20260869,57,500,15,3000,3000,3000,3000,"fast","control_informative",0.05,5,0.01,"","mirage_joint","pleiotropy","bfdr_power",0.05,0
20260869,57,500,15,3000,3000,3000,3000,"fast","control_informative",0.05,5,0.01,"","mirage_joint","pleiotropy","bfdr_discoveries",0.05,0
20260869,57,500,15,3000,3000,3000,3000,"fast","control_informative",0.05,5,0.01,"","mirage_joint","pleiotropy","bfdr_observed_fdp",0.1,0
20260869,57,500,15,3000,3000,3000,3000,"fast","control_informative",0.05,5,0.01,"","mirage_joint","pleiotropy","bfdr_estimate",0.1,0
20260869,57,500,15,3000,3000,3000,3000,"fast","control_informative",0.05,5,0.01,"","mirage_joint","pleiotropy","bfdr_power",0.1,0
20260869,57,500,15,3000,3000,3000,3000,"fast","control_informative",0.05,5,0.01,"","mirage_joint","pleiotropy","bfdr_discoveries",0.1,0
20260869,57,500,15,3000,3000,3000,3000,"fast","control_informative",0.05,5,0.01,"","mirage_joint","pleiotropy","bfdr_observed_fdp",0.2,0
20260869,57,500,15,3000,3000,3000,3000,"fast","control_informative",0.05,5,0.01,"","mirage_joint","pleiotropy","bfdr_estimate",0.2,0
20260869,57,500,15,3000,3000,3000,3000,"fast","control_informative",0.05,5,0.01,"","mirage_joint","pleiotropy","bfdr_power",0.2,0
20260869,57,500,15,3000,3000,3000,3000,"fast","control_informative",0.05,5,0.01,"","mirage_joint","pleiotropy","bfdr_discoveries",0.2,0
20260869,57,500,15,3000,3000,3000,3000,"fast","control_informative",0.05,5,0.01,"","mirage_joint","global","runtime_seconds",NA,18.9349999999999
20260869,57,500,15,3000,3000,3000,3000,"fast","control_informative",0.05,5,0.01,"","mirage_joint","pleiotropy","pi11_estimate",NA,0.0009041608510613
20260869,57,500,15,3000,3000,3000,3000,"fast","control_informative",0.05,5,0.01,"","separate_mirage","trait1","auc",NA,0.663326315789474
20260869,57,500,15,3000,3000,3000,3000,"fast","control_informative",0.05,5,0.01,"","separate_mirage","trait2","auc",NA,0.549183673469388
20260869,57,500,15,3000,3000,3000,3000,"fast","control_informative",0.05,5,0.01,"","separate_mirage","pleiotropy","auc",NA,0.553939393939394
20260869,57,500,15,3000,3000,3000,3000,"fast","control_informative",0.05,5,0.01,"","separate_mirage","trait1","pp08_power",0.8,0
20260869,57,500,15,3000,3000,3000,3000,"fast","control_informative",0.05,5,0.01,"","separate_mirage","trait1","pp08_fdp",0.8,0
20260869,57,500,15,3000,3000,3000,3000,"fast","control_informative",0.05,5,0.01,"","separate_mirage","trait1","pp08_discoveries",0.8,0
20260869,57,500,15,3000,3000,3000,3000,"fast","control_informative",0.05,5,0.01,"","separate_mirage","trait2","pp08_power",0.8,0.1
20260869,57,500,15,3000,3000,3000,3000,"fast","control_informative",0.05,5,0.01,"","separate_mirage","trait2","pp08_fdp",0.8,0
20260869,57,500,15,3000,3000,3000,3000,"fast","control_informative",0.05,5,0.01,"","separate_mirage","trait2","pp08_discoveries",0.8,1
20260869,57,500,15,3000,3000,3000,3000,"fast","control_informative",0.05,5,0.01,"","separate_mirage","pleiotropy","pp08_power",0.8,0
20260869,57,500,15,3000,3000,3000,3000,"fast","control_informative",0.05,5,0.01,"","separate_mirage","pleiotropy","pp08_fdp",0.8,0
20260869,57,500,15,3000,3000,3000,3000,"fast","control_informative",0.05,5,0.01,"","separate_mirage","pleiotropy","pp08_discoveries",0.8,0
20260869,57,500,15,3000,3000,3000,3000,"fast","control_informative",0.05,5,0.01,"","separate_mirage","trait1","bfdr_observed_fdp",0.01,0
20260869,57,500,15,3000,3000,3000,3000,"fast","control_informative",0.05,5,0.01,"","separate_mirage","trait1","bfdr_estimate",0.01,0
20260869,57,500,15,3000,3000,3000,3000,"fast","control_informative",0.05,5,0.01,"","separate_mirage","trait1","bfdr_power",0.01,0
20260869,57,500,15,3000,3000,3000,3000,"fast","control_informative",0.05,5,0.01,"","separate_mirage","trait1","bfdr_discoveries",0.01,0
20260869,57,500,15,3000,3000,3000,3000,"fast","control_informative",0.05,5,0.01,"","separate_mirage","trait1","bfdr_observed_fdp",0.05,0
20260869,57,500,15,3000,3000,3000,3000,"fast","control_informative",0.05,5,0.01,"","separate_mirage","trait1","bfdr_estimate",0.05,0
20260869,57,500,15,3000,3000,3000,3000,"fast","control_informative",0.05,5,0.01,"","separate_mirage","trait1","bfdr_power",0.05,0
20260869,57,500,15,3000,3000,3000,3000,"fast","control_informative",0.05,5,0.01,"","separate_mirage","trait1","bfdr_discoveries",0.05,0
20260869,57,500,15,3000,3000,3000,3000,"fast","control_informative",0.05,5,0.01,"","separate_mirage","trait1","bfdr_observed_fdp",0.1,0
20260869,57,500,15,3000,3000,3000,3000,"fast","control_informative",0.05,5,0.01,"","separate_mirage","trait1","bfdr_estimate",0.1,0
20260869,57,500,15,3000,3000,3000,3000,"fast","control_informative",0.05,5,0.01,"","separate_mirage","trait1","bfdr_power",0.1,0
20260869,57,500,15,3000,3000,3000,3000,"fast","control_informative",0.05,5,0.01,"","separate_mirage","trait1","bfdr_discoveries",0.1,0
20260869,57,500,15,3000,3000,3000,3000,"fast","control_informative",0.05,5,0.01,"","separate_mirage","trait1","bfdr_observed_fdp",0.2,0
20260869,57,500,15,3000,3000,3000,3000,"fast","control_informative",0.05,5,0.01,"","separate_mirage","trait1","bfdr_estimate",0.2,0
20260869,57,500,15,3000,3000,3000,3000,"fast","control_informative",0.05,5,0.01,"","separate_mirage","trait1","bfdr_power",0.2,0
20260869,57,500,15,3000,3000,3000,3000,"fast","control_informative",0.05,5,0.01,"","separate_mirage","trait1","bfdr_discoveries",0.2,0
20260869,57,500,15,3000,3000,3000,3000,"fast","control_informative",0.05,5,0.01,"","separate_mirage","trait2","bfdr_observed_fdp",0.01,0
20260869,57,500,15,3000,3000,3000,3000,"fast","control_informative",0.05,5,0.01,"","separate_mirage","trait2","bfdr_estimate",0.01,3.19466675335889e-12
20260869,57,500,15,3000,3000,3000,3000,"fast","control_informative",0.05,5,0.01,"","separate_mirage","trait2","bfdr_power",0.01,0.1
20260869,57,500,15,3000,3000,3000,3000,"fast","control_informative",0.05,5,0.01,"","separate_mirage","trait2","bfdr_discoveries",0.01,1
20260869,57,500,15,3000,3000,3000,3000,"fast","control_informative",0.05,5,0.01,"","separate_mirage","trait2","bfdr_observed_fdp",0.05,0
20260869,57,500,15,3000,3000,3000,3000,"fast","control_informative",0.05,5,0.01,"","separate_mirage","trait2","bfdr_estimate",0.05,3.19466675335889e-12
20260869,57,500,15,3000,3000,3000,3000,"fast","control_informative",0.05,5,0.01,"","separate_mirage","trait2","bfdr_power",0.05,0.1
20260869,57,500,15,3000,3000,3000,3000,"fast","control_informative",0.05,5,0.01,"","separate_mirage","trait2","bfdr_discoveries",0.05,1
20260869,57,500,15,3000,3000,3000,3000,"fast","control_informative",0.05,5,0.01,"","separate_mirage","trait2","bfdr_observed_fdp",0.1,0
20260869,57,500,15,3000,3000,3000,3000,"fast","control_informative",0.05,5,0.01,"","separate_mirage","trait2","bfdr_estimate",0.1,3.19466675335889e-12
20260869,57,500,15,3000,3000,3000,3000,"fast","control_informative",0.05,5,0.01,"","separate_mirage","trait2","bfdr_power",0.1,0.1
20260869,57,500,15,3000,3000,3000,3000,"fast","control_informative",0.05,5,0.01,"","separate_mirage","trait2","bfdr_discoveries",0.1,1
20260869,57,500,15,3000,3000,3000,3000,"fast","control_informative",0.05,5,0.01,"","separate_mirage","trait2","bfdr_observed_fdp",0.2,0
20260869,57,500,15,3000,3000,3000,3000,"fast","control_informative",0.05,5,0.01,"","separate_mirage","trait2","bfdr_estimate",0.2,0.108431373314975
20260869,57,500,15,3000,3000,3000,3000,"fast","control_informative",0.05,5,0.01,"","separate_mirage","trait2","bfdr_power",0.2,0.2
20260869,57,500,15,3000,3000,3000,3000,"fast","control_informative",0.05,5,0.01,"","separate_mirage","trait2","bfdr_discoveries",0.2,2
20260869,57,500,15,3000,3000,3000,3000,"fast","control_informative",0.05,5,0.01,"","separate_mirage","pleiotropy","bfdr_observed_fdp",0.01,0
20260869,57,500,15,3000,3000,3000,3000,"fast","control_informative",0.05,5,0.01,"","separate_mirage","pleiotropy","bfdr_estimate",0.01,0
20260869,57,500,15,3000,3000,3000,3000,"fast","control_informative",0.05,5,0.01,"","separate_mirage","pleiotropy","bfdr_power",0.01,0
20260869,57,500,15,3000,3000,3000,3000,"fast","control_informative",0.05,5,0.01,"","separate_mirage","pleiotropy","bfdr_discoveries",0.01,0
20260869,57,500,15,3000,3000,3000,3000,"fast","control_informative",0.05,5,0.01,"","separate_mirage","pleiotropy","bfdr_observed_fdp",0.05,0
20260869,57,500,15,3000,3000,3000,3000,"fast","control_informative",0.05,5,0.01,"","separate_mirage","pleiotropy","bfdr_estimate",0.05,0
20260869,57,500,15,3000,3000,3000,3000,"fast","control_informative",0.05,5,0.01,"","separate_mirage","pleiotropy","bfdr_power",0.05,0
20260869,57,500,15,3000,3000,3000,3000,"fast","control_informative",0.05,5,0.01,"","separate_mirage","pleiotropy","bfdr_discoveries",0.05,0
20260869,57,500,15,3000,3000,3000,3000,"fast","control_informative",0.05,5,0.01,"","separate_mirage","pleiotropy","bfdr_observed_fdp",0.1,0
20260869,57,500,15,3000,3000,3000,3000,"fast","control_informative",0.05,5,0.01,"","separate_mirage","pleiotropy","bfdr_estimate",0.1,0
20260869,57,500,15,3000,3000,3000,3000,"fast","control_informative",0.05,5,0.01,"","separate_mirage","pleiotropy","bfdr_power",0.1,0
20260869,57,500,15,3000,3000,3000,3000,"fast","control_informative",0.05,5,0.01,"","separate_mirage","pleiotropy","bfdr_discoveries",0.1,0
20260869,57,500,15,3000,3000,3000,3000,"fast","control_informative",0.05,5,0.01,"","separate_mirage","pleiotropy","bfdr_observed_fdp",0.2,0
20260869,57,500,15,3000,3000,3000,3000,"fast","control_informative",0.05,5,0.01,"","separate_mirage","pleiotropy","bfdr_estimate",0.2,0
20260869,57,500,15,3000,3000,3000,3000,"fast","control_informative",0.05,5,0.01,"","separate_mirage","pleiotropy","bfdr_power",0.2,0
20260869,57,500,15,3000,3000,3000,3000,"fast","control_informative",0.05,5,0.01,"","separate_mirage","pleiotropy","bfdr_discoveries",0.2,0
20260869,57,500,15,3000,3000,3000,3000,"fast","control_informative",0.05,5,0.01,"","separate_mirage","global","runtime_seconds",NA,18.4079999999999
20260869,57,500,15,3000,3000,3000,3000,"fast","control_informative",0.05,5,0.01,"","separate_mirage","pleiotropy","pi11_estimate",NA,0.001
20260869,57,500,15,3000,3000,3000,3000,"fast","control_informative",0.05,5,0.01,"","mtada_aggregated","trait1","auc",NA,0.6688
20260869,57,500,15,3000,3000,3000,3000,"fast","control_informative",0.05,5,0.01,"","mtada_aggregated","trait2","auc",NA,0.697142857142857
20260869,57,500,15,3000,3000,3000,3000,"fast","control_informative",0.05,5,0.01,"","mtada_aggregated","pleiotropy","auc",NA,0.86989898989899
20260869,57,500,15,3000,3000,3000,3000,"fast","control_informative",0.05,5,0.01,"","mtada_aggregated","trait1","pp08_power",0.8,0.24
20260869,57,500,15,3000,3000,3000,3000,"fast","control_informative",0.05,5,0.01,"","mtada_aggregated","trait1","pp08_fdp",0.8,0.869565217391304
20260869,57,500,15,3000,3000,3000,3000,"fast","control_informative",0.05,5,0.01,"","mtada_aggregated","trait1","pp08_discoveries",0.8,46
20260869,57,500,15,3000,3000,3000,3000,"fast","control_informative",0.05,5,0.01,"","mtada_aggregated","trait2","pp08_power",0.8,0.3
20260869,57,500,15,3000,3000,3000,3000,"fast","control_informative",0.05,5,0.01,"","mtada_aggregated","trait2","pp08_fdp",0.8,0.90625
20260869,57,500,15,3000,3000,3000,3000,"fast","control_informative",0.05,5,0.01,"","mtada_aggregated","trait2","pp08_discoveries",0.8,32
20260869,57,500,15,3000,3000,3000,3000,"fast","control_informative",0.05,5,0.01,"","mtada_aggregated","pleiotropy","pp08_power",0.8,0
20260869,57,500,15,3000,3000,3000,3000,"fast","control_informative",0.05,5,0.01,"","mtada_aggregated","pleiotropy","pp08_fdp",0.8,1
20260869,57,500,15,3000,3000,3000,3000,"fast","control_informative",0.05,5,0.01,"","mtada_aggregated","pleiotropy","pp08_discoveries",0.8,4
20260869,57,500,15,3000,3000,3000,3000,"fast","control_informative",0.05,5,0.01,"","mtada_aggregated","trait1","bfdr_observed_fdp",0.01,0.85
20260869,57,500,15,3000,3000,3000,3000,"fast","control_informative",0.05,5,0.01,"","mtada_aggregated","trait1","bfdr_estimate",0.01,0.00999447104898378
20260869,57,500,15,3000,3000,3000,3000,"fast","control_informative",0.05,5,0.01,"","mtada_aggregated","trait1","bfdr_power",0.01,0.24
20260869,57,500,15,3000,3000,3000,3000,"fast","control_informative",0.05,5,0.01,"","mtada_aggregated","trait1","bfdr_discoveries",0.01,40
20260869,57,500,15,3000,3000,3000,3000,"fast","control_informative",0.05,5,0.01,"","mtada_aggregated","trait1","bfdr_observed_fdp",0.05,0.862745098039216
20260869,57,500,15,3000,3000,3000,3000,"fast","control_informative",0.05,5,0.01,"","mtada_aggregated","trait1","bfdr_estimate",0.05,0.0471602923941946
20260869,57,500,15,3000,3000,3000,3000,"fast","control_informative",0.05,5,0.01,"","mtada_aggregated","trait1","bfdr_power",0.05,0.28
20260869,57,500,15,3000,3000,3000,3000,"fast","control_informative",0.05,5,0.01,"","mtada_aggregated","trait1","bfdr_discoveries",0.05,51
20260869,57,500,15,3000,3000,3000,3000,"fast","control_informative",0.05,5,0.01,"","mtada_aggregated","trait1","bfdr_observed_fdp",0.1,0.859649122807018
20260869,57,500,15,3000,3000,3000,3000,"fast","control_informative",0.05,5,0.01,"","mtada_aggregated","trait1","bfdr_estimate",0.1,0.0954432106928792
20260869,57,500,15,3000,3000,3000,3000,"fast","control_informative",0.05,5,0.01,"","mtada_aggregated","trait1","bfdr_power",0.1,0.32
20260869,57,500,15,3000,3000,3000,3000,"fast","control_informative",0.05,5,0.01,"","mtada_aggregated","trait1","bfdr_discoveries",0.1,57
20260869,57,500,15,3000,3000,3000,3000,"fast","control_informative",0.05,5,0.01,"","mtada_aggregated","trait1","bfdr_observed_fdp",0.2,0.82089552238806
20260869,57,500,15,3000,3000,3000,3000,"fast","control_informative",0.05,5,0.01,"","mtada_aggregated","trait1","bfdr_estimate",0.2,0.190867911290187
20260869,57,500,15,3000,3000,3000,3000,"fast","control_informative",0.05,5,0.01,"","mtada_aggregated","trait1","bfdr_power",0.2,0.48
20260869,57,500,15,3000,3000,3000,3000,"fast","control_informative",0.05,5,0.01,"","mtada_aggregated","trait1","bfdr_discoveries",0.2,67
20260869,57,500,15,3000,3000,3000,3000,"fast","control_informative",0.05,5,0.01,"","mtada_aggregated","trait2","bfdr_observed_fdp",0.01,0.88
20260869,57,500,15,3000,3000,3000,3000,"fast","control_informative",0.05,5,0.01,"","mtada_aggregated","trait2","bfdr_estimate",0.01,0.00820265523721139
20260869,57,500,15,3000,3000,3000,3000,"fast","control_informative",0.05,5,0.01,"","mtada_aggregated","trait2","bfdr_power",0.01,0.3
20260869,57,500,15,3000,3000,3000,3000,"fast","control_informative",0.05,5,0.01,"","mtada_aggregated","trait2","bfdr_discoveries",0.01,25
20260869,57,500,15,3000,3000,3000,3000,"fast","control_informative",0.05,5,0.01,"","mtada_aggregated","trait2","bfdr_observed_fdp",0.05,0.911764705882353
20260869,57,500,15,3000,3000,3000,3000,"fast","control_informative",0.05,5,0.01,"","mtada_aggregated","trait2","bfdr_estimate",0.05,0.0450721271825439
20260869,57,500,15,3000,3000,3000,3000,"fast","control_informative",0.05,5,0.01,"","mtada_aggregated","trait2","bfdr_power",0.05,0.3
20260869,57,500,15,3000,3000,3000,3000,"fast","control_informative",0.05,5,0.01,"","mtada_aggregated","trait2","bfdr_discoveries",0.05,34
20260869,57,500,15,3000,3000,3000,3000,"fast","control_informative",0.05,5,0.01,"","mtada_aggregated","trait2","bfdr_observed_fdp",0.1,0.923076923076923
20260869,57,500,15,3000,3000,3000,3000,"fast","control_informative",0.05,5,0.01,"","mtada_aggregated","trait2","bfdr_estimate",0.1,0.0966663053192049
20260869,57,500,15,3000,3000,3000,3000,"fast","control_informative",0.05,5,0.01,"","mtada_aggregated","trait2","bfdr_power",0.1,0.3
20260869,57,500,15,3000,3000,3000,3000,"fast","control_informative",0.05,5,0.01,"","mtada_aggregated","trait2","bfdr_discoveries",0.1,39
20260869,57,500,15,3000,3000,3000,3000,"fast","control_informative",0.05,5,0.01,"","mtada_aggregated","trait2","bfdr_observed_fdp",0.2,0.936170212765957
20260869,57,500,15,3000,3000,3000,3000,"fast","control_informative",0.05,5,0.01,"","mtada_aggregated","trait2","bfdr_estimate",0.2,0.192628717028719
20260869,57,500,15,3000,3000,3000,3000,"fast","control_informative",0.05,5,0.01,"","mtada_aggregated","trait2","bfdr_power",0.2,0.3
20260869,57,500,15,3000,3000,3000,3000,"fast","control_informative",0.05,5,0.01,"","mtada_aggregated","trait2","bfdr_discoveries",0.2,47
20260869,57,500,15,3000,3000,3000,3000,"fast","control_informative",0.05,5,0.01,"","mtada_aggregated","pleiotropy","bfdr_observed_fdp",0.01,1
20260869,57,500,15,3000,3000,3000,3000,"fast","control_informative",0.05,5,0.01,"","mtada_aggregated","pleiotropy","bfdr_estimate",0.01,0.00893142441550876
20260869,57,500,15,3000,3000,3000,3000,"fast","control_informative",0.05,5,0.01,"","mtada_aggregated","pleiotropy","bfdr_power",0.01,0
20260869,57,500,15,3000,3000,3000,3000,"fast","control_informative",0.05,5,0.01,"","mtada_aggregated","pleiotropy","bfdr_discoveries",0.01,3
20260869,57,500,15,3000,3000,3000,3000,"fast","control_informative",0.05,5,0.01,"","mtada_aggregated","pleiotropy","bfdr_observed_fdp",0.05,1
20260869,57,500,15,3000,3000,3000,3000,"fast","control_informative",0.05,5,0.01,"","mtada_aggregated","pleiotropy","bfdr_estimate",0.05,0.0178413248434381
20260869,57,500,15,3000,3000,3000,3000,"fast","control_informative",0.05,5,0.01,"","mtada_aggregated","pleiotropy","bfdr_power",0.05,0
20260869,57,500,15,3000,3000,3000,3000,"fast","control_informative",0.05,5,0.01,"","mtada_aggregated","pleiotropy","bfdr_discoveries",0.05,4
20260869,57,500,15,3000,3000,3000,3000,"fast","control_informative",0.05,5,0.01,"","mtada_aggregated","pleiotropy","bfdr_observed_fdp",0.1,1
20260869,57,500,15,3000,3000,3000,3000,"fast","control_informative",0.05,5,0.01,"","mtada_aggregated","pleiotropy","bfdr_estimate",0.1,0.0944796524137564
20260869,57,500,15,3000,3000,3000,3000,"fast","control_informative",0.05,5,0.01,"","mtada_aggregated","pleiotropy","bfdr_power",0.1,0
20260869,57,500,15,3000,3000,3000,3000,"fast","control_informative",0.05,5,0.01,"","mtada_aggregated","pleiotropy","bfdr_discoveries",0.1,5
20260869,57,500,15,3000,3000,3000,3000,"fast","control_informative",0.05,5,0.01,"","mtada_aggregated","pleiotropy","bfdr_observed_fdp",0.2,1
20260869,57,500,15,3000,3000,3000,3000,"fast","control_informative",0.05,5,0.01,"","mtada_aggregated","pleiotropy","bfdr_estimate",0.2,0.152468074249698
20260869,57,500,15,3000,3000,3000,3000,"fast","control_informative",0.05,5,0.01,"","mtada_aggregated","pleiotropy","bfdr_power",0.2,0
20260869,57,500,15,3000,3000,3000,3000,"fast","control_informative",0.05,5,0.01,"","mtada_aggregated","pleiotropy","bfdr_discoveries",0.2,6
20260869,57,500,15,3000,3000,3000,3000,"fast","control_informative",0.05,5,0.01,"","mtada_aggregated","global","runtime_seconds",NA,0.744000000000142
20260869,57,500,15,3000,3000,3000,3000,"fast","control_informative",0.05,5,0.01,"","mtada_aggregated","pleiotropy","pi11_estimate",NA,0.00183563
20260870,58,500,15,3000,3000,3000,3000,"fast","control_informative",0.05,5,0.01,"","mirage_joint","trait1","auc",NA,0.779284210526316
20260870,58,500,15,3000,3000,3000,3000,"fast","control_informative",0.05,5,0.01,"","mirage_joint","trait2","auc",NA,0.717959183673469
20260870,58,500,15,3000,3000,3000,3000,"fast","control_informative",0.05,5,0.01,"","mirage_joint","pleiotropy","auc",NA,0.961616161616162
20260870,58,500,15,3000,3000,3000,3000,"fast","control_informative",0.05,5,0.01,"","mirage_joint","trait1","pp08_power",0.8,0.2
20260870,58,500,15,3000,3000,3000,3000,"fast","control_informative",0.05,5,0.01,"","mirage_joint","trait1","pp08_fdp",0.8,0
20260870,58,500,15,3000,3000,3000,3000,"fast","control_informative",0.05,5,0.01,"","mirage_joint","trait1","pp08_discoveries",0.8,5
20260870,58,500,15,3000,3000,3000,3000,"fast","control_informative",0.05,5,0.01,"","mirage_joint","trait2","pp08_power",0.8,0
20260870,58,500,15,3000,3000,3000,3000,"fast","control_informative",0.05,5,0.01,"","mirage_joint","trait2","pp08_fdp",0.8,0
20260870,58,500,15,3000,3000,3000,3000,"fast","control_informative",0.05,5,0.01,"","mirage_joint","trait2","pp08_discoveries",0.8,0
20260870,58,500,15,3000,3000,3000,3000,"fast","control_informative",0.05,5,0.01,"","mirage_joint","pleiotropy","pp08_power",0.8,0
20260870,58,500,15,3000,3000,3000,3000,"fast","control_informative",0.05,5,0.01,"","mirage_joint","pleiotropy","pp08_fdp",0.8,0
20260870,58,500,15,3000,3000,3000,3000,"fast","control_informative",0.05,5,0.01,"","mirage_joint","pleiotropy","pp08_discoveries",0.8,0
20260870,58,500,15,3000,3000,3000,3000,"fast","control_informative",0.05,5,0.01,"","mirage_joint","trait1","bfdr_observed_fdp",0.01,0
20260870,58,500,15,3000,3000,3000,3000,"fast","control_informative",0.05,5,0.01,"","mirage_joint","trait1","bfdr_estimate",0.01,0.000407136649398426
20260870,58,500,15,3000,3000,3000,3000,"fast","control_informative",0.05,5,0.01,"","mirage_joint","trait1","bfdr_power",0.01,0.16
20260870,58,500,15,3000,3000,3000,3000,"fast","control_informative",0.05,5,0.01,"","mirage_joint","trait1","bfdr_discoveries",0.01,4
20260870,58,500,15,3000,3000,3000,3000,"fast","control_informative",0.05,5,0.01,"","mirage_joint","trait1","bfdr_observed_fdp",0.05,0
20260870,58,500,15,3000,3000,3000,3000,"fast","control_informative",0.05,5,0.01,"","mirage_joint","trait1","bfdr_estimate",0.05,0.0182443324858985
20260870,58,500,15,3000,3000,3000,3000,"fast","control_informative",0.05,5,0.01,"","mirage_joint","trait1","bfdr_power",0.05,0.2
20260870,58,500,15,3000,3000,3000,3000,"fast","control_informative",0.05,5,0.01,"","mirage_joint","trait1","bfdr_discoveries",0.05,5
20260870,58,500,15,3000,3000,3000,3000,"fast","control_informative",0.05,5,0.01,"","mirage_joint","trait1","bfdr_observed_fdp",0.1,0
20260870,58,500,15,3000,3000,3000,3000,"fast","control_informative",0.05,5,0.01,"","mirage_joint","trait1","bfdr_estimate",0.1,0.0607936861465075
20260870,58,500,15,3000,3000,3000,3000,"fast","control_informative",0.05,5,0.01,"","mirage_joint","trait1","bfdr_power",0.1,0.24
20260870,58,500,15,3000,3000,3000,3000,"fast","control_informative",0.05,5,0.01,"","mirage_joint","trait1","bfdr_discoveries",0.1,6
20260870,58,500,15,3000,3000,3000,3000,"fast","control_informative",0.05,5,0.01,"","mirage_joint","trait1","bfdr_observed_fdp",0.2,0.111111111111111
20260870,58,500,15,3000,3000,3000,3000,"fast","control_informative",0.05,5,0.01,"","mirage_joint","trait1","bfdr_estimate",0.2,0.169967599449711
20260870,58,500,15,3000,3000,3000,3000,"fast","control_informative",0.05,5,0.01,"","mirage_joint","trait1","bfdr_power",0.2,0.32
20260870,58,500,15,3000,3000,3000,3000,"fast","control_informative",0.05,5,0.01,"","mirage_joint","trait1","bfdr_discoveries",0.2,9
20260870,58,500,15,3000,3000,3000,3000,"fast","control_informative",0.05,5,0.01,"","mirage_joint","trait2","bfdr_observed_fdp",0.01,0
20260870,58,500,15,3000,3000,3000,3000,"fast","control_informative",0.05,5,0.01,"","mirage_joint","trait2","bfdr_estimate",0.01,0
20260870,58,500,15,3000,3000,3000,3000,"fast","control_informative",0.05,5,0.01,"","mirage_joint","trait2","bfdr_power",0.01,0
20260870,58,500,15,3000,3000,3000,3000,"fast","control_informative",0.05,5,0.01,"","mirage_joint","trait2","bfdr_discoveries",0.01,0
20260870,58,500,15,3000,3000,3000,3000,"fast","control_informative",0.05,5,0.01,"","mirage_joint","trait2","bfdr_observed_fdp",0.05,0
20260870,58,500,15,3000,3000,3000,3000,"fast","control_informative",0.05,5,0.01,"","mirage_joint","trait2","bfdr_estimate",0.05,0
20260870,58,500,15,3000,3000,3000,3000,"fast","control_informative",0.05,5,0.01,"","mirage_joint","trait2","bfdr_power",0.05,0
20260870,58,500,15,3000,3000,3000,3000,"fast","control_informative",0.05,5,0.01,"","mirage_joint","trait2","bfdr_discoveries",0.05,0
20260870,58,500,15,3000,3000,3000,3000,"fast","control_informative",0.05,5,0.01,"","mirage_joint","trait2","bfdr_observed_fdp",0.1,0
20260870,58,500,15,3000,3000,3000,3000,"fast","control_informative",0.05,5,0.01,"","mirage_joint","trait2","bfdr_estimate",0.1,0
20260870,58,500,15,3000,3000,3000,3000,"fast","control_informative",0.05,5,0.01,"","mirage_joint","trait2","bfdr_power",0.1,0
20260870,58,500,15,3000,3000,3000,3000,"fast","control_informative",0.05,5,0.01,"","mirage_joint","trait2","bfdr_discoveries",0.1,0
20260870,58,500,15,3000,3000,3000,3000,"fast","control_informative",0.05,5,0.01,"","mirage_joint","trait2","bfdr_observed_fdp",0.2,0
20260870,58,500,15,3000,3000,3000,3000,"fast","control_informative",0.05,5,0.01,"","mirage_joint","trait2","bfdr_estimate",0.2,0
20260870,58,500,15,3000,3000,3000,3000,"fast","control_informative",0.05,5,0.01,"","mirage_joint","trait2","bfdr_power",0.2,0
20260870,58,500,15,3000,3000,3000,3000,"fast","control_informative",0.05,5,0.01,"","mirage_joint","trait2","bfdr_discoveries",0.2,0
20260870,58,500,15,3000,3000,3000,3000,"fast","control_informative",0.05,5,0.01,"","mirage_joint","pleiotropy","bfdr_observed_fdp",0.01,0
20260870,58,500,15,3000,3000,3000,3000,"fast","control_informative",0.05,5,0.01,"","mirage_joint","pleiotropy","bfdr_estimate",0.01,0
20260870,58,500,15,3000,3000,3000,3000,"fast","control_informative",0.05,5,0.01,"","mirage_joint","pleiotropy","bfdr_power",0.01,0
20260870,58,500,15,3000,3000,3000,3000,"fast","control_informative",0.05,5,0.01,"","mirage_joint","pleiotropy","bfdr_discoveries",0.01,0
20260870,58,500,15,3000,3000,3000,3000,"fast","control_informative",0.05,5,0.01,"","mirage_joint","pleiotropy","bfdr_observed_fdp",0.05,0
20260870,58,500,15,3000,3000,3000,3000,"fast","control_informative",0.05,5,0.01,"","mirage_joint","pleiotropy","bfdr_estimate",0.05,0
20260870,58,500,15,3000,3000,3000,3000,"fast","control_informative",0.05,5,0.01,"","mirage_joint","pleiotropy","bfdr_power",0.05,0
20260870,58,500,15,3000,3000,3000,3000,"fast","control_informative",0.05,5,0.01,"","mirage_joint","pleiotropy","bfdr_discoveries",0.05,0
20260870,58,500,15,3000,3000,3000,3000,"fast","control_informative",0.05,5,0.01,"","mirage_joint","pleiotropy","bfdr_observed_fdp",0.1,0
20260870,58,500,15,3000,3000,3000,3000,"fast","control_informative",0.05,5,0.01,"","mirage_joint","pleiotropy","bfdr_estimate",0.1,0
20260870,58,500,15,3000,3000,3000,3000,"fast","control_informative",0.05,5,0.01,"","mirage_joint","pleiotropy","bfdr_power",0.1,0
20260870,58,500,15,3000,3000,3000,3000,"fast","control_informative",0.05,5,0.01,"","mirage_joint","pleiotropy","bfdr_discoveries",0.1,0
20260870,58,500,15,3000,3000,3000,3000,"fast","control_informative",0.05,5,0.01,"","mirage_joint","pleiotropy","bfdr_observed_fdp",0.2,0
20260870,58,500,15,3000,3000,3000,3000,"fast","control_informative",0.05,5,0.01,"","mirage_joint","pleiotropy","bfdr_estimate",0.2,0
20260870,58,500,15,3000,3000,3000,3000,"fast","control_informative",0.05,5,0.01,"","mirage_joint","pleiotropy","bfdr_power",0.2,0
20260870,58,500,15,3000,3000,3000,3000,"fast","control_informative",0.05,5,0.01,"","mirage_joint","pleiotropy","bfdr_discoveries",0.2,0
20260870,58,500,15,3000,3000,3000,3000,"fast","control_informative",0.05,5,0.01,"","mirage_joint","global","runtime_seconds",NA,18.692
20260870,58,500,15,3000,3000,3000,3000,"fast","control_informative",0.05,5,0.01,"","mirage_joint","pleiotropy","pi11_estimate",NA,0.0442886887374671
20260870,58,500,15,3000,3000,3000,3000,"fast","control_informative",0.05,5,0.01,"","separate_mirage","trait1","auc",NA,0.799242105263158
20260870,58,500,15,3000,3000,3000,3000,"fast","control_informative",0.05,5,0.01,"","separate_mirage","trait2","auc",NA,0.541632653061225
20260870,58,500,15,3000,3000,3000,3000,"fast","control_informative",0.05,5,0.01,"","separate_mirage","pleiotropy","auc",NA,0.934545454545455
20260870,58,500,15,3000,3000,3000,3000,"fast","control_informative",0.05,5,0.01,"","separate_mirage","trait1","pp08_power",0.8,0.2
20260870,58,500,15,3000,3000,3000,3000,"fast","control_informative",0.05,5,0.01,"","separate_mirage","trait1","pp08_fdp",0.8,0
20260870,58,500,15,3000,3000,3000,3000,"fast","control_informative",0.05,5,0.01,"","separate_mirage","trait1","pp08_discoveries",0.8,5
20260870,58,500,15,3000,3000,3000,3000,"fast","control_informative",0.05,5,0.01,"","separate_mirage","trait2","pp08_power",0.8,0
20260870,58,500,15,3000,3000,3000,3000,"fast","control_informative",0.05,5,0.01,"","separate_mirage","trait2","pp08_fdp",0.8,0
20260870,58,500,15,3000,3000,3000,3000,"fast","control_informative",0.05,5,0.01,"","separate_mirage","trait2","pp08_discoveries",0.8,0
20260870,58,500,15,3000,3000,3000,3000,"fast","control_informative",0.05,5,0.01,"","separate_mirage","pleiotropy","pp08_power",0.8,0
20260870,58,500,15,3000,3000,3000,3000,"fast","control_informative",0.05,5,0.01,"","separate_mirage","pleiotropy","pp08_fdp",0.8,0
20260870,58,500,15,3000,3000,3000,3000,"fast","control_informative",0.05,5,0.01,"","separate_mirage","pleiotropy","pp08_discoveries",0.8,0
20260870,58,500,15,3000,3000,3000,3000,"fast","control_informative",0.05,5,0.01,"","separate_mirage","trait1","bfdr_observed_fdp",0.01,0
20260870,58,500,15,3000,3000,3000,3000,"fast","control_informative",0.05,5,0.01,"","separate_mirage","trait1","bfdr_estimate",0.01,0.000647205293067332
20260870,58,500,15,3000,3000,3000,3000,"fast","control_informative",0.05,5,0.01,"","separate_mirage","trait1","bfdr_power",0.01,0.16
20260870,58,500,15,3000,3000,3000,3000,"fast","control_informative",0.05,5,0.01,"","separate_mirage","trait1","bfdr_discoveries",0.01,4
20260870,58,500,15,3000,3000,3000,3000,"fast","control_informative",0.05,5,0.01,"","separate_mirage","trait1","bfdr_observed_fdp",0.05,0
20260870,58,500,15,3000,3000,3000,3000,"fast","control_informative",0.05,5,0.01,"","separate_mirage","trait1","bfdr_estimate",0.05,0.0327671563580242
20260870,58,500,15,3000,3000,3000,3000,"fast","control_informative",0.05,5,0.01,"","separate_mirage","trait1","bfdr_power",0.05,0.2
20260870,58,500,15,3000,3000,3000,3000,"fast","control_informative",0.05,5,0.01,"","separate_mirage","trait1","bfdr_discoveries",0.05,5
20260870,58,500,15,3000,3000,3000,3000,"fast","control_informative",0.05,5,0.01,"","separate_mirage","trait1","bfdr_observed_fdp",0.1,0
20260870,58,500,15,3000,3000,3000,3000,"fast","control_informative",0.05,5,0.01,"","separate_mirage","trait1","bfdr_estimate",0.1,0.0931149733337743
20260870,58,500,15,3000,3000,3000,3000,"fast","control_informative",0.05,5,0.01,"","separate_mirage","trait1","bfdr_power",0.1,0.24
20260870,58,500,15,3000,3000,3000,3000,"fast","control_informative",0.05,5,0.01,"","separate_mirage","trait1","bfdr_discoveries",0.1,6
20260870,58,500,15,3000,3000,3000,3000,"fast","control_informative",0.05,5,0.01,"","separate_mirage","trait1","bfdr_observed_fdp",0.2,0
20260870,58,500,15,3000,3000,3000,3000,"fast","control_informative",0.05,5,0.01,"","separate_mirage","trait1","bfdr_estimate",0.2,0.196097782434881
20260870,58,500,15,3000,3000,3000,3000,"fast","control_informative",0.05,5,0.01,"","separate_mirage","trait1","bfdr_power",0.2,0.32
20260870,58,500,15,3000,3000,3000,3000,"fast","control_informative",0.05,5,0.01,"","separate_mirage","trait1","bfdr_discoveries",0.2,8
20260870,58,500,15,3000,3000,3000,3000,"fast","control_informative",0.05,5,0.01,"","separate_mirage","trait2","bfdr_observed_fdp",0.01,0
20260870,58,500,15,3000,3000,3000,3000,"fast","control_informative",0.05,5,0.01,"","separate_mirage","trait2","bfdr_estimate",0.01,0
20260870,58,500,15,3000,3000,3000,3000,"fast","control_informative",0.05,5,0.01,"","separate_mirage","trait2","bfdr_power",0.01,0
20260870,58,500,15,3000,3000,3000,3000,"fast","control_informative",0.05,5,0.01,"","separate_mirage","trait2","bfdr_discoveries",0.01,0
20260870,58,500,15,3000,3000,3000,3000,"fast","control_informative",0.05,5,0.01,"","separate_mirage","trait2","bfdr_observed_fdp",0.05,0
20260870,58,500,15,3000,3000,3000,3000,"fast","control_informative",0.05,5,0.01,"","separate_mirage","trait2","bfdr_estimate",0.05,0
20260870,58,500,15,3000,3000,3000,3000,"fast","control_informative",0.05,5,0.01,"","separate_mirage","trait2","bfdr_power",0.05,0
20260870,58,500,15,3000,3000,3000,3000,"fast","control_informative",0.05,5,0.01,"","separate_mirage","trait2","bfdr_discoveries",0.05,0
20260870,58,500,15,3000,3000,3000,3000,"fast","control_informative",0.05,5,0.01,"","separate_mirage","trait2","bfdr_observed_fdp",0.1,0
20260870,58,500,15,3000,3000,3000,3000,"fast","control_informative",0.05,5,0.01,"","separate_mirage","trait2","bfdr_estimate",0.1,0
20260870,58,500,15,3000,3000,3000,3000,"fast","control_informative",0.05,5,0.01,"","separate_mirage","trait2","bfdr_power",0.1,0
20260870,58,500,15,3000,3000,3000,3000,"fast","control_informative",0.05,5,0.01,"","separate_mirage","trait2","bfdr_discoveries",0.1,0
20260870,58,500,15,3000,3000,3000,3000,"fast","control_informative",0.05,5,0.01,"","separate_mirage","trait2","bfdr_observed_fdp",0.2,0
20260870,58,500,15,3000,3000,3000,3000,"fast","control_informative",0.05,5,0.01,"","separate_mirage","trait2","bfdr_estimate",0.2,0
20260870,58,500,15,3000,3000,3000,3000,"fast","control_informative",0.05,5,0.01,"","separate_mirage","trait2","bfdr_power",0.2,0
20260870,58,500,15,3000,3000,3000,3000,"fast","control_informative",0.05,5,0.01,"","separate_mirage","trait2","bfdr_discoveries",0.2,0
20260870,58,500,15,3000,3000,3000,3000,"fast","control_informative",0.05,5,0.01,"","separate_mirage","pleiotropy","bfdr_observed_fdp",0.01,0
20260870,58,500,15,3000,3000,3000,3000,"fast","control_informative",0.05,5,0.01,"","separate_mirage","pleiotropy","bfdr_estimate",0.01,0
20260870,58,500,15,3000,3000,3000,3000,"fast","control_informative",0.05,5,0.01,"","separate_mirage","pleiotropy","bfdr_power",0.01,0
20260870,58,500,15,3000,3000,3000,3000,"fast","control_informative",0.05,5,0.01,"","separate_mirage","pleiotropy","bfdr_discoveries",0.01,0
20260870,58,500,15,3000,3000,3000,3000,"fast","control_informative",0.05,5,0.01,"","separate_mirage","pleiotropy","bfdr_observed_fdp",0.05,0
20260870,58,500,15,3000,3000,3000,3000,"fast","control_informative",0.05,5,0.01,"","separate_mirage","pleiotropy","bfdr_estimate",0.05,0
20260870,58,500,15,3000,3000,3000,3000,"fast","control_informative",0.05,5,0.01,"","separate_mirage","pleiotropy","bfdr_power",0.05,0
20260870,58,500,15,3000,3000,3000,3000,"fast","control_informative",0.05,5,0.01,"","separate_mirage","pleiotropy","bfdr_discoveries",0.05,0
20260870,58,500,15,3000,3000,3000,3000,"fast","control_informative",0.05,5,0.01,"","separate_mirage","pleiotropy","bfdr_observed_fdp",0.1,0
20260870,58,500,15,3000,3000,3000,3000,"fast","control_informative",0.05,5,0.01,"","separate_mirage","pleiotropy","bfdr_estimate",0.1,0
20260870,58,500,15,3000,3000,3000,3000,"fast","control_informative",0.05,5,0.01,"","separate_mirage","pleiotropy","bfdr_power",0.1,0
20260870,58,500,15,3000,3000,3000,3000,"fast","control_informative",0.05,5,0.01,"","separate_mirage","pleiotropy","bfdr_discoveries",0.1,0
20260870,58,500,15,3000,3000,3000,3000,"fast","control_informative",0.05,5,0.01,"","separate_mirage","pleiotropy","bfdr_observed_fdp",0.2,0
20260870,58,500,15,3000,3000,3000,3000,"fast","control_informative",0.05,5,0.01,"","separate_mirage","pleiotropy","bfdr_estimate",0.2,0
20260870,58,500,15,3000,3000,3000,3000,"fast","control_informative",0.05,5,0.01,"","separate_mirage","pleiotropy","bfdr_power",0.2,0
20260870,58,500,15,3000,3000,3000,3000,"fast","control_informative",0.05,5,0.01,"","separate_mirage","pleiotropy","bfdr_discoveries",0.2,0
20260870,58,500,15,3000,3000,3000,3000,"fast","control_informative",0.05,5,0.01,"","separate_mirage","global","runtime_seconds",NA,18.548
20260870,58,500,15,3000,3000,3000,3000,"fast","control_informative",0.05,5,0.01,"","separate_mirage","pleiotropy","pi11_estimate",NA,0.001
20260870,58,500,15,3000,3000,3000,3000,"fast","control_informative",0.05,5,0.01,"","mtada_aggregated","trait1","auc",NA,0.7984
20260870,58,500,15,3000,3000,3000,3000,"fast","control_informative",0.05,5,0.01,"","mtada_aggregated","trait2","auc",NA,0.513469387755102
20260870,58,500,15,3000,3000,3000,3000,"fast","control_informative",0.05,5,0.01,"","mtada_aggregated","pleiotropy","auc",NA,0.724040404040404
20260870,58,500,15,3000,3000,3000,3000,"fast","control_informative",0.05,5,0.01,"","mtada_aggregated","trait1","pp08_power",0.8,0.36
20260870,58,500,15,3000,3000,3000,3000,"fast","control_informative",0.05,5,0.01,"","mtada_aggregated","trait1","pp08_fdp",0.8,0.823529411764706
20260870,58,500,15,3000,3000,3000,3000,"fast","control_informative",0.05,5,0.01,"","mtada_aggregated","trait1","pp08_discoveries",0.8,51
20260870,58,500,15,3000,3000,3000,3000,"fast","control_informative",0.05,5,0.01,"","mtada_aggregated","trait2","pp08_power",0.8,0.1
20260870,58,500,15,3000,3000,3000,3000,"fast","control_informative",0.05,5,0.01,"","mtada_aggregated","trait2","pp08_fdp",0.8,0.966666666666667
20260870,58,500,15,3000,3000,3000,3000,"fast","control_informative",0.05,5,0.01,"","mtada_aggregated","trait2","pp08_discoveries",0.8,30
20260870,58,500,15,3000,3000,3000,3000,"fast","control_informative",0.05,5,0.01,"","mtada_aggregated","pleiotropy","pp08_power",0.8,0
20260870,58,500,15,3000,3000,3000,3000,"fast","control_informative",0.05,5,0.01,"","mtada_aggregated","pleiotropy","pp08_fdp",0.8,1
20260870,58,500,15,3000,3000,3000,3000,"fast","control_informative",0.05,5,0.01,"","mtada_aggregated","pleiotropy","pp08_discoveries",0.8,3
20260870,58,500,15,3000,3000,3000,3000,"fast","control_informative",0.05,5,0.01,"","mtada_aggregated","trait1","bfdr_observed_fdp",0.01,0.816326530612245
20260870,58,500,15,3000,3000,3000,3000,"fast","control_informative",0.05,5,0.01,"","mtada_aggregated","trait1","bfdr_estimate",0.01,0.00944824781369353
20260870,58,500,15,3000,3000,3000,3000,"fast","control_informative",0.05,5,0.01,"","mtada_aggregated","trait1","bfdr_power",0.01,0.36
20260870,58,500,15,3000,3000,3000,3000,"fast","control_informative",0.05,5,0.01,"","mtada_aggregated","trait1","bfdr_discoveries",0.01,49
20260870,58,500,15,3000,3000,3000,3000,"fast","control_informative",0.05,5,0.01,"","mtada_aggregated","trait1","bfdr_observed_fdp",0.05,0.842105263157895
20260870,58,500,15,3000,3000,3000,3000,"fast","control_informative",0.05,5,0.01,"","mtada_aggregated","trait1","bfdr_estimate",0.05,0.04744545888526
20260870,58,500,15,3000,3000,3000,3000,"fast","control_informative",0.05,5,0.01,"","mtada_aggregated","trait1","bfdr_power",0.05,0.36
20260870,58,500,15,3000,3000,3000,3000,"fast","control_informative",0.05,5,0.01,"","mtada_aggregated","trait1","bfdr_discoveries",0.05,57
20260870,58,500,15,3000,3000,3000,3000,"fast","control_informative",0.05,5,0.01,"","mtada_aggregated","trait1","bfdr_observed_fdp",0.1,0.815384615384615
20260870,58,500,15,3000,3000,3000,3000,"fast","control_informative",0.05,5,0.01,"","mtada_aggregated","trait1","bfdr_estimate",0.1,0.0995047303117088
20260870,58,500,15,3000,3000,3000,3000,"fast","control_informative",0.05,5,0.01,"","mtada_aggregated","trait1","bfdr_power",0.1,0.48
20260870,58,500,15,3000,3000,3000,3000,"fast","control_informative",0.05,5,0.01,"","mtada_aggregated","trait1","bfdr_discoveries",0.1,65
20260870,58,500,15,3000,3000,3000,3000,"fast","control_informative",0.05,5,0.01,"","mtada_aggregated","trait1","bfdr_observed_fdp",0.2,0.844155844155844
20260870,58,500,15,3000,3000,3000,3000,"fast","control_informative",0.05,5,0.01,"","mtada_aggregated","trait1","bfdr_estimate",0.2,0.193612236838313
20260870,58,500,15,3000,3000,3000,3000,"fast","control_informative",0.05,5,0.01,"","mtada_aggregated","trait1","bfdr_power",0.2,0.48
20260870,58,500,15,3000,3000,3000,3000,"fast","control_informative",0.05,5,0.01,"","mtada_aggregated","trait1","bfdr_discoveries",0.2,77
20260870,58,500,15,3000,3000,3000,3000,"fast","control_informative",0.05,5,0.01,"","mtada_aggregated","trait2","bfdr_observed_fdp",0.01,0.962962962962963
20260870,58,500,15,3000,3000,3000,3000,"fast","control_informative",0.05,5,0.01,"","mtada_aggregated","trait2","bfdr_estimate",0.01,0.00969627053492371
20260870,58,500,15,3000,3000,3000,3000,"fast","control_informative",0.05,5,0.01,"","mtada_aggregated","trait2","bfdr_power",0.01,0.1
20260870,58,500,15,3000,3000,3000,3000,"fast","control_informative",0.05,5,0.01,"","mtada_aggregated","trait2","bfdr_discoveries",0.01,27
20260870,58,500,15,3000,3000,3000,3000,"fast","control_informative",0.05,5,0.01,"","mtada_aggregated","trait2","bfdr_observed_fdp",0.05,0.96969696969697
20260870,58,500,15,3000,3000,3000,3000,"fast","control_informative",0.05,5,0.01,"","mtada_aggregated","trait2","bfdr_estimate",0.05,0.0442762284155965
20260870,58,500,15,3000,3000,3000,3000,"fast","control_informative",0.05,5,0.01,"","mtada_aggregated","trait2","bfdr_power",0.05,0.1
20260870,58,500,15,3000,3000,3000,3000,"fast","control_informative",0.05,5,0.01,"","mtada_aggregated","trait2","bfdr_discoveries",0.05,33
20260870,58,500,15,3000,3000,3000,3000,"fast","control_informative",0.05,5,0.01,"","mtada_aggregated","trait2","bfdr_observed_fdp",0.1,0.973684210526316
20260870,58,500,15,3000,3000,3000,3000,"fast","control_informative",0.05,5,0.01,"","mtada_aggregated","trait2","bfdr_estimate",0.1,0.0989751585282464
20260870,58,500,15,3000,3000,3000,3000,"fast","control_informative",0.05,5,0.01,"","mtada_aggregated","trait2","bfdr_power",0.1,0.1
20260870,58,500,15,3000,3000,3000,3000,"fast","control_informative",0.05,5,0.01,"","mtada_aggregated","trait2","bfdr_discoveries",0.1,38
20260870,58,500,15,3000,3000,3000,3000,"fast","control_informative",0.05,5,0.01,"","mtada_aggregated","trait2","bfdr_observed_fdp",0.2,0.977777777777778
20260870,58,500,15,3000,3000,3000,3000,"fast","control_informative",0.05,5,0.01,"","mtada_aggregated","trait2","bfdr_estimate",0.2,0.196561698841717
20260870,58,500,15,3000,3000,3000,3000,"fast","control_informative",0.05,5,0.01,"","mtada_aggregated","trait2","bfdr_power",0.2,0.1
20260870,58,500,15,3000,3000,3000,3000,"fast","control_informative",0.05,5,0.01,"","mtada_aggregated","trait2","bfdr_discoveries",0.2,45
20260870,58,500,15,3000,3000,3000,3000,"fast","control_informative",0.05,5,0.01,"","mtada_aggregated","pleiotropy","bfdr_observed_fdp",0.01,1
20260870,58,500,15,3000,3000,3000,3000,"fast","control_informative",0.05,5,0.01,"","mtada_aggregated","pleiotropy","bfdr_estimate",0.01,0.00109084171926806
20260870,58,500,15,3000,3000,3000,3000,"fast","control_informative",0.05,5,0.01,"","mtada_aggregated","pleiotropy","bfdr_power",0.01,0
20260870,58,500,15,3000,3000,3000,3000,"fast","control_informative",0.05,5,0.01,"","mtada_aggregated","pleiotropy","bfdr_discoveries",0.01,3
20260870,58,500,15,3000,3000,3000,3000,"fast","control_informative",0.05,5,0.01,"","mtada_aggregated","pleiotropy","bfdr_observed_fdp",0.05,1
20260870,58,500,15,3000,3000,3000,3000,"fast","control_informative",0.05,5,0.01,"","mtada_aggregated","pleiotropy","bfdr_estimate",0.05,0.00109084171926806
20260870,58,500,15,3000,3000,3000,3000,"fast","control_informative",0.05,5,0.01,"","mtada_aggregated","pleiotropy","bfdr_power",0.05,0
20260870,58,500,15,3000,3000,3000,3000,"fast","control_informative",0.05,5,0.01,"","mtada_aggregated","pleiotropy","bfdr_discoveries",0.05,3
20260870,58,500,15,3000,3000,3000,3000,"fast","control_informative",0.05,5,0.01,"","mtada_aggregated","pleiotropy","bfdr_observed_fdp",0.1,1
20260870,58,500,15,3000,3000,3000,3000,"fast","control_informative",0.05,5,0.01,"","mtada_aggregated","pleiotropy","bfdr_estimate",0.1,0.0876557923749594
20260870,58,500,15,3000,3000,3000,3000,"fast","control_informative",0.05,5,0.01,"","mtada_aggregated","pleiotropy","bfdr_power",0.1,0
20260870,58,500,15,3000,3000,3000,3000,"fast","control_informative",0.05,5,0.01,"","mtada_aggregated","pleiotropy","bfdr_discoveries",0.1,5
20260870,58,500,15,3000,3000,3000,3000,"fast","control_informative",0.05,5,0.01,"","mtada_aggregated","pleiotropy","bfdr_observed_fdp",0.2,1
20260870,58,500,15,3000,3000,3000,3000,"fast","control_informative",0.05,5,0.01,"","mtada_aggregated","pleiotropy","bfdr_estimate",0.2,0.171904657041282
20260870,58,500,15,3000,3000,3000,3000,"fast","control_informative",0.05,5,0.01,"","mtada_aggregated","pleiotropy","bfdr_power",0.2,0
20260870,58,500,15,3000,3000,3000,3000,"fast","control_informative",0.05,5,0.01,"","mtada_aggregated","pleiotropy","bfdr_discoveries",0.2,8
20260870,58,500,15,3000,3000,3000,3000,"fast","control_informative",0.05,5,0.01,"","mtada_aggregated","global","runtime_seconds",NA,0.755000000000109
20260870,58,500,15,3000,3000,3000,3000,"fast","control_informative",0.05,5,0.01,"","mtada_aggregated","pleiotropy","pi11_estimate",NA,0.00451133
20260871,59,500,15,3000,3000,3000,3000,"fast","control_informative",0.05,5,0.01,"","mirage_joint","trait1","auc",NA,0.736757894736842
20260871,59,500,15,3000,3000,3000,3000,"fast","control_informative",0.05,5,0.01,"","mirage_joint","trait2","auc",NA,0.566326530612245
20260871,59,500,15,3000,3000,3000,3000,"fast","control_informative",0.05,5,0.01,"","mirage_joint","pleiotropy","auc",NA,0.707070707070707
20260871,59,500,15,3000,3000,3000,3000,"fast","control_informative",0.05,5,0.01,"","mirage_joint","trait1","pp08_power",0.8,0.24
20260871,59,500,15,3000,3000,3000,3000,"fast","control_informative",0.05,5,0.01,"","mirage_joint","trait1","pp08_fdp",0.8,0.142857142857143
20260871,59,500,15,3000,3000,3000,3000,"fast","control_informative",0.05,5,0.01,"","mirage_joint","trait1","pp08_discoveries",0.8,7
20260871,59,500,15,3000,3000,3000,3000,"fast","control_informative",0.05,5,0.01,"","mirage_joint","trait2","pp08_power",0.8,0
20260871,59,500,15,3000,3000,3000,3000,"fast","control_informative",0.05,5,0.01,"","mirage_joint","trait2","pp08_fdp",0.8,0
20260871,59,500,15,3000,3000,3000,3000,"fast","control_informative",0.05,5,0.01,"","mirage_joint","trait2","pp08_discoveries",0.8,0
20260871,59,500,15,3000,3000,3000,3000,"fast","control_informative",0.05,5,0.01,"","mirage_joint","pleiotropy","pp08_power",0.8,0
20260871,59,500,15,3000,3000,3000,3000,"fast","control_informative",0.05,5,0.01,"","mirage_joint","pleiotropy","pp08_fdp",0.8,0
20260871,59,500,15,3000,3000,3000,3000,"fast","control_informative",0.05,5,0.01,"","mirage_joint","pleiotropy","pp08_discoveries",0.8,0
20260871,59,500,15,3000,3000,3000,3000,"fast","control_informative",0.05,5,0.01,"","mirage_joint","trait1","bfdr_observed_fdp",0.01,0
20260871,59,500,15,3000,3000,3000,3000,"fast","control_informative",0.05,5,0.01,"","mirage_joint","trait1","bfdr_estimate",0.01,0.000115703851016835
20260871,59,500,15,3000,3000,3000,3000,"fast","control_informative",0.05,5,0.01,"","mirage_joint","trait1","bfdr_power",0.01,0.08
20260871,59,500,15,3000,3000,3000,3000,"fast","control_informative",0.05,5,0.01,"","mirage_joint","trait1","bfdr_discoveries",0.01,2
20260871,59,500,15,3000,3000,3000,3000,"fast","control_informative",0.05,5,0.01,"","mirage_joint","trait1","bfdr_observed_fdp",0.05,0
20260871,59,500,15,3000,3000,3000,3000,"fast","control_informative",0.05,5,0.01,"","mirage_joint","trait1","bfdr_estimate",0.05,0.0494928270148086
20260871,59,500,15,3000,3000,3000,3000,"fast","control_informative",0.05,5,0.01,"","mirage_joint","trait1","bfdr_power",0.05,0.16
20260871,59,500,15,3000,3000,3000,3000,"fast","control_informative",0.05,5,0.01,"","mirage_joint","trait1","bfdr_discoveries",0.05,4
20260871,59,500,15,3000,3000,3000,3000,"fast","control_informative",0.05,5,0.01,"","mirage_joint","trait1","bfdr_observed_fdp",0.1,0.166666666666667
20260871,59,500,15,3000,3000,3000,3000,"fast","control_informative",0.05,5,0.01,"","mirage_joint","trait1","bfdr_estimate",0.1,0.0837602666120691
20260871,59,500,15,3000,3000,3000,3000,"fast","control_informative",0.05,5,0.01,"","mirage_joint","trait1","bfdr_power",0.1,0.2
20260871,59,500,15,3000,3000,3000,3000,"fast","control_informative",0.05,5,0.01,"","mirage_joint","trait1","bfdr_discoveries",0.1,6
20260871,59,500,15,3000,3000,3000,3000,"fast","control_informative",0.05,5,0.01,"","mirage_joint","trait1","bfdr_observed_fdp",0.2,0.454545454545455
20260871,59,500,15,3000,3000,3000,3000,"fast","control_informative",0.05,5,0.01,"","mirage_joint","trait1","bfdr_estimate",0.2,0.191321930889092
20260871,59,500,15,3000,3000,3000,3000,"fast","control_informative",0.05,5,0.01,"","mirage_joint","trait1","bfdr_power",0.2,0.24
20260871,59,500,15,3000,3000,3000,3000,"fast","control_informative",0.05,5,0.01,"","mirage_joint","trait1","bfdr_discoveries",0.2,11
20260871,59,500,15,3000,3000,3000,3000,"fast","control_informative",0.05,5,0.01,"","mirage_joint","trait2","bfdr_observed_fdp",0.01,0
20260871,59,500,15,3000,3000,3000,3000,"fast","control_informative",0.05,5,0.01,"","mirage_joint","trait2","bfdr_estimate",0.01,0
20260871,59,500,15,3000,3000,3000,3000,"fast","control_informative",0.05,5,0.01,"","mirage_joint","trait2","bfdr_power",0.01,0
20260871,59,500,15,3000,3000,3000,3000,"fast","control_informative",0.05,5,0.01,"","mirage_joint","trait2","bfdr_discoveries",0.01,0
20260871,59,500,15,3000,3000,3000,3000,"fast","control_informative",0.05,5,0.01,"","mirage_joint","trait2","bfdr_observed_fdp",0.05,0
20260871,59,500,15,3000,3000,3000,3000,"fast","control_informative",0.05,5,0.01,"","mirage_joint","trait2","bfdr_estimate",0.05,0
20260871,59,500,15,3000,3000,3000,3000,"fast","control_informative",0.05,5,0.01,"","mirage_joint","trait2","bfdr_power",0.05,0
20260871,59,500,15,3000,3000,3000,3000,"fast","control_informative",0.05,5,0.01,"","mirage_joint","trait2","bfdr_discoveries",0.05,0
20260871,59,500,15,3000,3000,3000,3000,"fast","control_informative",0.05,5,0.01,"","mirage_joint","trait2","bfdr_observed_fdp",0.1,0
20260871,59,500,15,3000,3000,3000,3000,"fast","control_informative",0.05,5,0.01,"","mirage_joint","trait2","bfdr_estimate",0.1,0
20260871,59,500,15,3000,3000,3000,3000,"fast","control_informative",0.05,5,0.01,"","mirage_joint","trait2","bfdr_power",0.1,0
20260871,59,500,15,3000,3000,3000,3000,"fast","control_informative",0.05,5,0.01,"","mirage_joint","trait2","bfdr_discoveries",0.1,0
20260871,59,500,15,3000,3000,3000,3000,"fast","control_informative",0.05,5,0.01,"","mirage_joint","trait2","bfdr_observed_fdp",0.2,0
20260871,59,500,15,3000,3000,3000,3000,"fast","control_informative",0.05,5,0.01,"","mirage_joint","trait2","bfdr_estimate",0.2,0
20260871,59,500,15,3000,3000,3000,3000,"fast","control_informative",0.05,5,0.01,"","mirage_joint","trait2","bfdr_power",0.2,0
20260871,59,500,15,3000,3000,3000,3000,"fast","control_informative",0.05,5,0.01,"","mirage_joint","trait2","bfdr_discoveries",0.2,0
20260871,59,500,15,3000,3000,3000,3000,"fast","control_informative",0.05,5,0.01,"","mirage_joint","pleiotropy","bfdr_observed_fdp",0.01,0
20260871,59,500,15,3000,3000,3000,3000,"fast","control_informative",0.05,5,0.01,"","mirage_joint","pleiotropy","bfdr_estimate",0.01,0
20260871,59,500,15,3000,3000,3000,3000,"fast","control_informative",0.05,5,0.01,"","mirage_joint","pleiotropy","bfdr_power",0.01,0
20260871,59,500,15,3000,3000,3000,3000,"fast","control_informative",0.05,5,0.01,"","mirage_joint","pleiotropy","bfdr_discoveries",0.01,0
20260871,59,500,15,3000,3000,3000,3000,"fast","control_informative",0.05,5,0.01,"","mirage_joint","pleiotropy","bfdr_observed_fdp",0.05,0
20260871,59,500,15,3000,3000,3000,3000,"fast","control_informative",0.05,5,0.01,"","mirage_joint","pleiotropy","bfdr_estimate",0.05,0
20260871,59,500,15,3000,3000,3000,3000,"fast","control_informative",0.05,5,0.01,"","mirage_joint","pleiotropy","bfdr_power",0.05,0
20260871,59,500,15,3000,3000,3000,3000,"fast","control_informative",0.05,5,0.01,"","mirage_joint","pleiotropy","bfdr_discoveries",0.05,0
20260871,59,500,15,3000,3000,3000,3000,"fast","control_informative",0.05,5,0.01,"","mirage_joint","pleiotropy","bfdr_observed_fdp",0.1,0
20260871,59,500,15,3000,3000,3000,3000,"fast","control_informative",0.05,5,0.01,"","mirage_joint","pleiotropy","bfdr_estimate",0.1,0
20260871,59,500,15,3000,3000,3000,3000,"fast","control_informative",0.05,5,0.01,"","mirage_joint","pleiotropy","bfdr_power",0.1,0
20260871,59,500,15,3000,3000,3000,3000,"fast","control_informative",0.05,5,0.01,"","mirage_joint","pleiotropy","bfdr_discoveries",0.1,0
20260871,59,500,15,3000,3000,3000,3000,"fast","control_informative",0.05,5,0.01,"","mirage_joint","pleiotropy","bfdr_observed_fdp",0.2,0
20260871,59,500,15,3000,3000,3000,3000,"fast","control_informative",0.05,5,0.01,"","mirage_joint","pleiotropy","bfdr_estimate",0.2,0
20260871,59,500,15,3000,3000,3000,3000,"fast","control_informative",0.05,5,0.01,"","mirage_joint","pleiotropy","bfdr_power",0.2,0
20260871,59,500,15,3000,3000,3000,3000,"fast","control_informative",0.05,5,0.01,"","mirage_joint","pleiotropy","bfdr_discoveries",0.2,0
20260871,59,500,15,3000,3000,3000,3000,"fast","control_informative",0.05,5,0.01,"","mirage_joint","global","runtime_seconds",NA,18.704
20260871,59,500,15,3000,3000,3000,3000,"fast","control_informative",0.05,5,0.01,"","mirage_joint","pleiotropy","pi11_estimate",NA,0.00227594789713639
20260871,59,500,15,3000,3000,3000,3000,"fast","control_informative",0.05,5,0.01,"","separate_mirage","trait1","auc",NA,0.749305263157895
20260871,59,500,15,3000,3000,3000,3000,"fast","control_informative",0.05,5,0.01,"","separate_mirage","trait2","auc",NA,0.584081632653061
20260871,59,500,15,3000,3000,3000,3000,"fast","control_informative",0.05,5,0.01,"","separate_mirage","pleiotropy","auc",NA,0.693333333333333
20260871,59,500,15,3000,3000,3000,3000,"fast","control_informative",0.05,5,0.01,"","separate_mirage","trait1","pp08_power",0.8,0.12
20260871,59,500,15,3000,3000,3000,3000,"fast","control_informative",0.05,5,0.01,"","separate_mirage","trait1","pp08_fdp",0.8,0
20260871,59,500,15,3000,3000,3000,3000,"fast","control_informative",0.05,5,0.01,"","separate_mirage","trait1","pp08_discoveries",0.8,3
20260871,59,500,15,3000,3000,3000,3000,"fast","control_informative",0.05,5,0.01,"","separate_mirage","trait2","pp08_power",0.8,0
20260871,59,500,15,3000,3000,3000,3000,"fast","control_informative",0.05,5,0.01,"","separate_mirage","trait2","pp08_fdp",0.8,0
20260871,59,500,15,3000,3000,3000,3000,"fast","control_informative",0.05,5,0.01,"","separate_mirage","trait2","pp08_discoveries",0.8,0
20260871,59,500,15,3000,3000,3000,3000,"fast","control_informative",0.05,5,0.01,"","separate_mirage","pleiotropy","pp08_power",0.8,0
20260871,59,500,15,3000,3000,3000,3000,"fast","control_informative",0.05,5,0.01,"","separate_mirage","pleiotropy","pp08_fdp",0.8,0
20260871,59,500,15,3000,3000,3000,3000,"fast","control_informative",0.05,5,0.01,"","separate_mirage","pleiotropy","pp08_discoveries",0.8,0
20260871,59,500,15,3000,3000,3000,3000,"fast","control_informative",0.05,5,0.01,"","separate_mirage","trait1","bfdr_observed_fdp",0.01,0
20260871,59,500,15,3000,3000,3000,3000,"fast","control_informative",0.05,5,0.01,"","separate_mirage","trait1","bfdr_estimate",0.01,0.000496266724060834
20260871,59,500,15,3000,3000,3000,3000,"fast","control_informative",0.05,5,0.01,"","separate_mirage","trait1","bfdr_power",0.01,0.08
20260871,59,500,15,3000,3000,3000,3000,"fast","control_informative",0.05,5,0.01,"","separate_mirage","trait1","bfdr_discoveries",0.01,2
20260871,59,500,15,3000,3000,3000,3000,"fast","control_informative",0.05,5,0.01,"","separate_mirage","trait1","bfdr_observed_fdp",0.05,0
20260871,59,500,15,3000,3000,3000,3000,"fast","control_informative",0.05,5,0.01,"","separate_mirage","trait1","bfdr_estimate",0.05,0.0463090688654173
20260871,59,500,15,3000,3000,3000,3000,"fast","control_informative",0.05,5,0.01,"","separate_mirage","trait1","bfdr_power",0.05,0.12
20260871,59,500,15,3000,3000,3000,3000,"fast","control_informative",0.05,5,0.01,"","separate_mirage","trait1","bfdr_discoveries",0.05,3
20260871,59,500,15,3000,3000,3000,3000,"fast","control_informative",0.05,5,0.01,"","separate_mirage","trait1","bfdr_observed_fdp",0.1,0.25
20260871,59,500,15,3000,3000,3000,3000,"fast","control_informative",0.05,5,0.01,"","separate_mirage","trait1","bfdr_estimate",0.1,0.0870637132976698
20260871,59,500,15,3000,3000,3000,3000,"fast","control_informative",0.05,5,0.01,"","separate_mirage","trait1","bfdr_power",0.1,0.12
20260871,59,500,15,3000,3000,3000,3000,"fast","control_informative",0.05,5,0.01,"","separate_mirage","trait1","bfdr_discoveries",0.1,4
20260871,59,500,15,3000,3000,3000,3000,"fast","control_informative",0.05,5,0.01,"","separate_mirage","trait1","bfdr_observed_fdp",0.2,0.142857142857143
20260871,59,500,15,3000,3000,3000,3000,"fast","control_informative",0.05,5,0.01,"","separate_mirage","trait1","bfdr_estimate",0.2,0.168797948945626
20260871,59,500,15,3000,3000,3000,3000,"fast","control_informative",0.05,5,0.01,"","separate_mirage","trait1","bfdr_power",0.2,0.24
20260871,59,500,15,3000,3000,3000,3000,"fast","control_informative",0.05,5,0.01,"","separate_mirage","trait1","bfdr_discoveries",0.2,7
20260871,59,500,15,3000,3000,3000,3000,"fast","control_informative",0.05,5,0.01,"","separate_mirage","trait2","bfdr_observed_fdp",0.01,0
20260871,59,500,15,3000,3000,3000,3000,"fast","control_informative",0.05,5,0.01,"","separate_mirage","trait2","bfdr_estimate",0.01,0
20260871,59,500,15,3000,3000,3000,3000,"fast","control_informative",0.05,5,0.01,"","separate_mirage","trait2","bfdr_power",0.01,0
20260871,59,500,15,3000,3000,3000,3000,"fast","control_informative",0.05,5,0.01,"","separate_mirage","trait2","bfdr_discoveries",0.01,0
20260871,59,500,15,3000,3000,3000,3000,"fast","control_informative",0.05,5,0.01,"","separate_mirage","trait2","bfdr_observed_fdp",0.05,0
20260871,59,500,15,3000,3000,3000,3000,"fast","control_informative",0.05,5,0.01,"","separate_mirage","trait2","bfdr_estimate",0.05,0
20260871,59,500,15,3000,3000,3000,3000,"fast","control_informative",0.05,5,0.01,"","separate_mirage","trait2","bfdr_power",0.05,0
20260871,59,500,15,3000,3000,3000,3000,"fast","control_informative",0.05,5,0.01,"","separate_mirage","trait2","bfdr_discoveries",0.05,0
20260871,59,500,15,3000,3000,3000,3000,"fast","control_informative",0.05,5,0.01,"","separate_mirage","trait2","bfdr_observed_fdp",0.1,0
20260871,59,500,15,3000,3000,3000,3000,"fast","control_informative",0.05,5,0.01,"","separate_mirage","trait2","bfdr_estimate",0.1,0
20260871,59,500,15,3000,3000,3000,3000,"fast","control_informative",0.05,5,0.01,"","separate_mirage","trait2","bfdr_power",0.1,0
20260871,59,500,15,3000,3000,3000,3000,"fast","control_informative",0.05,5,0.01,"","separate_mirage","trait2","bfdr_discoveries",0.1,0
20260871,59,500,15,3000,3000,3000,3000,"fast","control_informative",0.05,5,0.01,"","separate_mirage","trait2","bfdr_observed_fdp",0.2,0
20260871,59,500,15,3000,3000,3000,3000,"fast","control_informative",0.05,5,0.01,"","separate_mirage","trait2","bfdr_estimate",0.2,0
20260871,59,500,15,3000,3000,3000,3000,"fast","control_informative",0.05,5,0.01,"","separate_mirage","trait2","bfdr_power",0.2,0
20260871,59,500,15,3000,3000,3000,3000,"fast","control_informative",0.05,5,0.01,"","separate_mirage","trait2","bfdr_discoveries",0.2,0
20260871,59,500,15,3000,3000,3000,3000,"fast","control_informative",0.05,5,0.01,"","separate_mirage","pleiotropy","bfdr_observed_fdp",0.01,0
20260871,59,500,15,3000,3000,3000,3000,"fast","control_informative",0.05,5,0.01,"","separate_mirage","pleiotropy","bfdr_estimate",0.01,0
20260871,59,500,15,3000,3000,3000,3000,"fast","control_informative",0.05,5,0.01,"","separate_mirage","pleiotropy","bfdr_power",0.01,0
20260871,59,500,15,3000,3000,3000,3000,"fast","control_informative",0.05,5,0.01,"","separate_mirage","pleiotropy","bfdr_discoveries",0.01,0
20260871,59,500,15,3000,3000,3000,3000,"fast","control_informative",0.05,5,0.01,"","separate_mirage","pleiotropy","bfdr_observed_fdp",0.05,0
20260871,59,500,15,3000,3000,3000,3000,"fast","control_informative",0.05,5,0.01,"","separate_mirage","pleiotropy","bfdr_estimate",0.05,0
20260871,59,500,15,3000,3000,3000,3000,"fast","control_informative",0.05,5,0.01,"","separate_mirage","pleiotropy","bfdr_power",0.05,0
20260871,59,500,15,3000,3000,3000,3000,"fast","control_informative",0.05,5,0.01,"","separate_mirage","pleiotropy","bfdr_discoveries",0.05,0
20260871,59,500,15,3000,3000,3000,3000,"fast","control_informative",0.05,5,0.01,"","separate_mirage","pleiotropy","bfdr_observed_fdp",0.1,0
20260871,59,500,15,3000,3000,3000,3000,"fast","control_informative",0.05,5,0.01,"","separate_mirage","pleiotropy","bfdr_estimate",0.1,0
20260871,59,500,15,3000,3000,3000,3000,"fast","control_informative",0.05,5,0.01,"","separate_mirage","pleiotropy","bfdr_power",0.1,0
20260871,59,500,15,3000,3000,3000,3000,"fast","control_informative",0.05,5,0.01,"","separate_mirage","pleiotropy","bfdr_discoveries",0.1,0
20260871,59,500,15,3000,3000,3000,3000,"fast","control_informative",0.05,5,0.01,"","separate_mirage","pleiotropy","bfdr_observed_fdp",0.2,0
20260871,59,500,15,3000,3000,3000,3000,"fast","control_informative",0.05,5,0.01,"","separate_mirage","pleiotropy","bfdr_estimate",0.2,0
20260871,59,500,15,3000,3000,3000,3000,"fast","control_informative",0.05,5,0.01,"","separate_mirage","pleiotropy","bfdr_power",0.2,0
20260871,59,500,15,3000,3000,3000,3000,"fast","control_informative",0.05,5,0.01,"","separate_mirage","pleiotropy","bfdr_discoveries",0.2,0
20260871,59,500,15,3000,3000,3000,3000,"fast","control_informative",0.05,5,0.01,"","separate_mirage","global","runtime_seconds",NA,18.499
20260871,59,500,15,3000,3000,3000,3000,"fast","control_informative",0.05,5,0.01,"","separate_mirage","pleiotropy","pi11_estimate",NA,0.001
20260871,59,500,15,3000,3000,3000,3000,"fast","control_informative",0.05,5,0.01,"","mtada_aggregated","trait1","auc",NA,0.79141052631579
20260871,59,500,15,3000,3000,3000,3000,"fast","control_informative",0.05,5,0.01,"","mtada_aggregated","trait2","auc",NA,0.543469387755102
20260871,59,500,15,3000,3000,3000,3000,"fast","control_informative",0.05,5,0.01,"","mtada_aggregated","pleiotropy","auc",NA,0.68
20260871,59,500,15,3000,3000,3000,3000,"fast","control_informative",0.05,5,0.01,"","mtada_aggregated","trait1","pp08_power",0.8,0.32
20260871,59,500,15,3000,3000,3000,3000,"fast","control_informative",0.05,5,0.01,"","mtada_aggregated","trait1","pp08_fdp",0.8,0.846153846153846
20260871,59,500,15,3000,3000,3000,3000,"fast","control_informative",0.05,5,0.01,"","mtada_aggregated","trait1","pp08_discoveries",0.8,52
20260871,59,500,15,3000,3000,3000,3000,"fast","control_informative",0.05,5,0.01,"","mtada_aggregated","trait2","pp08_power",0.8,0.1
20260871,59,500,15,3000,3000,3000,3000,"fast","control_informative",0.05,5,0.01,"","mtada_aggregated","trait2","pp08_fdp",0.8,0.974358974358974
20260871,59,500,15,3000,3000,3000,3000,"fast","control_informative",0.05,5,0.01,"","mtada_aggregated","trait2","pp08_discoveries",0.8,39
20260871,59,500,15,3000,3000,3000,3000,"fast","control_informative",0.05,5,0.01,"","mtada_aggregated","pleiotropy","pp08_power",0.8,0
20260871,59,500,15,3000,3000,3000,3000,"fast","control_informative",0.05,5,0.01,"","mtada_aggregated","pleiotropy","pp08_fdp",0.8,1
20260871,59,500,15,3000,3000,3000,3000,"fast","control_informative",0.05,5,0.01,"","mtada_aggregated","pleiotropy","pp08_discoveries",0.8,3
20260871,59,500,15,3000,3000,3000,3000,"fast","control_informative",0.05,5,0.01,"","mtada_aggregated","trait1","bfdr_observed_fdp",0.01,0.829787234042553
20260871,59,500,15,3000,3000,3000,3000,"fast","control_informative",0.05,5,0.01,"","mtada_aggregated","trait1","bfdr_estimate",0.01,0.008491592325522
20260871,59,500,15,3000,3000,3000,3000,"fast","control_informative",0.05,5,0.01,"","mtada_aggregated","trait1","bfdr_power",0.01,0.32
20260871,59,500,15,3000,3000,3000,3000,"fast","control_informative",0.05,5,0.01,"","mtada_aggregated","trait1","bfdr_discoveries",0.01,47
20260871,59,500,15,3000,3000,3000,3000,"fast","control_informative",0.05,5,0.01,"","mtada_aggregated","trait1","bfdr_observed_fdp",0.05,0.844827586206897
20260871,59,500,15,3000,3000,3000,3000,"fast","control_informative",0.05,5,0.01,"","mtada_aggregated","trait1","bfdr_estimate",0.05,0.048608199440606
20260871,59,500,15,3000,3000,3000,3000,"fast","control_informative",0.05,5,0.01,"","mtada_aggregated","trait1","bfdr_power",0.05,0.36
20260871,59,500,15,3000,3000,3000,3000,"fast","control_informative",0.05,5,0.01,"","mtada_aggregated","trait1","bfdr_discoveries",0.05,58
20260871,59,500,15,3000,3000,3000,3000,"fast","control_informative",0.05,5,0.01,"","mtada_aggregated","trait1","bfdr_observed_fdp",0.1,0.835820895522388
20260871,59,500,15,3000,3000,3000,3000,"fast","control_informative",0.05,5,0.01,"","mtada_aggregated","trait1","bfdr_estimate",0.1,0.0996687426995785
20260871,59,500,15,3000,3000,3000,3000,"fast","control_informative",0.05,5,0.01,"","mtada_aggregated","trait1","bfdr_power",0.1,0.44
20260871,59,500,15,3000,3000,3000,3000,"fast","control_informative",0.05,5,0.01,"","mtada_aggregated","trait1","bfdr_discoveries",0.1,67
20260871,59,500,15,3000,3000,3000,3000,"fast","control_informative",0.05,5,0.01,"","mtada_aggregated","trait1","bfdr_observed_fdp",0.2,0.839506172839506
20260871,59,500,15,3000,3000,3000,3000,"fast","control_informative",0.05,5,0.01,"","mtada_aggregated","trait1","bfdr_estimate",0.2,0.19508516179242
20260871,59,500,15,3000,3000,3000,3000,"fast","control_informative",0.05,5,0.01,"","mtada_aggregated","trait1","bfdr_power",0.2,0.52
20260871,59,500,15,3000,3000,3000,3000,"fast","control_informative",0.05,5,0.01,"","mtada_aggregated","trait1","bfdr_discoveries",0.2,81
20260871,59,500,15,3000,3000,3000,3000,"fast","control_informative",0.05,5,0.01,"","mtada_aggregated","trait2","bfdr_observed_fdp",0.01,0.971428571428571
20260871,59,500,15,3000,3000,3000,3000,"fast","control_informative",0.05,5,0.01,"","mtada_aggregated","trait2","bfdr_estimate",0.01,0.00865865550087977
20260871,59,500,15,3000,3000,3000,3000,"fast","control_informative",0.05,5,0.01,"","mtada_aggregated","trait2","bfdr_power",0.01,0.1
20260871,59,500,15,3000,3000,3000,3000,"fast","control_informative",0.05,5,0.01,"","mtada_aggregated","trait2","bfdr_discoveries",0.01,35
20260871,59,500,15,3000,3000,3000,3000,"fast","control_informative",0.05,5,0.01,"","mtada_aggregated","trait2","bfdr_observed_fdp",0.05,0.976744186046512
20260871,59,500,15,3000,3000,3000,3000,"fast","control_informative",0.05,5,0.01,"","mtada_aggregated","trait2","bfdr_estimate",0.05,0.0453474235900626
20260871,59,500,15,3000,3000,3000,3000,"fast","control_informative",0.05,5,0.01,"","mtada_aggregated","trait2","bfdr_power",0.05,0.1
20260871,59,500,15,3000,3000,3000,3000,"fast","control_informative",0.05,5,0.01,"","mtada_aggregated","trait2","bfdr_discoveries",0.05,43
20260871,59,500,15,3000,3000,3000,3000,"fast","control_informative",0.05,5,0.01,"","mtada_aggregated","trait2","bfdr_observed_fdp",0.1,0.979591836734694
20260871,59,500,15,3000,3000,3000,3000,"fast","control_informative",0.05,5,0.01,"","mtada_aggregated","trait2","bfdr_estimate",0.1,0.0996029111082957
20260871,59,500,15,3000,3000,3000,3000,"fast","control_informative",0.05,5,0.01,"","mtada_aggregated","trait2","bfdr_power",0.1,0.1
20260871,59,500,15,3000,3000,3000,3000,"fast","control_informative",0.05,5,0.01,"","mtada_aggregated","trait2","bfdr_discoveries",0.1,49
20260871,59,500,15,3000,3000,3000,3000,"fast","control_informative",0.05,5,0.01,"","mtada_aggregated","trait2","bfdr_observed_fdp",0.2,0.983050847457627
20260871,59,500,15,3000,3000,3000,3000,"fast","control_informative",0.05,5,0.01,"","mtada_aggregated","trait2","bfdr_estimate",0.2,0.197421031539489
20260871,59,500,15,3000,3000,3000,3000,"fast","control_informative",0.05,5,0.01,"","mtada_aggregated","trait2","bfdr_power",0.2,0.1
20260871,59,500,15,3000,3000,3000,3000,"fast","control_informative",0.05,5,0.01,"","mtada_aggregated","trait2","bfdr_discoveries",0.2,59
20260871,59,500,15,3000,3000,3000,3000,"fast","control_informative",0.05,5,0.01,"","mtada_aggregated","pleiotropy","bfdr_observed_fdp",0.01,1
20260871,59,500,15,3000,3000,3000,3000,"fast","control_informative",0.05,5,0.01,"","mtada_aggregated","pleiotropy","bfdr_estimate",0.01,3.20612208007202e-05
20260871,59,500,15,3000,3000,3000,3000,"fast","control_informative",0.05,5,0.01,"","mtada_aggregated","pleiotropy","bfdr_power",0.01,0
20260871,59,500,15,3000,3000,3000,3000,"fast","control_informative",0.05,5,0.01,"","mtada_aggregated","pleiotropy","bfdr_discoveries",0.01,3
20260871,59,500,15,3000,3000,3000,3000,"fast","control_informative",0.05,5,0.01,"","mtada_aggregated","pleiotropy","bfdr_observed_fdp",0.05,1
20260871,59,500,15,3000,3000,3000,3000,"fast","control_informative",0.05,5,0.01,"","mtada_aggregated","pleiotropy","bfdr_estimate",0.05,3.20612208007202e-05
20260871,59,500,15,3000,3000,3000,3000,"fast","control_informative",0.05,5,0.01,"","mtada_aggregated","pleiotropy","bfdr_power",0.05,0
20260871,59,500,15,3000,3000,3000,3000,"fast","control_informative",0.05,5,0.01,"","mtada_aggregated","pleiotropy","bfdr_discoveries",0.05,3
20260871,59,500,15,3000,3000,3000,3000,"fast","control_informative",0.05,5,0.01,"","mtada_aggregated","pleiotropy","bfdr_observed_fdp",0.1,1
20260871,59,500,15,3000,3000,3000,3000,"fast","control_informative",0.05,5,0.01,"","mtada_aggregated","pleiotropy","bfdr_estimate",0.1,0.0671403825607448
20260871,59,500,15,3000,3000,3000,3000,"fast","control_informative",0.05,5,0.01,"","mtada_aggregated","pleiotropy","bfdr_power",0.1,0
20260871,59,500,15,3000,3000,3000,3000,"fast","control_informative",0.05,5,0.01,"","mtada_aggregated","pleiotropy","bfdr_discoveries",0.1,4
20260871,59,500,15,3000,3000,3000,3000,"fast","control_informative",0.05,5,0.01,"","mtada_aggregated","pleiotropy","bfdr_observed_fdp",0.2,1
20260871,59,500,15,3000,3000,3000,3000,"fast","control_informative",0.05,5,0.01,"","mtada_aggregated","pleiotropy","bfdr_estimate",0.2,0.198922330147583
20260871,59,500,15,3000,3000,3000,3000,"fast","control_informative",0.05,5,0.01,"","mtada_aggregated","pleiotropy","bfdr_power",0.2,0
20260871,59,500,15,3000,3000,3000,3000,"fast","control_informative",0.05,5,0.01,"","mtada_aggregated","pleiotropy","bfdr_discoveries",0.2,6
20260871,59,500,15,3000,3000,3000,3000,"fast","control_informative",0.05,5,0.01,"","mtada_aggregated","global","runtime_seconds",NA,0.707000000000107
20260871,59,500,15,3000,3000,3000,3000,"fast","control_informative",0.05,5,0.01,"","mtada_aggregated","pleiotropy","pi11_estimate",NA,0.00243077
20260872,60,500,15,3000,3000,3000,3000,"fast","control_informative",0.05,5,0.01,"","mirage_joint","trait1","auc",NA,0.67898947368421
20260872,60,500,15,3000,3000,3000,3000,"fast","control_informative",0.05,5,0.01,"","mirage_joint","trait2","auc",NA,0.680612244897959
20260872,60,500,15,3000,3000,3000,3000,"fast","control_informative",0.05,5,0.01,"","mirage_joint","pleiotropy","auc",NA,0.732525252525253
20260872,60,500,15,3000,3000,3000,3000,"fast","control_informative",0.05,5,0.01,"","mirage_joint","trait1","pp08_power",0.8,0.2
20260872,60,500,15,3000,3000,3000,3000,"fast","control_informative",0.05,5,0.01,"","mirage_joint","trait1","pp08_fdp",0.8,0
20260872,60,500,15,3000,3000,3000,3000,"fast","control_informative",0.05,5,0.01,"","mirage_joint","trait1","pp08_discoveries",0.8,5
20260872,60,500,15,3000,3000,3000,3000,"fast","control_informative",0.05,5,0.01,"","mirage_joint","trait2","pp08_power",0.8,0.1
20260872,60,500,15,3000,3000,3000,3000,"fast","control_informative",0.05,5,0.01,"","mirage_joint","trait2","pp08_fdp",0.8,0
20260872,60,500,15,3000,3000,3000,3000,"fast","control_informative",0.05,5,0.01,"","mirage_joint","trait2","pp08_discoveries",0.8,1
20260872,60,500,15,3000,3000,3000,3000,"fast","control_informative",0.05,5,0.01,"","mirage_joint","pleiotropy","pp08_power",0.8,0
20260872,60,500,15,3000,3000,3000,3000,"fast","control_informative",0.05,5,0.01,"","mirage_joint","pleiotropy","pp08_fdp",0.8,0
20260872,60,500,15,3000,3000,3000,3000,"fast","control_informative",0.05,5,0.01,"","mirage_joint","pleiotropy","pp08_discoveries",0.8,0
20260872,60,500,15,3000,3000,3000,3000,"fast","control_informative",0.05,5,0.01,"","mirage_joint","trait1","bfdr_observed_fdp",0.01,0
20260872,60,500,15,3000,3000,3000,3000,"fast","control_informative",0.05,5,0.01,"","mirage_joint","trait1","bfdr_estimate",0.01,0
20260872,60,500,15,3000,3000,3000,3000,"fast","control_informative",0.05,5,0.01,"","mirage_joint","trait1","bfdr_power",0.01,0
20260872,60,500,15,3000,3000,3000,3000,"fast","control_informative",0.05,5,0.01,"","mirage_joint","trait1","bfdr_discoveries",0.01,0
20260872,60,500,15,3000,3000,3000,3000,"fast","control_informative",0.05,5,0.01,"","mirage_joint","trait1","bfdr_observed_fdp",0.05,0
20260872,60,500,15,3000,3000,3000,3000,"fast","control_informative",0.05,5,0.01,"","mirage_joint","trait1","bfdr_estimate",0.05,0.0417888747776396
20260872,60,500,15,3000,3000,3000,3000,"fast","control_informative",0.05,5,0.01,"","mirage_joint","trait1","bfdr_power",0.05,0.12
20260872,60,500,15,3000,3000,3000,3000,"fast","control_informative",0.05,5,0.01,"","mirage_joint","trait1","bfdr_discoveries",0.05,3
20260872,60,500,15,3000,3000,3000,3000,"fast","control_informative",0.05,5,0.01,"","mirage_joint","trait1","bfdr_observed_fdp",0.1,0
20260872,60,500,15,3000,3000,3000,3000,"fast","control_informative",0.05,5,0.01,"","mirage_joint","trait1","bfdr_estimate",0.1,0.0733657317551301
20260872,60,500,15,3000,3000,3000,3000,"fast","control_informative",0.05,5,0.01,"","mirage_joint","trait1","bfdr_power",0.1,0.2
20260872,60,500,15,3000,3000,3000,3000,"fast","control_informative",0.05,5,0.01,"","mirage_joint","trait1","bfdr_discoveries",0.1,5
20260872,60,500,15,3000,3000,3000,3000,"fast","control_informative",0.05,5,0.01,"","mirage_joint","trait1","bfdr_observed_fdp",0.2,0.25
20260872,60,500,15,3000,3000,3000,3000,"fast","control_informative",0.05,5,0.01,"","mirage_joint","trait1","bfdr_estimate",0.2,0.179937333011682
20260872,60,500,15,3000,3000,3000,3000,"fast","control_informative",0.05,5,0.01,"","mirage_joint","trait1","bfdr_power",0.2,0.24
20260872,60,500,15,3000,3000,3000,3000,"fast","control_informative",0.05,5,0.01,"","mirage_joint","trait1","bfdr_discoveries",0.2,8
20260872,60,500,15,3000,3000,3000,3000,"fast","control_informative",0.05,5,0.01,"","mirage_joint","trait2","bfdr_observed_fdp",0.01,0
20260872,60,500,15,3000,3000,3000,3000,"fast","control_informative",0.05,5,0.01,"","mirage_joint","trait2","bfdr_estimate",0.01,0
20260872,60,500,15,3000,3000,3000,3000,"fast","control_informative",0.05,5,0.01,"","mirage_joint","trait2","bfdr_power",0.01,0
20260872,60,500,15,3000,3000,3000,3000,"fast","control_informative",0.05,5,0.01,"","mirage_joint","trait2","bfdr_discoveries",0.01,0
20260872,60,500,15,3000,3000,3000,3000,"fast","control_informative",0.05,5,0.01,"","mirage_joint","trait2","bfdr_observed_fdp",0.05,0
20260872,60,500,15,3000,3000,3000,3000,"fast","control_informative",0.05,5,0.01,"","mirage_joint","trait2","bfdr_estimate",0.05,0
20260872,60,500,15,3000,3000,3000,3000,"fast","control_informative",0.05,5,0.01,"","mirage_joint","trait2","bfdr_power",0.05,0
20260872,60,500,15,3000,3000,3000,3000,"fast","control_informative",0.05,5,0.01,"","mirage_joint","trait2","bfdr_discoveries",0.05,0
20260872,60,500,15,3000,3000,3000,3000,"fast","control_informative",0.05,5,0.01,"","mirage_joint","trait2","bfdr_observed_fdp",0.1,0
20260872,60,500,15,3000,3000,3000,3000,"fast","control_informative",0.05,5,0.01,"","mirage_joint","trait2","bfdr_estimate",0.1,0
20260872,60,500,15,3000,3000,3000,3000,"fast","control_informative",0.05,5,0.01,"","mirage_joint","trait2","bfdr_power",0.1,0
20260872,60,500,15,3000,3000,3000,3000,"fast","control_informative",0.05,5,0.01,"","mirage_joint","trait2","bfdr_discoveries",0.1,0
20260872,60,500,15,3000,3000,3000,3000,"fast","control_informative",0.05,5,0.01,"","mirage_joint","trait2","bfdr_observed_fdp",0.2,0
20260872,60,500,15,3000,3000,3000,3000,"fast","control_informative",0.05,5,0.01,"","mirage_joint","trait2","bfdr_estimate",0.2,0.168279250645743
20260872,60,500,15,3000,3000,3000,3000,"fast","control_informative",0.05,5,0.01,"","mirage_joint","trait2","bfdr_power",0.2,0.1
20260872,60,500,15,3000,3000,3000,3000,"fast","control_informative",0.05,5,0.01,"","mirage_joint","trait2","bfdr_discoveries",0.2,1
20260872,60,500,15,3000,3000,3000,3000,"fast","control_informative",0.05,5,0.01,"","mirage_joint","pleiotropy","bfdr_observed_fdp",0.01,0
20260872,60,500,15,3000,3000,3000,3000,"fast","control_informative",0.05,5,0.01,"","mirage_joint","pleiotropy","bfdr_estimate",0.01,0
20260872,60,500,15,3000,3000,3000,3000,"fast","control_informative",0.05,5,0.01,"","mirage_joint","pleiotropy","bfdr_power",0.01,0
20260872,60,500,15,3000,3000,3000,3000,"fast","control_informative",0.05,5,0.01,"","mirage_joint","pleiotropy","bfdr_discoveries",0.01,0
20260872,60,500,15,3000,3000,3000,3000,"fast","control_informative",0.05,5,0.01,"","mirage_joint","pleiotropy","bfdr_observed_fdp",0.05,0
20260872,60,500,15,3000,3000,3000,3000,"fast","control_informative",0.05,5,0.01,"","mirage_joint","pleiotropy","bfdr_estimate",0.05,0
20260872,60,500,15,3000,3000,3000,3000,"fast","control_informative",0.05,5,0.01,"","mirage_joint","pleiotropy","bfdr_power",0.05,0
20260872,60,500,15,3000,3000,3000,3000,"fast","control_informative",0.05,5,0.01,"","mirage_joint","pleiotropy","bfdr_discoveries",0.05,0
20260872,60,500,15,3000,3000,3000,3000,"fast","control_informative",0.05,5,0.01,"","mirage_joint","pleiotropy","bfdr_observed_fdp",0.1,0
20260872,60,500,15,3000,3000,3000,3000,"fast","control_informative",0.05,5,0.01,"","mirage_joint","pleiotropy","bfdr_estimate",0.1,0
20260872,60,500,15,3000,3000,3000,3000,"fast","control_informative",0.05,5,0.01,"","mirage_joint","pleiotropy","bfdr_power",0.1,0
20260872,60,500,15,3000,3000,3000,3000,"fast","control_informative",0.05,5,0.01,"","mirage_joint","pleiotropy","bfdr_discoveries",0.1,0
20260872,60,500,15,3000,3000,3000,3000,"fast","control_informative",0.05,5,0.01,"","mirage_joint","pleiotropy","bfdr_observed_fdp",0.2,0
20260872,60,500,15,3000,3000,3000,3000,"fast","control_informative",0.05,5,0.01,"","mirage_joint","pleiotropy","bfdr_estimate",0.2,0
20260872,60,500,15,3000,3000,3000,3000,"fast","control_informative",0.05,5,0.01,"","mirage_joint","pleiotropy","bfdr_power",0.2,0
20260872,60,500,15,3000,3000,3000,3000,"fast","control_informative",0.05,5,0.01,"","mirage_joint","pleiotropy","bfdr_discoveries",0.2,0
20260872,60,500,15,3000,3000,3000,3000,"fast","control_informative",0.05,5,0.01,"","mirage_joint","global","runtime_seconds",NA,18.7429999999999
20260872,60,500,15,3000,3000,3000,3000,"fast","control_informative",0.05,5,0.01,"","mirage_joint","pleiotropy","pi11_estimate",NA,1.86204028039968e-05
20260872,60,500,15,3000,3000,3000,3000,"fast","control_informative",0.05,5,0.01,"","separate_mirage","trait1","auc",NA,0.702231578947368
20260872,60,500,15,3000,3000,3000,3000,"fast","control_informative",0.05,5,0.01,"","separate_mirage","trait2","auc",NA,0.655102040816327
20260872,60,500,15,3000,3000,3000,3000,"fast","control_informative",0.05,5,0.01,"","separate_mirage","pleiotropy","auc",NA,0.685252525252525
20260872,60,500,15,3000,3000,3000,3000,"fast","control_informative",0.05,5,0.01,"","separate_mirage","trait1","pp08_power",0.8,0.16
20260872,60,500,15,3000,3000,3000,3000,"fast","control_informative",0.05,5,0.01,"","separate_mirage","trait1","pp08_fdp",0.8,0
20260872,60,500,15,3000,3000,3000,3000,"fast","control_informative",0.05,5,0.01,"","separate_mirage","trait1","pp08_discoveries",0.8,4
20260872,60,500,15,3000,3000,3000,3000,"fast","control_informative",0.05,5,0.01,"","separate_mirage","trait2","pp08_power",0.8,0
20260872,60,500,15,3000,3000,3000,3000,"fast","control_informative",0.05,5,0.01,"","separate_mirage","trait2","pp08_fdp",0.8,0
20260872,60,500,15,3000,3000,3000,3000,"fast","control_informative",0.05,5,0.01,"","separate_mirage","trait2","pp08_discoveries",0.8,0
20260872,60,500,15,3000,3000,3000,3000,"fast","control_informative",0.05,5,0.01,"","separate_mirage","pleiotropy","pp08_power",0.8,0
20260872,60,500,15,3000,3000,3000,3000,"fast","control_informative",0.05,5,0.01,"","separate_mirage","pleiotropy","pp08_fdp",0.8,0
20260872,60,500,15,3000,3000,3000,3000,"fast","control_informative",0.05,5,0.01,"","separate_mirage","pleiotropy","pp08_discoveries",0.8,0
20260872,60,500,15,3000,3000,3000,3000,"fast","control_informative",0.05,5,0.01,"","separate_mirage","trait1","bfdr_observed_fdp",0.01,0
20260872,60,500,15,3000,3000,3000,3000,"fast","control_informative",0.05,5,0.01,"","separate_mirage","trait1","bfdr_estimate",0.01,0
20260872,60,500,15,3000,3000,3000,3000,"fast","control_informative",0.05,5,0.01,"","separate_mirage","trait1","bfdr_power",0.01,0
20260872,60,500,15,3000,3000,3000,3000,"fast","control_informative",0.05,5,0.01,"","separate_mirage","trait1","bfdr_discoveries",0.01,0
20260872,60,500,15,3000,3000,3000,3000,"fast","control_informative",0.05,5,0.01,"","separate_mirage","trait1","bfdr_observed_fdp",0.05,0
20260872,60,500,15,3000,3000,3000,3000,"fast","control_informative",0.05,5,0.01,"","separate_mirage","trait1","bfdr_estimate",0.05,0.041891637337133
20260872,60,500,15,3000,3000,3000,3000,"fast","control_informative",0.05,5,0.01,"","separate_mirage","trait1","bfdr_power",0.05,0.08
20260872,60,500,15,3000,3000,3000,3000,"fast","control_informative",0.05,5,0.01,"","separate_mirage","trait1","bfdr_discoveries",0.05,2
20260872,60,500,15,3000,3000,3000,3000,"fast","control_informative",0.05,5,0.01,"","separate_mirage","trait1","bfdr_observed_fdp",0.1,0
20260872,60,500,15,3000,3000,3000,3000,"fast","control_informative",0.05,5,0.01,"","separate_mirage","trait1","bfdr_estimate",0.1,0.0809391077670881
20260872,60,500,15,3000,3000,3000,3000,"fast","control_informative",0.05,5,0.01,"","separate_mirage","trait1","bfdr_power",0.1,0.16
20260872,60,500,15,3000,3000,3000,3000,"fast","control_informative",0.05,5,0.01,"","separate_mirage","trait1","bfdr_discoveries",0.1,4
20260872,60,500,15,3000,3000,3000,3000,"fast","control_informative",0.05,5,0.01,"","separate_mirage","trait1","bfdr_observed_fdp",0.2,0
20260872,60,500,15,3000,3000,3000,3000,"fast","control_informative",0.05,5,0.01,"","separate_mirage","trait1","bfdr_estimate",0.2,0.157891389251181
20260872,60,500,15,3000,3000,3000,3000,"fast","control_informative",0.05,5,0.01,"","separate_mirage","trait1","bfdr_power",0.2,0.24
20260872,60,500,15,3000,3000,3000,3000,"fast","control_informative",0.05,5,0.01,"","separate_mirage","trait1","bfdr_discoveries",0.2,6
20260872,60,500,15,3000,3000,3000,3000,"fast","control_informative",0.05,5,0.01,"","separate_mirage","trait2","bfdr_observed_fdp",0.01,0
20260872,60,500,15,3000,3000,3000,3000,"fast","control_informative",0.05,5,0.01,"","separate_mirage","trait2","bfdr_estimate",0.01,0
20260872,60,500,15,3000,3000,3000,3000,"fast","control_informative",0.05,5,0.01,"","separate_mirage","trait2","bfdr_power",0.01,0
20260872,60,500,15,3000,3000,3000,3000,"fast","control_informative",0.05,5,0.01,"","separate_mirage","trait2","bfdr_discoveries",0.01,0
20260872,60,500,15,3000,3000,3000,3000,"fast","control_informative",0.05,5,0.01,"","separate_mirage","trait2","bfdr_observed_fdp",0.05,0
20260872,60,500,15,3000,3000,3000,3000,"fast","control_informative",0.05,5,0.01,"","separate_mirage","trait2","bfdr_estimate",0.05,0
20260872,60,500,15,3000,3000,3000,3000,"fast","control_informative",0.05,5,0.01,"","separate_mirage","trait2","bfdr_power",0.05,0
20260872,60,500,15,3000,3000,3000,3000,"fast","control_informative",0.05,5,0.01,"","separate_mirage","trait2","bfdr_discoveries",0.05,0
20260872,60,500,15,3000,3000,3000,3000,"fast","control_informative",0.05,5,0.01,"","separate_mirage","trait2","bfdr_observed_fdp",0.1,0
20260872,60,500,15,3000,3000,3000,3000,"fast","control_informative",0.05,5,0.01,"","separate_mirage","trait2","bfdr_estimate",0.1,0
20260872,60,500,15,3000,3000,3000,3000,"fast","control_informative",0.05,5,0.01,"","separate_mirage","trait2","bfdr_power",0.1,0
20260872,60,500,15,3000,3000,3000,3000,"fast","control_informative",0.05,5,0.01,"","separate_mirage","trait2","bfdr_discoveries",0.1,0
20260872,60,500,15,3000,3000,3000,3000,"fast","control_informative",0.05,5,0.01,"","separate_mirage","trait2","bfdr_observed_fdp",0.2,0
20260872,60,500,15,3000,3000,3000,3000,"fast","control_informative",0.05,5,0.01,"","separate_mirage","trait2","bfdr_estimate",0.2,0
20260872,60,500,15,3000,3000,3000,3000,"fast","control_informative",0.05,5,0.01,"","separate_mirage","trait2","bfdr_power",0.2,0
20260872,60,500,15,3000,3000,3000,3000,"fast","control_informative",0.05,5,0.01,"","separate_mirage","trait2","bfdr_discoveries",0.2,0
20260872,60,500,15,3000,3000,3000,3000,"fast","control_informative",0.05,5,0.01,"","separate_mirage","pleiotropy","bfdr_observed_fdp",0.01,0
20260872,60,500,15,3000,3000,3000,3000,"fast","control_informative",0.05,5,0.01,"","separate_mirage","pleiotropy","bfdr_estimate",0.01,0
20260872,60,500,15,3000,3000,3000,3000,"fast","control_informative",0.05,5,0.01,"","separate_mirage","pleiotropy","bfdr_power",0.01,0
20260872,60,500,15,3000,3000,3000,3000,"fast","control_informative",0.05,5,0.01,"","separate_mirage","pleiotropy","bfdr_discoveries",0.01,0
20260872,60,500,15,3000,3000,3000,3000,"fast","control_informative",0.05,5,0.01,"","separate_mirage","pleiotropy","bfdr_observed_fdp",0.05,0
20260872,60,500,15,3000,3000,3000,3000,"fast","control_informative",0.05,5,0.01,"","separate_mirage","pleiotropy","bfdr_estimate",0.05,0
20260872,60,500,15,3000,3000,3000,3000,"fast","control_informative",0.05,5,0.01,"","separate_mirage","pleiotropy","bfdr_power",0.05,0
20260872,60,500,15,3000,3000,3000,3000,"fast","control_informative",0.05,5,0.01,"","separate_mirage","pleiotropy","bfdr_discoveries",0.05,0
20260872,60,500,15,3000,3000,3000,3000,"fast","control_informative",0.05,5,0.01,"","separate_mirage","pleiotropy","bfdr_observed_fdp",0.1,0
20260872,60,500,15,3000,3000,3000,3000,"fast","control_informative",0.05,5,0.01,"","separate_mirage","pleiotropy","bfdr_estimate",0.1,0
20260872,60,500,15,3000,3000,3000,3000,"fast","control_informative",0.05,5,0.01,"","separate_mirage","pleiotropy","bfdr_power",0.1,0
20260872,60,500,15,3000,3000,3000,3000,"fast","control_informative",0.05,5,0.01,"","separate_mirage","pleiotropy","bfdr_discoveries",0.1,0
20260872,60,500,15,3000,3000,3000,3000,"fast","control_informative",0.05,5,0.01,"","separate_mirage","pleiotropy","bfdr_observed_fdp",0.2,0
20260872,60,500,15,3000,3000,3000,3000,"fast","control_informative",0.05,5,0.01,"","separate_mirage","pleiotropy","bfdr_estimate",0.2,0
20260872,60,500,15,3000,3000,3000,3000,"fast","control_informative",0.05,5,0.01,"","separate_mirage","pleiotropy","bfdr_power",0.2,0
20260872,60,500,15,3000,3000,3000,3000,"fast","control_informative",0.05,5,0.01,"","separate_mirage","pleiotropy","bfdr_discoveries",0.2,0
20260872,60,500,15,3000,3000,3000,3000,"fast","control_informative",0.05,5,0.01,"","separate_mirage","global","runtime_seconds",NA,18.1950000000002
20260872,60,500,15,3000,3000,3000,3000,"fast","control_informative",0.05,5,0.01,"","separate_mirage","pleiotropy","pi11_estimate",NA,0.001
20260872,60,500,15,3000,3000,3000,3000,"fast","control_informative",0.05,5,0.01,"","mtada_aggregated","trait1","auc",NA,0.669347368421053
20260872,60,500,15,3000,3000,3000,3000,"fast","control_informative",0.05,5,0.01,"","mtada_aggregated","trait2","auc",NA,0.674897959183673
20260872,60,500,15,3000,3000,3000,3000,"fast","control_informative",0.05,5,0.01,"","mtada_aggregated","pleiotropy","auc",NA,0.661010101010101
20260872,60,500,15,3000,3000,3000,3000,"fast","control_informative",0.05,5,0.01,"","mtada_aggregated","trait1","pp08_power",0.8,0.32
20260872,60,500,15,3000,3000,3000,3000,"fast","control_informative",0.05,5,0.01,"","mtada_aggregated","trait1","pp08_fdp",0.8,0.829787234042553
20260872,60,500,15,3000,3000,3000,3000,"fast","control_informative",0.05,5,0.01,"","mtada_aggregated","trait1","pp08_discoveries",0.8,47
20260872,60,500,15,3000,3000,3000,3000,"fast","control_informative",0.05,5,0.01,"","mtada_aggregated","trait2","pp08_power",0.8,0.1
20260872,60,500,15,3000,3000,3000,3000,"fast","control_informative",0.05,5,0.01,"","mtada_aggregated","trait2","pp08_fdp",0.8,0.96969696969697
20260872,60,500,15,3000,3000,3000,3000,"fast","control_informative",0.05,5,0.01,"","mtada_aggregated","trait2","pp08_discoveries",0.8,33
20260872,60,500,15,3000,3000,3000,3000,"fast","control_informative",0.05,5,0.01,"","mtada_aggregated","pleiotropy","pp08_power",0.8,0
20260872,60,500,15,3000,3000,3000,3000,"fast","control_informative",0.05,5,0.01,"","mtada_aggregated","pleiotropy","pp08_fdp",0.8,1
20260872,60,500,15,3000,3000,3000,3000,"fast","control_informative",0.05,5,0.01,"","mtada_aggregated","pleiotropy","pp08_discoveries",0.8,4
20260872,60,500,15,3000,3000,3000,3000,"fast","control_informative",0.05,5,0.01,"","mtada_aggregated","trait1","bfdr_observed_fdp",0.01,0.794871794871795
20260872,60,500,15,3000,3000,3000,3000,"fast","control_informative",0.05,5,0.01,"","mtada_aggregated","trait1","bfdr_estimate",0.01,0.00962947634617777
20260872,60,500,15,3000,3000,3000,3000,"fast","control_informative",0.05,5,0.01,"","mtada_aggregated","trait1","bfdr_power",0.01,0.32
20260872,60,500,15,3000,3000,3000,3000,"fast","control_informative",0.05,5,0.01,"","mtada_aggregated","trait1","bfdr_discoveries",0.01,39
20260872,60,500,15,3000,3000,3000,3000,"fast","control_informative",0.05,5,0.01,"","mtada_aggregated","trait1","bfdr_observed_fdp",0.05,0.84
20260872,60,500,15,3000,3000,3000,3000,"fast","control_informative",0.05,5,0.01,"","mtada_aggregated","trait1","bfdr_estimate",0.05,0.0488346289737725
20260872,60,500,15,3000,3000,3000,3000,"fast","control_informative",0.05,5,0.01,"","mtada_aggregated","trait1","bfdr_power",0.05,0.32
20260872,60,500,15,3000,3000,3000,3000,"fast","control_informative",0.05,5,0.01,"","mtada_aggregated","trait1","bfdr_discoveries",0.05,50
20260872,60,500,15,3000,3000,3000,3000,"fast","control_informative",0.05,5,0.01,"","mtada_aggregated","trait1","bfdr_observed_fdp",0.1,0.839285714285714
20260872,60,500,15,3000,3000,3000,3000,"fast","control_informative",0.05,5,0.01,"","mtada_aggregated","trait1","bfdr_estimate",0.1,0.0939043414501198
20260872,60,500,15,3000,3000,3000,3000,"fast","control_informative",0.05,5,0.01,"","mtada_aggregated","trait1","bfdr_power",0.1,0.36
20260872,60,500,15,3000,3000,3000,3000,"fast","control_informative",0.05,5,0.01,"","mtada_aggregated","trait1","bfdr_discoveries",0.1,56
20260872,60,500,15,3000,3000,3000,3000,"fast","control_informative",0.05,5,0.01,"","mtada_aggregated","trait1","bfdr_observed_fdp",0.2,0.823529411764706
20260872,60,500,15,3000,3000,3000,3000,"fast","control_informative",0.05,5,0.01,"","mtada_aggregated","trait1","bfdr_estimate",0.2,0.197255772769684
20260872,60,500,15,3000,3000,3000,3000,"fast","control_informative",0.05,5,0.01,"","mtada_aggregated","trait1","bfdr_power",0.2,0.48
20260872,60,500,15,3000,3000,3000,3000,"fast","control_informative",0.05,5,0.01,"","mtada_aggregated","trait1","bfdr_discoveries",0.2,68
20260872,60,500,15,3000,3000,3000,3000,"fast","control_informative",0.05,5,0.01,"","mtada_aggregated","trait2","bfdr_observed_fdp",0.01,0.967741935483871
20260872,60,500,15,3000,3000,3000,3000,"fast","control_informative",0.05,5,0.01,"","mtada_aggregated","trait2","bfdr_estimate",0.01,0.00849892825252295
20260872,60,500,15,3000,3000,3000,3000,"fast","control_informative",0.05,5,0.01,"","mtada_aggregated","trait2","bfdr_power",0.01,0.1
20260872,60,500,15,3000,3000,3000,3000,"fast","control_informative",0.05,5,0.01,"","mtada_aggregated","trait2","bfdr_discoveries",0.01,31
20260872,60,500,15,3000,3000,3000,3000,"fast","control_informative",0.05,5,0.01,"","mtada_aggregated","trait2","bfdr_observed_fdp",0.05,0.945945945945946
20260872,60,500,15,3000,3000,3000,3000,"fast","control_informative",0.05,5,0.01,"","mtada_aggregated","trait2","bfdr_estimate",0.05,0.0424080238986348
20260872,60,500,15,3000,3000,3000,3000,"fast","control_informative",0.05,5,0.01,"","mtada_aggregated","trait2","bfdr_power",0.05,0.2
20260872,60,500,15,3000,3000,3000,3000,"fast","control_informative",0.05,5,0.01,"","mtada_aggregated","trait2","bfdr_discoveries",0.05,37
20260872,60,500,15,3000,3000,3000,3000,"fast","control_informative",0.05,5,0.01,"","mtada_aggregated","trait2","bfdr_observed_fdp",0.1,0.928571428571429
20260872,60,500,15,3000,3000,3000,3000,"fast","control_informative",0.05,5,0.01,"","mtada_aggregated","trait2","bfdr_estimate",0.1,0.0951911566356607
20260872,60,500,15,3000,3000,3000,3000,"fast","control_informative",0.05,5,0.01,"","mtada_aggregated","trait2","bfdr_power",0.1,0.3
20260872,60,500,15,3000,3000,3000,3000,"fast","control_informative",0.05,5,0.01,"","mtada_aggregated","trait2","bfdr_discoveries",0.1,42
20260872,60,500,15,3000,3000,3000,3000,"fast","control_informative",0.05,5,0.01,"","mtada_aggregated","trait2","bfdr_observed_fdp",0.2,0.92156862745098
20260872,60,500,15,3000,3000,3000,3000,"fast","control_informative",0.05,5,0.01,"","mtada_aggregated","trait2","bfdr_estimate",0.2,0.19782441480617
20260872,60,500,15,3000,3000,3000,3000,"fast","control_informative",0.05,5,0.01,"","mtada_aggregated","trait2","bfdr_power",0.2,0.4
20260872,60,500,15,3000,3000,3000,3000,"fast","control_informative",0.05,5,0.01,"","mtada_aggregated","trait2","bfdr_discoveries",0.2,51
20260872,60,500,15,3000,3000,3000,3000,"fast","control_informative",0.05,5,0.01,"","mtada_aggregated","pleiotropy","bfdr_observed_fdp",0.01,1
20260872,60,500,15,3000,3000,3000,3000,"fast","control_informative",0.05,5,0.01,"","mtada_aggregated","pleiotropy","bfdr_estimate",0.01,9.76043688650785e-05
20260872,60,500,15,3000,3000,3000,3000,"fast","control_informative",0.05,5,0.01,"","mtada_aggregated","pleiotropy","bfdr_power",0.01,0
20260872,60,500,15,3000,3000,3000,3000,"fast","control_informative",0.05,5,0.01,"","mtada_aggregated","pleiotropy","bfdr_discoveries",0.01,3
20260872,60,500,15,3000,3000,3000,3000,"fast","control_informative",0.05,5,0.01,"","mtada_aggregated","pleiotropy","bfdr_observed_fdp",0.05,1
20260872,60,500,15,3000,3000,3000,3000,"fast","control_informative",0.05,5,0.01,"","mtada_aggregated","pleiotropy","bfdr_estimate",0.05,0.0115242337885569
20260872,60,500,15,3000,3000,3000,3000,"fast","control_informative",0.05,5,0.01,"","mtada_aggregated","pleiotropy","bfdr_power",0.05,0
20260872,60,500,15,3000,3000,3000,3000,"fast","control_informative",0.05,5,0.01,"","mtada_aggregated","pleiotropy","bfdr_discoveries",0.05,4
20260872,60,500,15,3000,3000,3000,3000,"fast","control_informative",0.05,5,0.01,"","mtada_aggregated","pleiotropy","bfdr_observed_fdp",0.1,1
20260872,60,500,15,3000,3000,3000,3000,"fast","control_informative",0.05,5,0.01,"","mtada_aggregated","pleiotropy","bfdr_estimate",0.1,0.0623685698542209
20260872,60,500,15,3000,3000,3000,3000,"fast","control_informative",0.05,5,0.01,"","mtada_aggregated","pleiotropy","bfdr_power",0.1,0
20260872,60,500,15,3000,3000,3000,3000,"fast","control_informative",0.05,5,0.01,"","mtada_aggregated","pleiotropy","bfdr_discoveries",0.1,5
20260872,60,500,15,3000,3000,3000,3000,"fast","control_informative",0.05,5,0.01,"","mtada_aggregated","pleiotropy","bfdr_observed_fdp",0.2,1
20260872,60,500,15,3000,3000,3000,3000,"fast","control_informative",0.05,5,0.01,"","mtada_aggregated","pleiotropy","bfdr_estimate",0.2,0.130371225033169
20260872,60,500,15,3000,3000,3000,3000,"fast","control_informative",0.05,5,0.01,"","mtada_aggregated","pleiotropy","bfdr_power",0.2,0
20260872,60,500,15,3000,3000,3000,3000,"fast","control_informative",0.05,5,0.01,"","mtada_aggregated","pleiotropy","bfdr_discoveries",0.2,6
20260872,60,500,15,3000,3000,3000,3000,"fast","control_informative",0.05,5,0.01,"","mtada_aggregated","global","runtime_seconds",NA,0.741999999999962
20260872,60,500,15,3000,3000,3000,3000,"fast","control_informative",0.05,5,0.01,"","mtada_aggregated","pleiotropy","pi11_estimate",NA,0.00152502
20260873,61,500,15,3000,3000,3000,3000,"fast","control_informative",0.05,5,0.01,"","mirage_joint","trait1","auc",NA,0.614821052631579
20260873,61,500,15,3000,3000,3000,3000,"fast","control_informative",0.05,5,0.01,"","mirage_joint","trait2","auc",NA,0.650816326530612
20260873,61,500,15,3000,3000,3000,3000,"fast","control_informative",0.05,5,0.01,"","mirage_joint","pleiotropy","auc",NA,0.766464646464647
20260873,61,500,15,3000,3000,3000,3000,"fast","control_informative",0.05,5,0.01,"","mirage_joint","trait1","pp08_power",0.8,0.04
20260873,61,500,15,3000,3000,3000,3000,"fast","control_informative",0.05,5,0.01,"","mirage_joint","trait1","pp08_fdp",0.8,0
20260873,61,500,15,3000,3000,3000,3000,"fast","control_informative",0.05,5,0.01,"","mirage_joint","trait1","pp08_discoveries",0.8,1
20260873,61,500,15,3000,3000,3000,3000,"fast","control_informative",0.05,5,0.01,"","mirage_joint","trait2","pp08_power",0.8,0
20260873,61,500,15,3000,3000,3000,3000,"fast","control_informative",0.05,5,0.01,"","mirage_joint","trait2","pp08_fdp",0.8,0
20260873,61,500,15,3000,3000,3000,3000,"fast","control_informative",0.05,5,0.01,"","mirage_joint","trait2","pp08_discoveries",0.8,0
20260873,61,500,15,3000,3000,3000,3000,"fast","control_informative",0.05,5,0.01,"","mirage_joint","pleiotropy","pp08_power",0.8,0
20260873,61,500,15,3000,3000,3000,3000,"fast","control_informative",0.05,5,0.01,"","mirage_joint","pleiotropy","pp08_fdp",0.8,0
20260873,61,500,15,3000,3000,3000,3000,"fast","control_informative",0.05,5,0.01,"","mirage_joint","pleiotropy","pp08_discoveries",0.8,0
20260873,61,500,15,3000,3000,3000,3000,"fast","control_informative",0.05,5,0.01,"","mirage_joint","trait1","bfdr_observed_fdp",0.01,0
20260873,61,500,15,3000,3000,3000,3000,"fast","control_informative",0.05,5,0.01,"","mirage_joint","trait1","bfdr_estimate",0.01,0.00102590317584117
20260873,61,500,15,3000,3000,3000,3000,"fast","control_informative",0.05,5,0.01,"","mirage_joint","trait1","bfdr_power",0.01,0.04
20260873,61,500,15,3000,3000,3000,3000,"fast","control_informative",0.05,5,0.01,"","mirage_joint","trait1","bfdr_discoveries",0.01,1
20260873,61,500,15,3000,3000,3000,3000,"fast","control_informative",0.05,5,0.01,"","mirage_joint","trait1","bfdr_observed_fdp",0.05,0
20260873,61,500,15,3000,3000,3000,3000,"fast","control_informative",0.05,5,0.01,"","mirage_joint","trait1","bfdr_estimate",0.05,0.00102590317584117
20260873,61,500,15,3000,3000,3000,3000,"fast","control_informative",0.05,5,0.01,"","mirage_joint","trait1","bfdr_power",0.05,0.04
20260873,61,500,15,3000,3000,3000,3000,"fast","control_informative",0.05,5,0.01,"","mirage_joint","trait1","bfdr_discoveries",0.05,1
20260873,61,500,15,3000,3000,3000,3000,"fast","control_informative",0.05,5,0.01,"","mirage_joint","trait1","bfdr_observed_fdp",0.1,0
20260873,61,500,15,3000,3000,3000,3000,"fast","control_informative",0.05,5,0.01,"","mirage_joint","trait1","bfdr_estimate",0.1,0.00102590317584117
20260873,61,500,15,3000,3000,3000,3000,"fast","control_informative",0.05,5,0.01,"","mirage_joint","trait1","bfdr_power",0.1,0.04
20260873,61,500,15,3000,3000,3000,3000,"fast","control_informative",0.05,5,0.01,"","mirage_joint","trait1","bfdr_discoveries",0.1,1
20260873,61,500,15,3000,3000,3000,3000,"fast","control_informative",0.05,5,0.01,"","mirage_joint","trait1","bfdr_observed_fdp",0.2,0
20260873,61,500,15,3000,3000,3000,3000,"fast","control_informative",0.05,5,0.01,"","mirage_joint","trait1","bfdr_estimate",0.2,0.155671947450998
20260873,61,500,15,3000,3000,3000,3000,"fast","control_informative",0.05,5,0.01,"","mirage_joint","trait1","bfdr_power",0.2,0.08
20260873,61,500,15,3000,3000,3000,3000,"fast","control_informative",0.05,5,0.01,"","mirage_joint","trait1","bfdr_discoveries",0.2,2
20260873,61,500,15,3000,3000,3000,3000,"fast","control_informative",0.05,5,0.01,"","mirage_joint","trait2","bfdr_observed_fdp",0.01,0
20260873,61,500,15,3000,3000,3000,3000,"fast","control_informative",0.05,5,0.01,"","mirage_joint","trait2","bfdr_estimate",0.01,0
20260873,61,500,15,3000,3000,3000,3000,"fast","control_informative",0.05,5,0.01,"","mirage_joint","trait2","bfdr_power",0.01,0
20260873,61,500,15,3000,3000,3000,3000,"fast","control_informative",0.05,5,0.01,"","mirage_joint","trait2","bfdr_discoveries",0.01,0
20260873,61,500,15,3000,3000,3000,3000,"fast","control_informative",0.05,5,0.01,"","mirage_joint","trait2","bfdr_observed_fdp",0.05,0
20260873,61,500,15,3000,3000,3000,3000,"fast","control_informative",0.05,5,0.01,"","mirage_joint","trait2","bfdr_estimate",0.05,0
20260873,61,500,15,3000,3000,3000,3000,"fast","control_informative",0.05,5,0.01,"","mirage_joint","trait2","bfdr_power",0.05,0
20260873,61,500,15,3000,3000,3000,3000,"fast","control_informative",0.05,5,0.01,"","mirage_joint","trait2","bfdr_discoveries",0.05,0
20260873,61,500,15,3000,3000,3000,3000,"fast","control_informative",0.05,5,0.01,"","mirage_joint","trait2","bfdr_observed_fdp",0.1,0
20260873,61,500,15,3000,3000,3000,3000,"fast","control_informative",0.05,5,0.01,"","mirage_joint","trait2","bfdr_estimate",0.1,0
20260873,61,500,15,3000,3000,3000,3000,"fast","control_informative",0.05,5,0.01,"","mirage_joint","trait2","bfdr_power",0.1,0
20260873,61,500,15,3000,3000,3000,3000,"fast","control_informative",0.05,5,0.01,"","mirage_joint","trait2","bfdr_discoveries",0.1,0
20260873,61,500,15,3000,3000,3000,3000,"fast","control_informative",0.05,5,0.01,"","mirage_joint","trait2","bfdr_observed_fdp",0.2,0
20260873,61,500,15,3000,3000,3000,3000,"fast","control_informative",0.05,5,0.01,"","mirage_joint","trait2","bfdr_estimate",0.2,0
20260873,61,500,15,3000,3000,3000,3000,"fast","control_informative",0.05,5,0.01,"","mirage_joint","trait2","bfdr_power",0.2,0
20260873,61,500,15,3000,3000,3000,3000,"fast","control_informative",0.05,5,0.01,"","mirage_joint","trait2","bfdr_discoveries",0.2,0
20260873,61,500,15,3000,3000,3000,3000,"fast","control_informative",0.05,5,0.01,"","mirage_joint","pleiotropy","bfdr_observed_fdp",0.01,0
20260873,61,500,15,3000,3000,3000,3000,"fast","control_informative",0.05,5,0.01,"","mirage_joint","pleiotropy","bfdr_estimate",0.01,0
20260873,61,500,15,3000,3000,3000,3000,"fast","control_informative",0.05,5,0.01,"","mirage_joint","pleiotropy","bfdr_power",0.01,0
20260873,61,500,15,3000,3000,3000,3000,"fast","control_informative",0.05,5,0.01,"","mirage_joint","pleiotropy","bfdr_discoveries",0.01,0
20260873,61,500,15,3000,3000,3000,3000,"fast","control_informative",0.05,5,0.01,"","mirage_joint","pleiotropy","bfdr_observed_fdp",0.05,0
20260873,61,500,15,3000,3000,3000,3000,"fast","control_informative",0.05,5,0.01,"","mirage_joint","pleiotropy","bfdr_estimate",0.05,0
20260873,61,500,15,3000,3000,3000,3000,"fast","control_informative",0.05,5,0.01,"","mirage_joint","pleiotropy","bfdr_power",0.05,0
20260873,61,500,15,3000,3000,3000,3000,"fast","control_informative",0.05,5,0.01,"","mirage_joint","pleiotropy","bfdr_discoveries",0.05,0
20260873,61,500,15,3000,3000,3000,3000,"fast","control_informative",0.05,5,0.01,"","mirage_joint","pleiotropy","bfdr_observed_fdp",0.1,0
20260873,61,500,15,3000,3000,3000,3000,"fast","control_informative",0.05,5,0.01,"","mirage_joint","pleiotropy","bfdr_estimate",0.1,0
20260873,61,500,15,3000,3000,3000,3000,"fast","control_informative",0.05,5,0.01,"","mirage_joint","pleiotropy","bfdr_power",0.1,0
20260873,61,500,15,3000,3000,3000,3000,"fast","control_informative",0.05,5,0.01,"","mirage_joint","pleiotropy","bfdr_discoveries",0.1,0
20260873,61,500,15,3000,3000,3000,3000,"fast","control_informative",0.05,5,0.01,"","mirage_joint","pleiotropy","bfdr_observed_fdp",0.2,0
20260873,61,500,15,3000,3000,3000,3000,"fast","control_informative",0.05,5,0.01,"","mirage_joint","pleiotropy","bfdr_estimate",0.2,0
20260873,61,500,15,3000,3000,3000,3000,"fast","control_informative",0.05,5,0.01,"","mirage_joint","pleiotropy","bfdr_power",0.2,0
20260873,61,500,15,3000,3000,3000,3000,"fast","control_informative",0.05,5,0.01,"","mirage_joint","pleiotropy","bfdr_discoveries",0.2,0
20260873,61,500,15,3000,3000,3000,3000,"fast","control_informative",0.05,5,0.01,"","mirage_joint","global","runtime_seconds",NA,18.9770000000001
20260873,61,500,15,3000,3000,3000,3000,"fast","control_informative",0.05,5,0.01,"","mirage_joint","pleiotropy","pi11_estimate",NA,0.0100624216244681
20260873,61,500,15,3000,3000,3000,3000,"fast","control_informative",0.05,5,0.01,"","separate_mirage","trait1","auc",NA,0.613305263157895
20260873,61,500,15,3000,3000,3000,3000,"fast","control_informative",0.05,5,0.01,"","separate_mirage","trait2","auc",NA,0.553877551020408
20260873,61,500,15,3000,3000,3000,3000,"fast","control_informative",0.05,5,0.01,"","separate_mirage","pleiotropy","auc",NA,0.77050505050505
20260873,61,500,15,3000,3000,3000,3000,"fast","control_informative",0.05,5,0.01,"","separate_mirage","trait1","pp08_power",0.8,0.04
20260873,61,500,15,3000,3000,3000,3000,"fast","control_informative",0.05,5,0.01,"","separate_mirage","trait1","pp08_fdp",0.8,0
20260873,61,500,15,3000,3000,3000,3000,"fast","control_informative",0.05,5,0.01,"","separate_mirage","trait1","pp08_discoveries",0.8,1
20260873,61,500,15,3000,3000,3000,3000,"fast","control_informative",0.05,5,0.01,"","separate_mirage","trait2","pp08_power",0.8,0
20260873,61,500,15,3000,3000,3000,3000,"fast","control_informative",0.05,5,0.01,"","separate_mirage","trait2","pp08_fdp",0.8,0
20260873,61,500,15,3000,3000,3000,3000,"fast","control_informative",0.05,5,0.01,"","separate_mirage","trait2","pp08_discoveries",0.8,0
20260873,61,500,15,3000,3000,3000,3000,"fast","control_informative",0.05,5,0.01,"","separate_mirage","pleiotropy","pp08_power",0.8,0
20260873,61,500,15,3000,3000,3000,3000,"fast","control_informative",0.05,5,0.01,"","separate_mirage","pleiotropy","pp08_fdp",0.8,0
20260873,61,500,15,3000,3000,3000,3000,"fast","control_informative",0.05,5,0.01,"","separate_mirage","pleiotropy","pp08_discoveries",0.8,0
20260873,61,500,15,3000,3000,3000,3000,"fast","control_informative",0.05,5,0.01,"","separate_mirage","trait1","bfdr_observed_fdp",0.01,0
20260873,61,500,15,3000,3000,3000,3000,"fast","control_informative",0.05,5,0.01,"","separate_mirage","trait1","bfdr_estimate",0.01,0.00168280510987606
20260873,61,500,15,3000,3000,3000,3000,"fast","control_informative",0.05,5,0.01,"","separate_mirage","trait1","bfdr_power",0.01,0.04
20260873,61,500,15,3000,3000,3000,3000,"fast","control_informative",0.05,5,0.01,"","separate_mirage","trait1","bfdr_discoveries",0.01,1
20260873,61,500,15,3000,3000,3000,3000,"fast","control_informative",0.05,5,0.01,"","separate_mirage","trait1","bfdr_observed_fdp",0.05,0
20260873,61,500,15,3000,3000,3000,3000,"fast","control_informative",0.05,5,0.01,"","separate_mirage","trait1","bfdr_estimate",0.05,0.00168280510987606
20260873,61,500,15,3000,3000,3000,3000,"fast","control_informative",0.05,5,0.01,"","separate_mirage","trait1","bfdr_power",0.05,0.04
20260873,61,500,15,3000,3000,3000,3000,"fast","control_informative",0.05,5,0.01,"","separate_mirage","trait1","bfdr_discoveries",0.05,1
20260873,61,500,15,3000,3000,3000,3000,"fast","control_informative",0.05,5,0.01,"","separate_mirage","trait1","bfdr_observed_fdp",0.1,0
20260873,61,500,15,3000,3000,3000,3000,"fast","control_informative",0.05,5,0.01,"","separate_mirage","trait1","bfdr_estimate",0.1,0.00168280510987606
20260873,61,500,15,3000,3000,3000,3000,"fast","control_informative",0.05,5,0.01,"","separate_mirage","trait1","bfdr_power",0.1,0.04
20260873,61,500,15,3000,3000,3000,3000,"fast","control_informative",0.05,5,0.01,"","separate_mirage","trait1","bfdr_discoveries",0.1,1
20260873,61,500,15,3000,3000,3000,3000,"fast","control_informative",0.05,5,0.01,"","separate_mirage","trait1","bfdr_observed_fdp",0.2,0
20260873,61,500,15,3000,3000,3000,3000,"fast","control_informative",0.05,5,0.01,"","separate_mirage","trait1","bfdr_estimate",0.2,0.17188077405577
20260873,61,500,15,3000,3000,3000,3000,"fast","control_informative",0.05,5,0.01,"","separate_mirage","trait1","bfdr_power",0.2,0.08
20260873,61,500,15,3000,3000,3000,3000,"fast","control_informative",0.05,5,0.01,"","separate_mirage","trait1","bfdr_discoveries",0.2,2
20260873,61,500,15,3000,3000,3000,3000,"fast","control_informative",0.05,5,0.01,"","separate_mirage","trait2","bfdr_observed_fdp",0.01,0
20260873,61,500,15,3000,3000,3000,3000,"fast","control_informative",0.05,5,0.01,"","separate_mirage","trait2","bfdr_estimate",0.01,0
20260873,61,500,15,3000,3000,3000,3000,"fast","control_informative",0.05,5,0.01,"","separate_mirage","trait2","bfdr_power",0.01,0
20260873,61,500,15,3000,3000,3000,3000,"fast","control_informative",0.05,5,0.01,"","separate_mirage","trait2","bfdr_discoveries",0.01,0
20260873,61,500,15,3000,3000,3000,3000,"fast","control_informative",0.05,5,0.01,"","separate_mirage","trait2","bfdr_observed_fdp",0.05,0
20260873,61,500,15,3000,3000,3000,3000,"fast","control_informative",0.05,5,0.01,"","separate_mirage","trait2","bfdr_estimate",0.05,0
20260873,61,500,15,3000,3000,3000,3000,"fast","control_informative",0.05,5,0.01,"","separate_mirage","trait2","bfdr_power",0.05,0
20260873,61,500,15,3000,3000,3000,3000,"fast","control_informative",0.05,5,0.01,"","separate_mirage","trait2","bfdr_discoveries",0.05,0
20260873,61,500,15,3000,3000,3000,3000,"fast","control_informative",0.05,5,0.01,"","separate_mirage","trait2","bfdr_observed_fdp",0.1,0
20260873,61,500,15,3000,3000,3000,3000,"fast","control_informative",0.05,5,0.01,"","separate_mirage","trait2","bfdr_estimate",0.1,0
20260873,61,500,15,3000,3000,3000,3000,"fast","control_informative",0.05,5,0.01,"","separate_mirage","trait2","bfdr_power",0.1,0
20260873,61,500,15,3000,3000,3000,3000,"fast","control_informative",0.05,5,0.01,"","separate_mirage","trait2","bfdr_discoveries",0.1,0
20260873,61,500,15,3000,3000,3000,3000,"fast","control_informative",0.05,5,0.01,"","separate_mirage","trait2","bfdr_observed_fdp",0.2,0
20260873,61,500,15,3000,3000,3000,3000,"fast","control_informative",0.05,5,0.01,"","separate_mirage","trait2","bfdr_estimate",0.2,0
20260873,61,500,15,3000,3000,3000,3000,"fast","control_informative",0.05,5,0.01,"","separate_mirage","trait2","bfdr_power",0.2,0
20260873,61,500,15,3000,3000,3000,3000,"fast","control_informative",0.05,5,0.01,"","separate_mirage","trait2","bfdr_discoveries",0.2,0
20260873,61,500,15,3000,3000,3000,3000,"fast","control_informative",0.05,5,0.01,"","separate_mirage","pleiotropy","bfdr_observed_fdp",0.01,0
20260873,61,500,15,3000,3000,3000,3000,"fast","control_informative",0.05,5,0.01,"","separate_mirage","pleiotropy","bfdr_estimate",0.01,0
20260873,61,500,15,3000,3000,3000,3000,"fast","control_informative",0.05,5,0.01,"","separate_mirage","pleiotropy","bfdr_power",0.01,0
20260873,61,500,15,3000,3000,3000,3000,"fast","control_informative",0.05,5,0.01,"","separate_mirage","pleiotropy","bfdr_discoveries",0.01,0
20260873,61,500,15,3000,3000,3000,3000,"fast","control_informative",0.05,5,0.01,"","separate_mirage","pleiotropy","bfdr_observed_fdp",0.05,0
20260873,61,500,15,3000,3000,3000,3000,"fast","control_informative",0.05,5,0.01,"","separate_mirage","pleiotropy","bfdr_estimate",0.05,0
20260873,61,500,15,3000,3000,3000,3000,"fast","control_informative",0.05,5,0.01,"","separate_mirage","pleiotropy","bfdr_power",0.05,0
20260873,61,500,15,3000,3000,3000,3000,"fast","control_informative",0.05,5,0.01,"","separate_mirage","pleiotropy","bfdr_discoveries",0.05,0
20260873,61,500,15,3000,3000,3000,3000,"fast","control_informative",0.05,5,0.01,"","separate_mirage","pleiotropy","bfdr_observed_fdp",0.1,0
20260873,61,500,15,3000,3000,3000,3000,"fast","control_informative",0.05,5,0.01,"","separate_mirage","pleiotropy","bfdr_estimate",0.1,0
20260873,61,500,15,3000,3000,3000,3000,"fast","control_informative",0.05,5,0.01,"","separate_mirage","pleiotropy","bfdr_power",0.1,0
20260873,61,500,15,3000,3000,3000,3000,"fast","control_informative",0.05,5,0.01,"","separate_mirage","pleiotropy","bfdr_discoveries",0.1,0
20260873,61,500,15,3000,3000,3000,3000,"fast","control_informative",0.05,5,0.01,"","separate_mirage","pleiotropy","bfdr_observed_fdp",0.2,0
20260873,61,500,15,3000,3000,3000,3000,"fast","control_informative",0.05,5,0.01,"","separate_mirage","pleiotropy","bfdr_estimate",0.2,0
20260873,61,500,15,3000,3000,3000,3000,"fast","control_informative",0.05,5,0.01,"","separate_mirage","pleiotropy","bfdr_power",0.2,0
20260873,61,500,15,3000,3000,3000,3000,"fast","control_informative",0.05,5,0.01,"","separate_mirage","pleiotropy","bfdr_discoveries",0.2,0
20260873,61,500,15,3000,3000,3000,3000,"fast","control_informative",0.05,5,0.01,"","separate_mirage","global","runtime_seconds",NA,18.559
20260873,61,500,15,3000,3000,3000,3000,"fast","control_informative",0.05,5,0.01,"","separate_mirage","pleiotropy","pi11_estimate",NA,0.001
20260873,61,500,15,3000,3000,3000,3000,"fast","control_informative",0.05,5,0.01,"","mtada_aggregated","trait1","auc",NA,0.648757894736842
20260873,61,500,15,3000,3000,3000,3000,"fast","control_informative",0.05,5,0.01,"","mtada_aggregated","trait2","auc",NA,0.546122448979592
20260873,61,500,15,3000,3000,3000,3000,"fast","control_informative",0.05,5,0.01,"","mtada_aggregated","pleiotropy","auc",NA,0.602020202020202
20260873,61,500,15,3000,3000,3000,3000,"fast","control_informative",0.05,5,0.01,"","mtada_aggregated","trait1","pp08_power",0.8,0.12
20260873,61,500,15,3000,3000,3000,3000,"fast","control_informative",0.05,5,0.01,"","mtada_aggregated","trait1","pp08_fdp",0.8,0.918918918918919
20260873,61,500,15,3000,3000,3000,3000,"fast","control_informative",0.05,5,0.01,"","mtada_aggregated","trait1","pp08_discoveries",0.8,37
20260873,61,500,15,3000,3000,3000,3000,"fast","control_informative",0.05,5,0.01,"","mtada_aggregated","trait2","pp08_power",0.8,0
20260873,61,500,15,3000,3000,3000,3000,"fast","control_informative",0.05,5,0.01,"","mtada_aggregated","trait2","pp08_fdp",0.8,1
20260873,61,500,15,3000,3000,3000,3000,"fast","control_informative",0.05,5,0.01,"","mtada_aggregated","trait2","pp08_discoveries",0.8,43
20260873,61,500,15,3000,3000,3000,3000,"fast","control_informative",0.05,5,0.01,"","mtada_aggregated","pleiotropy","pp08_power",0.8,0
20260873,61,500,15,3000,3000,3000,3000,"fast","control_informative",0.05,5,0.01,"","mtada_aggregated","pleiotropy","pp08_fdp",0.8,1
20260873,61,500,15,3000,3000,3000,3000,"fast","control_informative",0.05,5,0.01,"","mtada_aggregated","pleiotropy","pp08_discoveries",0.8,5
20260873,61,500,15,3000,3000,3000,3000,"fast","control_informative",0.05,5,0.01,"","mtada_aggregated","trait1","bfdr_observed_fdp",0.01,0.909090909090909
20260873,61,500,15,3000,3000,3000,3000,"fast","control_informative",0.05,5,0.01,"","mtada_aggregated","trait1","bfdr_estimate",0.01,0.00786937813530234
20260873,61,500,15,3000,3000,3000,3000,"fast","control_informative",0.05,5,0.01,"","mtada_aggregated","trait1","bfdr_power",0.01,0.12
20260873,61,500,15,3000,3000,3000,3000,"fast","control_informative",0.05,5,0.01,"","mtada_aggregated","trait1","bfdr_discoveries",0.01,33
20260873,61,500,15,3000,3000,3000,3000,"fast","control_informative",0.05,5,0.01,"","mtada_aggregated","trait1","bfdr_observed_fdp",0.05,0.926829268292683
20260873,61,500,15,3000,3000,3000,3000,"fast","control_informative",0.05,5,0.01,"","mtada_aggregated","trait1","bfdr_estimate",0.05,0.0483934624890368
20260873,61,500,15,3000,3000,3000,3000,"fast","control_informative",0.05,5,0.01,"","mtada_aggregated","trait1","bfdr_power",0.05,0.12
20260873,61,500,15,3000,3000,3000,3000,"fast","control_informative",0.05,5,0.01,"","mtada_aggregated","trait1","bfdr_discoveries",0.05,41
20260873,61,500,15,3000,3000,3000,3000,"fast","control_informative",0.05,5,0.01,"","mtada_aggregated","trait1","bfdr_observed_fdp",0.1,0.893617021276596
20260873,61,500,15,3000,3000,3000,3000,"fast","control_informative",0.05,5,0.01,"","mtada_aggregated","trait1","bfdr_estimate",0.1,0.0944340391649163
20260873,61,500,15,3000,3000,3000,3000,"fast","control_informative",0.05,5,0.01,"","mtada_aggregated","trait1","bfdr_power",0.1,0.2
20260873,61,500,15,3000,3000,3000,3000,"fast","control_informative",0.05,5,0.01,"","mtada_aggregated","trait1","bfdr_discoveries",0.1,47
20260873,61,500,15,3000,3000,3000,3000,"fast","control_informative",0.05,5,0.01,"","mtada_aggregated","trait1","bfdr_observed_fdp",0.2,0.879310344827586
20260873,61,500,15,3000,3000,3000,3000,"fast","control_informative",0.05,5,0.01,"","mtada_aggregated","trait1","bfdr_estimate",0.2,0.194751371052141
20260873,61,500,15,3000,3000,3000,3000,"fast","control_informative",0.05,5,0.01,"","mtada_aggregated","trait1","bfdr_power",0.2,0.28
20260873,61,500,15,3000,3000,3000,3000,"fast","control_informative",0.05,5,0.01,"","mtada_aggregated","trait1","bfdr_discoveries",0.2,58
20260873,61,500,15,3000,3000,3000,3000,"fast","control_informative",0.05,5,0.01,"","mtada_aggregated","trait2","bfdr_observed_fdp",0.01,1
20260873,61,500,15,3000,3000,3000,3000,"fast","control_informative",0.05,5,0.01,"","mtada_aggregated","trait2","bfdr_estimate",0.01,0.00924424702309013
20260873,61,500,15,3000,3000,3000,3000,"fast","control_informative",0.05,5,0.01,"","mtada_aggregated","trait2","bfdr_power",0.01,0
20260873,61,500,15,3000,3000,3000,3000,"fast","control_informative",0.05,5,0.01,"","mtada_aggregated","trait2","bfdr_discoveries",0.01,42
20260873,61,500,15,3000,3000,3000,3000,"fast","control_informative",0.05,5,0.01,"","mtada_aggregated","trait2","bfdr_observed_fdp",0.05,1
20260873,61,500,15,3000,3000,3000,3000,"fast","control_informative",0.05,5,0.01,"","mtada_aggregated","trait2","bfdr_estimate",0.05,0.0483101286393873
20260873,61,500,15,3000,3000,3000,3000,"fast","control_informative",0.05,5,0.01,"","mtada_aggregated","trait2","bfdr_power",0.05,0
20260873,61,500,15,3000,3000,3000,3000,"fast","control_informative",0.05,5,0.01,"","mtada_aggregated","trait2","bfdr_discoveries",0.05,49
20260873,61,500,15,3000,3000,3000,3000,"fast","control_informative",0.05,5,0.01,"","mtada_aggregated","trait2","bfdr_observed_fdp",0.1,1
20260873,61,500,15,3000,3000,3000,3000,"fast","control_informative",0.05,5,0.01,"","mtada_aggregated","trait2","bfdr_estimate",0.1,0.0975515311982338
20260873,61,500,15,3000,3000,3000,3000,"fast","control_informative",0.05,5,0.01,"","mtada_aggregated","trait2","bfdr_power",0.1,0
20260873,61,500,15,3000,3000,3000,3000,"fast","control_informative",0.05,5,0.01,"","mtada_aggregated","trait2","bfdr_discoveries",0.1,54
20260873,61,500,15,3000,3000,3000,3000,"fast","control_informative",0.05,5,0.01,"","mtada_aggregated","trait2","bfdr_observed_fdp",0.2,1
20260873,61,500,15,3000,3000,3000,3000,"fast","control_informative",0.05,5,0.01,"","mtada_aggregated","trait2","bfdr_estimate",0.2,0.190236209073435
20260873,61,500,15,3000,3000,3000,3000,"fast","control_informative",0.05,5,0.01,"","mtada_aggregated","trait2","bfdr_power",0.2,0
20260873,61,500,15,3000,3000,3000,3000,"fast","control_informative",0.05,5,0.01,"","mtada_aggregated","trait2","bfdr_discoveries",0.2,62
20260873,61,500,15,3000,3000,3000,3000,"fast","control_informative",0.05,5,0.01,"","mtada_aggregated","pleiotropy","bfdr_observed_fdp",0.01,1
20260873,61,500,15,3000,3000,3000,3000,"fast","control_informative",0.05,5,0.01,"","mtada_aggregated","pleiotropy","bfdr_estimate",0.01,0.00573367198545344
20260873,61,500,15,3000,3000,3000,3000,"fast","control_informative",0.05,5,0.01,"","mtada_aggregated","pleiotropy","bfdr_power",0.01,0
20260873,61,500,15,3000,3000,3000,3000,"fast","control_informative",0.05,5,0.01,"","mtada_aggregated","pleiotropy","bfdr_discoveries",0.01,4
20260873,61,500,15,3000,3000,3000,3000,"fast","control_informative",0.05,5,0.01,"","mtada_aggregated","pleiotropy","bfdr_observed_fdp",0.05,1
20260873,61,500,15,3000,3000,3000,3000,"fast","control_informative",0.05,5,0.01,"","mtada_aggregated","pleiotropy","bfdr_estimate",0.05,0.0137125277661487
20260873,61,500,15,3000,3000,3000,3000,"fast","control_informative",0.05,5,0.01,"","mtada_aggregated","pleiotropy","bfdr_power",0.05,0
20260873,61,500,15,3000,3000,3000,3000,"fast","control_informative",0.05,5,0.01,"","mtada_aggregated","pleiotropy","bfdr_discoveries",0.05,5
20260873,61,500,15,3000,3000,3000,3000,"fast","control_informative",0.05,5,0.01,"","mtada_aggregated","pleiotropy","bfdr_observed_fdp",0.1,1
20260873,61,500,15,3000,3000,3000,3000,"fast","control_informative",0.05,5,0.01,"","mtada_aggregated","pleiotropy","bfdr_estimate",0.1,0.0137125277661487
20260873,61,500,15,3000,3000,3000,3000,"fast","control_informative",0.05,5,0.01,"","mtada_aggregated","pleiotropy","bfdr_power",0.1,0
20260873,61,500,15,3000,3000,3000,3000,"fast","control_informative",0.05,5,0.01,"","mtada_aggregated","pleiotropy","bfdr_discoveries",0.1,5
20260873,61,500,15,3000,3000,3000,3000,"fast","control_informative",0.05,5,0.01,"","mtada_aggregated","pleiotropy","bfdr_observed_fdp",0.2,1
20260873,61,500,15,3000,3000,3000,3000,"fast","control_informative",0.05,5,0.01,"","mtada_aggregated","pleiotropy","bfdr_estimate",0.2,0.17528528710133
20260873,61,500,15,3000,3000,3000,3000,"fast","control_informative",0.05,5,0.01,"","mtada_aggregated","pleiotropy","bfdr_power",0.2,0
20260873,61,500,15,3000,3000,3000,3000,"fast","control_informative",0.05,5,0.01,"","mtada_aggregated","pleiotropy","bfdr_discoveries",0.2,7
20260873,61,500,15,3000,3000,3000,3000,"fast","control_informative",0.05,5,0.01,"","mtada_aggregated","global","runtime_seconds",NA,0.743999999999915
20260873,61,500,15,3000,3000,3000,3000,"fast","control_informative",0.05,5,0.01,"","mtada_aggregated","pleiotropy","pi11_estimate",NA,0.00202316
20260874,62,500,15,3000,3000,3000,3000,"fast","control_informative",0.05,5,0.01,"","mirage_joint","trait1","auc",NA,0.835368421052632
20260874,62,500,15,3000,3000,3000,3000,"fast","control_informative",0.05,5,0.01,"","mirage_joint","trait2","auc",NA,0.680612244897959
20260874,62,500,15,3000,3000,3000,3000,"fast","control_informative",0.05,5,0.01,"","mirage_joint","pleiotropy","auc",NA,0.785050505050505
20260874,62,500,15,3000,3000,3000,3000,"fast","control_informative",0.05,5,0.01,"","mirage_joint","trait1","pp08_power",0.8,0.12
20260874,62,500,15,3000,3000,3000,3000,"fast","control_informative",0.05,5,0.01,"","mirage_joint","trait1","pp08_fdp",0.8,0.4
20260874,62,500,15,3000,3000,3000,3000,"fast","control_informative",0.05,5,0.01,"","mirage_joint","trait1","pp08_discoveries",0.8,5
20260874,62,500,15,3000,3000,3000,3000,"fast","control_informative",0.05,5,0.01,"","mirage_joint","trait2","pp08_power",0.8,0.1
20260874,62,500,15,3000,3000,3000,3000,"fast","control_informative",0.05,5,0.01,"","mirage_joint","trait2","pp08_fdp",0.8,0
20260874,62,500,15,3000,3000,3000,3000,"fast","control_informative",0.05,5,0.01,"","mirage_joint","trait2","pp08_discoveries",0.8,1
20260874,62,500,15,3000,3000,3000,3000,"fast","control_informative",0.05,5,0.01,"","mirage_joint","pleiotropy","pp08_power",0.8,0.2
20260874,62,500,15,3000,3000,3000,3000,"fast","control_informative",0.05,5,0.01,"","mirage_joint","pleiotropy","pp08_fdp",0.8,0
20260874,62,500,15,3000,3000,3000,3000,"fast","control_informative",0.05,5,0.01,"","mirage_joint","pleiotropy","pp08_discoveries",0.8,1
20260874,62,500,15,3000,3000,3000,3000,"fast","control_informative",0.05,5,0.01,"","mirage_joint","trait1","bfdr_observed_fdp",0.01,0
20260874,62,500,15,3000,3000,3000,3000,"fast","control_informative",0.05,5,0.01,"","mirage_joint","trait1","bfdr_estimate",0.01,0
20260874,62,500,15,3000,3000,3000,3000,"fast","control_informative",0.05,5,0.01,"","mirage_joint","trait1","bfdr_power",0.01,0
20260874,62,500,15,3000,3000,3000,3000,"fast","control_informative",0.05,5,0.01,"","mirage_joint","trait1","bfdr_discoveries",0.01,0
20260874,62,500,15,3000,3000,3000,3000,"fast","control_informative",0.05,5,0.01,"","mirage_joint","trait1","bfdr_observed_fdp",0.05,0
20260874,62,500,15,3000,3000,3000,3000,"fast","control_informative",0.05,5,0.01,"","mirage_joint","trait1","bfdr_estimate",0.05,0.048591918668111
20260874,62,500,15,3000,3000,3000,3000,"fast","control_informative",0.05,5,0.01,"","mirage_joint","trait1","bfdr_power",0.05,0.08
20260874,62,500,15,3000,3000,3000,3000,"fast","control_informative",0.05,5,0.01,"","mirage_joint","trait1","bfdr_discoveries",0.05,2
20260874,62,500,15,3000,3000,3000,3000,"fast","control_informative",0.05,5,0.01,"","mirage_joint","trait1","bfdr_observed_fdp",0.1,0.25
20260874,62,500,15,3000,3000,3000,3000,"fast","control_informative",0.05,5,0.01,"","mirage_joint","trait1","bfdr_estimate",0.1,0.0811958431276132
20260874,62,500,15,3000,3000,3000,3000,"fast","control_informative",0.05,5,0.01,"","mirage_joint","trait1","bfdr_power",0.1,0.12
20260874,62,500,15,3000,3000,3000,3000,"fast","control_informative",0.05,5,0.01,"","mirage_joint","trait1","bfdr_discoveries",0.1,4
20260874,62,500,15,3000,3000,3000,3000,"fast","control_informative",0.05,5,0.01,"","mirage_joint","trait1","bfdr_observed_fdp",0.2,0.666666666666667
20260874,62,500,15,3000,3000,3000,3000,"fast","control_informative",0.05,5,0.01,"","mirage_joint","trait1","bfdr_estimate",0.2,0.183459690726992
20260874,62,500,15,3000,3000,3000,3000,"fast","control_informative",0.05,5,0.01,"","mirage_joint","trait1","bfdr_power",0.2,0.12
20260874,62,500,15,3000,3000,3000,3000,"fast","control_informative",0.05,5,0.01,"","mirage_joint","trait1","bfdr_discoveries",0.2,9
20260874,62,500,15,3000,3000,3000,3000,"fast","control_informative",0.05,5,0.01,"","mirage_joint","trait2","bfdr_observed_fdp",0.01,0
20260874,62,500,15,3000,3000,3000,3000,"fast","control_informative",0.05,5,0.01,"","mirage_joint","trait2","bfdr_estimate",0.01,0
20260874,62,500,15,3000,3000,3000,3000,"fast","control_informative",0.05,5,0.01,"","mirage_joint","trait2","bfdr_power",0.01,0
20260874,62,500,15,3000,3000,3000,3000,"fast","control_informative",0.05,5,0.01,"","mirage_joint","trait2","bfdr_discoveries",0.01,0
20260874,62,500,15,3000,3000,3000,3000,"fast","control_informative",0.05,5,0.01,"","mirage_joint","trait2","bfdr_observed_fdp",0.05,0
20260874,62,500,15,3000,3000,3000,3000,"fast","control_informative",0.05,5,0.01,"","mirage_joint","trait2","bfdr_estimate",0.05,0.0286703259211537
20260874,62,500,15,3000,3000,3000,3000,"fast","control_informative",0.05,5,0.01,"","mirage_joint","trait2","bfdr_power",0.05,0.1
20260874,62,500,15,3000,3000,3000,3000,"fast","control_informative",0.05,5,0.01,"","mirage_joint","trait2","bfdr_discoveries",0.05,1
20260874,62,500,15,3000,3000,3000,3000,"fast","control_informative",0.05,5,0.01,"","mirage_joint","trait2","bfdr_observed_fdp",0.1,0
20260874,62,500,15,3000,3000,3000,3000,"fast","control_informative",0.05,5,0.01,"","mirage_joint","trait2","bfdr_estimate",0.1,0.0286703259211537
20260874,62,500,15,3000,3000,3000,3000,"fast","control_informative",0.05,5,0.01,"","mirage_joint","trait2","bfdr_power",0.1,0.1
20260874,62,500,15,3000,3000,3000,3000,"fast","control_informative",0.05,5,0.01,"","mirage_joint","trait2","bfdr_discoveries",0.1,1
20260874,62,500,15,3000,3000,3000,3000,"fast","control_informative",0.05,5,0.01,"","mirage_joint","trait2","bfdr_observed_fdp",0.2,0
20260874,62,500,15,3000,3000,3000,3000,"fast","control_informative",0.05,5,0.01,"","mirage_joint","trait2","bfdr_estimate",0.2,0.162010447259168
20260874,62,500,15,3000,3000,3000,3000,"fast","control_informative",0.05,5,0.01,"","mirage_joint","trait2","bfdr_power",0.2,0.2
20260874,62,500,15,3000,3000,3000,3000,"fast","control_informative",0.05,5,0.01,"","mirage_joint","trait2","bfdr_discoveries",0.2,2
20260874,62,500,15,3000,3000,3000,3000,"fast","control_informative",0.05,5,0.01,"","mirage_joint","pleiotropy","bfdr_observed_fdp",0.01,0
20260874,62,500,15,3000,3000,3000,3000,"fast","control_informative",0.05,5,0.01,"","mirage_joint","pleiotropy","bfdr_estimate",0.01,0
20260874,62,500,15,3000,3000,3000,3000,"fast","control_informative",0.05,5,0.01,"","mirage_joint","pleiotropy","bfdr_power",0.01,0
20260874,62,500,15,3000,3000,3000,3000,"fast","control_informative",0.05,5,0.01,"","mirage_joint","pleiotropy","bfdr_discoveries",0.01,0
20260874,62,500,15,3000,3000,3000,3000,"fast","control_informative",0.05,5,0.01,"","mirage_joint","pleiotropy","bfdr_observed_fdp",0.05,0
20260874,62,500,15,3000,3000,3000,3000,"fast","control_informative",0.05,5,0.01,"","mirage_joint","pleiotropy","bfdr_estimate",0.05,0.0291744390478283
20260874,62,500,15,3000,3000,3000,3000,"fast","control_informative",0.05,5,0.01,"","mirage_joint","pleiotropy","bfdr_power",0.05,0.2
20260874,62,500,15,3000,3000,3000,3000,"fast","control_informative",0.05,5,0.01,"","mirage_joint","pleiotropy","bfdr_discoveries",0.05,1
20260874,62,500,15,3000,3000,3000,3000,"fast","control_informative",0.05,5,0.01,"","mirage_joint","pleiotropy","bfdr_observed_fdp",0.1,0
20260874,62,500,15,3000,3000,3000,3000,"fast","control_informative",0.05,5,0.01,"","mirage_joint","pleiotropy","bfdr_estimate",0.1,0.0291744390478283
20260874,62,500,15,3000,3000,3000,3000,"fast","control_informative",0.05,5,0.01,"","mirage_joint","pleiotropy","bfdr_power",0.1,0.2
20260874,62,500,15,3000,3000,3000,3000,"fast","control_informative",0.05,5,0.01,"","mirage_joint","pleiotropy","bfdr_discoveries",0.1,1
20260874,62,500,15,3000,3000,3000,3000,"fast","control_informative",0.05,5,0.01,"","mirage_joint","pleiotropy","bfdr_observed_fdp",0.2,0.5
20260874,62,500,15,3000,3000,3000,3000,"fast","control_informative",0.05,5,0.01,"","mirage_joint","pleiotropy","bfdr_estimate",0.2,0.163844629573396
20260874,62,500,15,3000,3000,3000,3000,"fast","control_informative",0.05,5,0.01,"","mirage_joint","pleiotropy","bfdr_power",0.2,0.2
20260874,62,500,15,3000,3000,3000,3000,"fast","control_informative",0.05,5,0.01,"","mirage_joint","pleiotropy","bfdr_discoveries",0.2,2
20260874,62,500,15,3000,3000,3000,3000,"fast","control_informative",0.05,5,0.01,"","mirage_joint","global","runtime_seconds",NA,18.538
20260874,62,500,15,3000,3000,3000,3000,"fast","control_informative",0.05,5,0.01,"","mirage_joint","pleiotropy","pi11_estimate",NA,0.0292109686369771
20260874,62,500,15,3000,3000,3000,3000,"fast","control_informative",0.05,5,0.01,"","separate_mirage","trait1","auc",NA,0.824084210526316
20260874,62,500,15,3000,3000,3000,3000,"fast","control_informative",0.05,5,0.01,"","separate_mirage","trait2","auc",NA,0.64265306122449
20260874,62,500,15,3000,3000,3000,3000,"fast","control_informative",0.05,5,0.01,"","separate_mirage","pleiotropy","auc",NA,0.809292929292929
20260874,62,500,15,3000,3000,3000,3000,"fast","control_informative",0.05,5,0.01,"","separate_mirage","trait1","pp08_power",0.8,0.04
20260874,62,500,15,3000,3000,3000,3000,"fast","control_informative",0.05,5,0.01,"","separate_mirage","trait1","pp08_fdp",0.8,0.5
20260874,62,500,15,3000,3000,3000,3000,"fast","control_informative",0.05,5,0.01,"","separate_mirage","trait1","pp08_discoveries",0.8,2
20260874,62,500,15,3000,3000,3000,3000,"fast","control_informative",0.05,5,0.01,"","separate_mirage","trait2","pp08_power",0.8,0.1
20260874,62,500,15,3000,3000,3000,3000,"fast","control_informative",0.05,5,0.01,"","separate_mirage","trait2","pp08_fdp",0.8,0
20260874,62,500,15,3000,3000,3000,3000,"fast","control_informative",0.05,5,0.01,"","separate_mirage","trait2","pp08_discoveries",0.8,1
20260874,62,500,15,3000,3000,3000,3000,"fast","control_informative",0.05,5,0.01,"","separate_mirage","pleiotropy","pp08_power",0.8,0
20260874,62,500,15,3000,3000,3000,3000,"fast","control_informative",0.05,5,0.01,"","separate_mirage","pleiotropy","pp08_fdp",0.8,0
20260874,62,500,15,3000,3000,3000,3000,"fast","control_informative",0.05,5,0.01,"","separate_mirage","pleiotropy","pp08_discoveries",0.8,0
20260874,62,500,15,3000,3000,3000,3000,"fast","control_informative",0.05,5,0.01,"","separate_mirage","trait1","bfdr_observed_fdp",0.01,0
20260874,62,500,15,3000,3000,3000,3000,"fast","control_informative",0.05,5,0.01,"","separate_mirage","trait1","bfdr_estimate",0.01,0
20260874,62,500,15,3000,3000,3000,3000,"fast","control_informative",0.05,5,0.01,"","separate_mirage","trait1","bfdr_power",0.01,0
20260874,62,500,15,3000,3000,3000,3000,"fast","control_informative",0.05,5,0.01,"","separate_mirage","trait1","bfdr_discoveries",0.01,0
20260874,62,500,15,3000,3000,3000,3000,"fast","control_informative",0.05,5,0.01,"","separate_mirage","trait1","bfdr_observed_fdp",0.05,0
20260874,62,500,15,3000,3000,3000,3000,"fast","control_informative",0.05,5,0.01,"","separate_mirage","trait1","bfdr_estimate",0.05,0
20260874,62,500,15,3000,3000,3000,3000,"fast","control_informative",0.05,5,0.01,"","separate_mirage","trait1","bfdr_power",0.05,0
20260874,62,500,15,3000,3000,3000,3000,"fast","control_informative",0.05,5,0.01,"","separate_mirage","trait1","bfdr_discoveries",0.05,0
20260874,62,500,15,3000,3000,3000,3000,"fast","control_informative",0.05,5,0.01,"","separate_mirage","trait1","bfdr_observed_fdp",0.1,0
20260874,62,500,15,3000,3000,3000,3000,"fast","control_informative",0.05,5,0.01,"","separate_mirage","trait1","bfdr_estimate",0.1,0.0931521556076619
20260874,62,500,15,3000,3000,3000,3000,"fast","control_informative",0.05,5,0.01,"","separate_mirage","trait1","bfdr_power",0.1,0.04
20260874,62,500,15,3000,3000,3000,3000,"fast","control_informative",0.05,5,0.01,"","separate_mirage","trait1","bfdr_discoveries",0.1,1
20260874,62,500,15,3000,3000,3000,3000,"fast","control_informative",0.05,5,0.01,"","separate_mirage","trait1","bfdr_observed_fdp",0.2,0.333333333333333
20260874,62,500,15,3000,3000,3000,3000,"fast","control_informative",0.05,5,0.01,"","separate_mirage","trait1","bfdr_estimate",0.2,0.174512050851018
20260874,62,500,15,3000,3000,3000,3000,"fast","control_informative",0.05,5,0.01,"","separate_mirage","trait1","bfdr_power",0.2,0.08
20260874,62,500,15,3000,3000,3000,3000,"fast","control_informative",0.05,5,0.01,"","separate_mirage","trait1","bfdr_discoveries",0.2,3
20260874,62,500,15,3000,3000,3000,3000,"fast","control_informative",0.05,5,0.01,"","separate_mirage","trait2","bfdr_observed_fdp",0.01,0
20260874,62,500,15,3000,3000,3000,3000,"fast","control_informative",0.05,5,0.01,"","separate_mirage","trait2","bfdr_estimate",0.01,0
20260874,62,500,15,3000,3000,3000,3000,"fast","control_informative",0.05,5,0.01,"","separate_mirage","trait2","bfdr_power",0.01,0
20260874,62,500,15,3000,3000,3000,3000,"fast","control_informative",0.05,5,0.01,"","separate_mirage","trait2","bfdr_discoveries",0.01,0
20260874,62,500,15,3000,3000,3000,3000,"fast","control_informative",0.05,5,0.01,"","separate_mirage","trait2","bfdr_observed_fdp",0.05,0
20260874,62,500,15,3000,3000,3000,3000,"fast","control_informative",0.05,5,0.01,"","separate_mirage","trait2","bfdr_estimate",0.05,0
20260874,62,500,15,3000,3000,3000,3000,"fast","control_informative",0.05,5,0.01,"","separate_mirage","trait2","bfdr_power",0.05,0
20260874,62,500,15,3000,3000,3000,3000,"fast","control_informative",0.05,5,0.01,"","separate_mirage","trait2","bfdr_discoveries",0.05,0
20260874,62,500,15,3000,3000,3000,3000,"fast","control_informative",0.05,5,0.01,"","separate_mirage","trait2","bfdr_observed_fdp",0.1,0
20260874,62,500,15,3000,3000,3000,3000,"fast","control_informative",0.05,5,0.01,"","separate_mirage","trait2","bfdr_estimate",0.1,0
20260874,62,500,15,3000,3000,3000,3000,"fast","control_informative",0.05,5,0.01,"","separate_mirage","trait2","bfdr_power",0.1,0
20260874,62,500,15,3000,3000,3000,3000,"fast","control_informative",0.05,5,0.01,"","separate_mirage","trait2","bfdr_discoveries",0.1,0
20260874,62,500,15,3000,3000,3000,3000,"fast","control_informative",0.05,5,0.01,"","separate_mirage","trait2","bfdr_observed_fdp",0.2,0
20260874,62,500,15,3000,3000,3000,3000,"fast","control_informative",0.05,5,0.01,"","separate_mirage","trait2","bfdr_estimate",0.2,0.163892999906915
20260874,62,500,15,3000,3000,3000,3000,"fast","control_informative",0.05,5,0.01,"","separate_mirage","trait2","bfdr_power",0.2,0.2
20260874,62,500,15,3000,3000,3000,3000,"fast","control_informative",0.05,5,0.01,"","separate_mirage","trait2","bfdr_discoveries",0.2,2
20260874,62,500,15,3000,3000,3000,3000,"fast","control_informative",0.05,5,0.01,"","separate_mirage","pleiotropy","bfdr_observed_fdp",0.01,0
20260874,62,500,15,3000,3000,3000,3000,"fast","control_informative",0.05,5,0.01,"","separate_mirage","pleiotropy","bfdr_estimate",0.01,0
20260874,62,500,15,3000,3000,3000,3000,"fast","control_informative",0.05,5,0.01,"","separate_mirage","pleiotropy","bfdr_power",0.01,0
20260874,62,500,15,3000,3000,3000,3000,"fast","control_informative",0.05,5,0.01,"","separate_mirage","pleiotropy","bfdr_discoveries",0.01,0
20260874,62,500,15,3000,3000,3000,3000,"fast","control_informative",0.05,5,0.01,"","separate_mirage","pleiotropy","bfdr_observed_fdp",0.05,0
20260874,62,500,15,3000,3000,3000,3000,"fast","control_informative",0.05,5,0.01,"","separate_mirage","pleiotropy","bfdr_estimate",0.05,0
20260874,62,500,15,3000,3000,3000,3000,"fast","control_informative",0.05,5,0.01,"","separate_mirage","pleiotropy","bfdr_power",0.05,0
20260874,62,500,15,3000,3000,3000,3000,"fast","control_informative",0.05,5,0.01,"","separate_mirage","pleiotropy","bfdr_discoveries",0.05,0
20260874,62,500,15,3000,3000,3000,3000,"fast","control_informative",0.05,5,0.01,"","separate_mirage","pleiotropy","bfdr_observed_fdp",0.1,0
20260874,62,500,15,3000,3000,3000,3000,"fast","control_informative",0.05,5,0.01,"","separate_mirage","pleiotropy","bfdr_estimate",0.1,0
20260874,62,500,15,3000,3000,3000,3000,"fast","control_informative",0.05,5,0.01,"","separate_mirage","pleiotropy","bfdr_power",0.1,0
20260874,62,500,15,3000,3000,3000,3000,"fast","control_informative",0.05,5,0.01,"","separate_mirage","pleiotropy","bfdr_discoveries",0.1,0
20260874,62,500,15,3000,3000,3000,3000,"fast","control_informative",0.05,5,0.01,"","separate_mirage","pleiotropy","bfdr_observed_fdp",0.2,0
20260874,62,500,15,3000,3000,3000,3000,"fast","control_informative",0.05,5,0.01,"","separate_mirage","pleiotropy","bfdr_estimate",0.2,0
20260874,62,500,15,3000,3000,3000,3000,"fast","control_informative",0.05,5,0.01,"","separate_mirage","pleiotropy","bfdr_power",0.2,0
20260874,62,500,15,3000,3000,3000,3000,"fast","control_informative",0.05,5,0.01,"","separate_mirage","pleiotropy","bfdr_discoveries",0.2,0
20260874,62,500,15,3000,3000,3000,3000,"fast","control_informative",0.05,5,0.01,"","separate_mirage","global","runtime_seconds",NA,18.4300000000001
20260874,62,500,15,3000,3000,3000,3000,"fast","control_informative",0.05,5,0.01,"","separate_mirage","pleiotropy","pi11_estimate",NA,0.001
20260874,62,500,15,3000,3000,3000,3000,"fast","control_informative",0.05,5,0.01,"","mtada_aggregated","trait1","auc",NA,0.806147368421053
20260874,62,500,15,3000,3000,3000,3000,"fast","control_informative",0.05,5,0.01,"","mtada_aggregated","trait2","auc",NA,0.665918367346939
20260874,62,500,15,3000,3000,3000,3000,"fast","control_informative",0.05,5,0.01,"","mtada_aggregated","pleiotropy","auc",NA,0.745454545454545
20260874,62,500,15,3000,3000,3000,3000,"fast","control_informative",0.05,5,0.01,"","mtada_aggregated","trait1","pp08_power",0.8,0.24
20260874,62,500,15,3000,3000,3000,3000,"fast","control_informative",0.05,5,0.01,"","mtada_aggregated","trait1","pp08_fdp",0.8,0.86046511627907
20260874,62,500,15,3000,3000,3000,3000,"fast","control_informative",0.05,5,0.01,"","mtada_aggregated","trait1","pp08_discoveries",0.8,43
20260874,62,500,15,3000,3000,3000,3000,"fast","control_informative",0.05,5,0.01,"","mtada_aggregated","trait2","pp08_power",0.8,0.3
20260874,62,500,15,3000,3000,3000,3000,"fast","control_informative",0.05,5,0.01,"","mtada_aggregated","trait2","pp08_fdp",0.8,0.914285714285714
20260874,62,500,15,3000,3000,3000,3000,"fast","control_informative",0.05,5,0.01,"","mtada_aggregated","trait2","pp08_discoveries",0.8,35
20260874,62,500,15,3000,3000,3000,3000,"fast","control_informative",0.05,5,0.01,"","mtada_aggregated","pleiotropy","pp08_power",0.8,0.2
20260874,62,500,15,3000,3000,3000,3000,"fast","control_informative",0.05,5,0.01,"","mtada_aggregated","pleiotropy","pp08_fdp",0.8,0.8
20260874,62,500,15,3000,3000,3000,3000,"fast","control_informative",0.05,5,0.01,"","mtada_aggregated","pleiotropy","pp08_discoveries",0.8,5
20260874,62,500,15,3000,3000,3000,3000,"fast","control_informative",0.05,5,0.01,"","mtada_aggregated","trait1","bfdr_observed_fdp",0.01,0.828571428571429
20260874,62,500,15,3000,3000,3000,3000,"fast","control_informative",0.05,5,0.01,"","mtada_aggregated","trait1","bfdr_estimate",0.01,0.00938110233979848
20260874,62,500,15,3000,3000,3000,3000,"fast","control_informative",0.05,5,0.01,"","mtada_aggregated","trait1","bfdr_power",0.01,0.24
20260874,62,500,15,3000,3000,3000,3000,"fast","control_informative",0.05,5,0.01,"","mtada_aggregated","trait1","bfdr_discoveries",0.01,35
20260874,62,500,15,3000,3000,3000,3000,"fast","control_informative",0.05,5,0.01,"","mtada_aggregated","trait1","bfdr_observed_fdp",0.05,0.869565217391304
20260874,62,500,15,3000,3000,3000,3000,"fast","control_informative",0.05,5,0.01,"","mtada_aggregated","trait1","bfdr_estimate",0.05,0.0452708001228627
20260874,62,500,15,3000,3000,3000,3000,"fast","control_informative",0.05,5,0.01,"","mtada_aggregated","trait1","bfdr_power",0.05,0.24
20260874,62,500,15,3000,3000,3000,3000,"fast","control_informative",0.05,5,0.01,"","mtada_aggregated","trait1","bfdr_discoveries",0.05,46
20260874,62,500,15,3000,3000,3000,3000,"fast","control_informative",0.05,5,0.01,"","mtada_aggregated","trait1","bfdr_observed_fdp",0.1,0.851851851851852
20260874,62,500,15,3000,3000,3000,3000,"fast","control_informative",0.05,5,0.01,"","mtada_aggregated","trait1","bfdr_estimate",0.1,0.0982543830669145
20260874,62,500,15,3000,3000,3000,3000,"fast","control_informative",0.05,5,0.01,"","mtada_aggregated","trait1","bfdr_power",0.1,0.32
20260874,62,500,15,3000,3000,3000,3000,"fast","control_informative",0.05,5,0.01,"","mtada_aggregated","trait1","bfdr_discoveries",0.1,54
20260874,62,500,15,3000,3000,3000,3000,"fast","control_informative",0.05,5,0.01,"","mtada_aggregated","trait1","bfdr_observed_fdp",0.2,0.828125
20260874,62,500,15,3000,3000,3000,3000,"fast","control_informative",0.05,5,0.01,"","mtada_aggregated","trait1","bfdr_estimate",0.2,0.196062576500014
20260874,62,500,15,3000,3000,3000,3000,"fast","control_informative",0.05,5,0.01,"","mtada_aggregated","trait1","bfdr_power",0.2,0.44
20260874,62,500,15,3000,3000,3000,3000,"fast","control_informative",0.05,5,0.01,"","mtada_aggregated","trait1","bfdr_discoveries",0.2,64
20260874,62,500,15,3000,3000,3000,3000,"fast","control_informative",0.05,5,0.01,"","mtada_aggregated","trait2","bfdr_observed_fdp",0.01,0.935483870967742
20260874,62,500,15,3000,3000,3000,3000,"fast","control_informative",0.05,5,0.01,"","mtada_aggregated","trait2","bfdr_estimate",0.01,0.00775546555680643
20260874,62,500,15,3000,3000,3000,3000,"fast","control_informative",0.05,5,0.01,"","mtada_aggregated","trait2","bfdr_power",0.01,0.2
20260874,62,500,15,3000,3000,3000,3000,"fast","control_informative",0.05,5,0.01,"","mtada_aggregated","trait2","bfdr_discoveries",0.01,31
20260874,62,500,15,3000,3000,3000,3000,"fast","control_informative",0.05,5,0.01,"","mtada_aggregated","trait2","bfdr_observed_fdp",0.05,0.921052631578947
20260874,62,500,15,3000,3000,3000,3000,"fast","control_informative",0.05,5,0.01,"","mtada_aggregated","trait2","bfdr_estimate",0.05,0.04501238235336
20260874,62,500,15,3000,3000,3000,3000,"fast","control_informative",0.05,5,0.01,"","mtada_aggregated","trait2","bfdr_power",0.05,0.3
20260874,62,500,15,3000,3000,3000,3000,"fast","control_informative",0.05,5,0.01,"","mtada_aggregated","trait2","bfdr_discoveries",0.05,38
20260874,62,500,15,3000,3000,3000,3000,"fast","control_informative",0.05,5,0.01,"","mtada_aggregated","trait2","bfdr_observed_fdp",0.1,0.930232558139535
20260874,62,500,15,3000,3000,3000,3000,"fast","control_informative",0.05,5,0.01,"","mtada_aggregated","trait2","bfdr_estimate",0.1,0.0917392041521679
20260874,62,500,15,3000,3000,3000,3000,"fast","control_informative",0.05,5,0.01,"","mtada_aggregated","trait2","bfdr_power",0.1,0.3
20260874,62,500,15,3000,3000,3000,3000,"fast","control_informative",0.05,5,0.01,"","mtada_aggregated","trait2","bfdr_discoveries",0.1,43
20260874,62,500,15,3000,3000,3000,3000,"fast","control_informative",0.05,5,0.01,"","mtada_aggregated","trait2","bfdr_observed_fdp",0.2,0.923076923076923
20260874,62,500,15,3000,3000,3000,3000,"fast","control_informative",0.05,5,0.01,"","mtada_aggregated","trait2","bfdr_estimate",0.2,0.192762658336552
20260874,62,500,15,3000,3000,3000,3000,"fast","control_informative",0.05,5,0.01,"","mtada_aggregated","trait2","bfdr_power",0.2,0.4
20260874,62,500,15,3000,3000,3000,3000,"fast","control_informative",0.05,5,0.01,"","mtada_aggregated","trait2","bfdr_discoveries",0.2,52
20260874,62,500,15,3000,3000,3000,3000,"fast","control_informative",0.05,5,0.01,"","mtada_aggregated","pleiotropy","bfdr_observed_fdp",0.01,1
20260874,62,500,15,3000,3000,3000,3000,"fast","control_informative",0.05,5,0.01,"","mtada_aggregated","pleiotropy","bfdr_estimate",0.01,0.00829199617931631
20260874,62,500,15,3000,3000,3000,3000,"fast","control_informative",0.05,5,0.01,"","mtada_aggregated","pleiotropy","bfdr_power",0.01,0
20260874,62,500,15,3000,3000,3000,3000,"fast","control_informative",0.05,5,0.01,"","mtada_aggregated","pleiotropy","bfdr_discoveries",0.01,2
20260874,62,500,15,3000,3000,3000,3000,"fast","control_informative",0.05,5,0.01,"","mtada_aggregated","pleiotropy","bfdr_observed_fdp",0.05,0.8
20260874,62,500,15,3000,3000,3000,3000,"fast","control_informative",0.05,5,0.01,"","mtada_aggregated","pleiotropy","bfdr_estimate",0.05,0.0226760399221492
20260874,62,500,15,3000,3000,3000,3000,"fast","control_informative",0.05,5,0.01,"","mtada_aggregated","pleiotropy","bfdr_power",0.05,0.2
20260874,62,500,15,3000,3000,3000,3000,"fast","control_informative",0.05,5,0.01,"","mtada_aggregated","pleiotropy","bfdr_discoveries",0.05,5
20260874,62,500,15,3000,3000,3000,3000,"fast","control_informative",0.05,5,0.01,"","mtada_aggregated","pleiotropy","bfdr_observed_fdp",0.1,0.666666666666667
20260874,62,500,15,3000,3000,3000,3000,"fast","control_informative",0.05,5,0.01,"","mtada_aggregated","pleiotropy","bfdr_estimate",0.1,0.0827205915456994
20260874,62,500,15,3000,3000,3000,3000,"fast","control_informative",0.05,5,0.01,"","mtada_aggregated","pleiotropy","bfdr_power",0.1,0.4
20260874,62,500,15,3000,3000,3000,3000,"fast","control_informative",0.05,5,0.01,"","mtada_aggregated","pleiotropy","bfdr_discoveries",0.1,6
20260874,62,500,15,3000,3000,3000,3000,"fast","control_informative",0.05,5,0.01,"","mtada_aggregated","pleiotropy","bfdr_observed_fdp",0.2,0.75
20260874,62,500,15,3000,3000,3000,3000,"fast","control_informative",0.05,5,0.01,"","mtada_aggregated","pleiotropy","bfdr_estimate",0.2,0.169878108858438
20260874,62,500,15,3000,3000,3000,3000,"fast","control_informative",0.05,5,0.01,"","mtada_aggregated","pleiotropy","bfdr_power",0.2,0.4
20260874,62,500,15,3000,3000,3000,3000,"fast","control_informative",0.05,5,0.01,"","mtada_aggregated","pleiotropy","bfdr_discoveries",0.2,8
20260874,62,500,15,3000,3000,3000,3000,"fast","control_informative",0.05,5,0.01,"","mtada_aggregated","global","runtime_seconds",NA,0.713999999999942
20260874,62,500,15,3000,3000,3000,3000,"fast","control_informative",0.05,5,0.01,"","mtada_aggregated","pleiotropy","pi11_estimate",NA,0.00231943
20260875,63,500,15,3000,3000,3000,3000,"fast","control_informative",0.05,5,0.01,"","mirage_joint","trait1","auc",NA,0.728421052631579
20260875,63,500,15,3000,3000,3000,3000,"fast","control_informative",0.05,5,0.01,"","mirage_joint","trait2","auc",NA,0.750612244897959
20260875,63,500,15,3000,3000,3000,3000,"fast","control_informative",0.05,5,0.01,"","mirage_joint","pleiotropy","auc",NA,0.592323232323232
20260875,63,500,15,3000,3000,3000,3000,"fast","control_informative",0.05,5,0.01,"","mirage_joint","trait1","pp08_power",0.8,0.2
20260875,63,500,15,3000,3000,3000,3000,"fast","control_informative",0.05,5,0.01,"","mirage_joint","trait1","pp08_fdp",0.8,0
20260875,63,500,15,3000,3000,3000,3000,"fast","control_informative",0.05,5,0.01,"","mirage_joint","trait1","pp08_discoveries",0.8,5
20260875,63,500,15,3000,3000,3000,3000,"fast","control_informative",0.05,5,0.01,"","mirage_joint","trait2","pp08_power",0.8,0.3
20260875,63,500,15,3000,3000,3000,3000,"fast","control_informative",0.05,5,0.01,"","mirage_joint","trait2","pp08_fdp",0.8,0.25
20260875,63,500,15,3000,3000,3000,3000,"fast","control_informative",0.05,5,0.01,"","mirage_joint","trait2","pp08_discoveries",0.8,4
20260875,63,500,15,3000,3000,3000,3000,"fast","control_informative",0.05,5,0.01,"","mirage_joint","pleiotropy","pp08_power",0.8,0.2
20260875,63,500,15,3000,3000,3000,3000,"fast","control_informative",0.05,5,0.01,"","mirage_joint","pleiotropy","pp08_fdp",0.8,0
20260875,63,500,15,3000,3000,3000,3000,"fast","control_informative",0.05,5,0.01,"","mirage_joint","pleiotropy","pp08_discoveries",0.8,1
20260875,63,500,15,3000,3000,3000,3000,"fast","control_informative",0.05,5,0.01,"","mirage_joint","trait1","bfdr_observed_fdp",0.01,0
20260875,63,500,15,3000,3000,3000,3000,"fast","control_informative",0.05,5,0.01,"","mirage_joint","trait1","bfdr_estimate",0.01,0.00871112222864519
20260875,63,500,15,3000,3000,3000,3000,"fast","control_informative",0.05,5,0.01,"","mirage_joint","trait1","bfdr_power",0.01,0.12
20260875,63,500,15,3000,3000,3000,3000,"fast","control_informative",0.05,5,0.01,"","mirage_joint","trait1","bfdr_discoveries",0.01,3
20260875,63,500,15,3000,3000,3000,3000,"fast","control_informative",0.05,5,0.01,"","mirage_joint","trait1","bfdr_observed_fdp",0.05,0
20260875,63,500,15,3000,3000,3000,3000,"fast","control_informative",0.05,5,0.01,"","mirage_joint","trait1","bfdr_estimate",0.05,0.0368913385096635
20260875,63,500,15,3000,3000,3000,3000,"fast","control_informative",0.05,5,0.01,"","mirage_joint","trait1","bfdr_power",0.05,0.16
20260875,63,500,15,3000,3000,3000,3000,"fast","control_informative",0.05,5,0.01,"","mirage_joint","trait1","bfdr_discoveries",0.05,4
20260875,63,500,15,3000,3000,3000,3000,"fast","control_informative",0.05,5,0.01,"","mirage_joint","trait1","bfdr_observed_fdp",0.1,0
20260875,63,500,15,3000,3000,3000,3000,"fast","control_informative",0.05,5,0.01,"","mirage_joint","trait1","bfdr_estimate",0.1,0.0568639754193978
20260875,63,500,15,3000,3000,3000,3000,"fast","control_informative",0.05,5,0.01,"","mirage_joint","trait1","bfdr_power",0.1,0.2
20260875,63,500,15,3000,3000,3000,3000,"fast","control_informative",0.05,5,0.01,"","mirage_joint","trait1","bfdr_discoveries",0.1,5
20260875,63,500,15,3000,3000,3000,3000,"fast","control_informative",0.05,5,0.01,"","mirage_joint","trait1","bfdr_observed_fdp",0.2,0
20260875,63,500,15,3000,3000,3000,3000,"fast","control_informative",0.05,5,0.01,"","mirage_joint","trait1","bfdr_estimate",0.2,0.139294672581505
20260875,63,500,15,3000,3000,3000,3000,"fast","control_informative",0.05,5,0.01,"","mirage_joint","trait1","bfdr_power",0.2,0.24
20260875,63,500,15,3000,3000,3000,3000,"fast","control_informative",0.05,5,0.01,"","mirage_joint","trait1","bfdr_discoveries",0.2,6
20260875,63,500,15,3000,3000,3000,3000,"fast","control_informative",0.05,5,0.01,"","mirage_joint","trait2","bfdr_observed_fdp",0.01,0
20260875,63,500,15,3000,3000,3000,3000,"fast","control_informative",0.05,5,0.01,"","mirage_joint","trait2","bfdr_estimate",0.01,-1.3988810110277e-14
20260875,63,500,15,3000,3000,3000,3000,"fast","control_informative",0.05,5,0.01,"","mirage_joint","trait2","bfdr_power",0.01,0.1
20260875,63,500,15,3000,3000,3000,3000,"fast","control_informative",0.05,5,0.01,"","mirage_joint","trait2","bfdr_discoveries",0.01,1
20260875,63,500,15,3000,3000,3000,3000,"fast","control_informative",0.05,5,0.01,"","mirage_joint","trait2","bfdr_observed_fdp",0.05,0.25
20260875,63,500,15,3000,3000,3000,3000,"fast","control_informative",0.05,5,0.01,"","mirage_joint","trait2","bfdr_estimate",0.05,0.0470550114026499
20260875,63,500,15,3000,3000,3000,3000,"fast","control_informative",0.05,5,0.01,"","mirage_joint","trait2","bfdr_power",0.05,0.3
20260875,63,500,15,3000,3000,3000,3000,"fast","control_informative",0.05,5,0.01,"","mirage_joint","trait2","bfdr_discoveries",0.05,4
20260875,63,500,15,3000,3000,3000,3000,"fast","control_informative",0.05,5,0.01,"","mirage_joint","trait2","bfdr_observed_fdp",0.1,0.25
20260875,63,500,15,3000,3000,3000,3000,"fast","control_informative",0.05,5,0.01,"","mirage_joint","trait2","bfdr_estimate",0.1,0.0470550114026499
20260875,63,500,15,3000,3000,3000,3000,"fast","control_informative",0.05,5,0.01,"","mirage_joint","trait2","bfdr_power",0.1,0.3
20260875,63,500,15,3000,3000,3000,3000,"fast","control_informative",0.05,5,0.01,"","mirage_joint","trait2","bfdr_discoveries",0.1,4
20260875,63,500,15,3000,3000,3000,3000,"fast","control_informative",0.05,5,0.01,"","mirage_joint","trait2","bfdr_observed_fdp",0.2,0.4
20260875,63,500,15,3000,3000,3000,3000,"fast","control_informative",0.05,5,0.01,"","mirage_joint","trait2","bfdr_estimate",0.2,0.135664284483734
20260875,63,500,15,3000,3000,3000,3000,"fast","control_informative",0.05,5,0.01,"","mirage_joint","trait2","bfdr_power",0.2,0.3
20260875,63,500,15,3000,3000,3000,3000,"fast","control_informative",0.05,5,0.01,"","mirage_joint","trait2","bfdr_discoveries",0.2,5
20260875,63,500,15,3000,3000,3000,3000,"fast","control_informative",0.05,5,0.01,"","mirage_joint","pleiotropy","bfdr_observed_fdp",0.01,0
20260875,63,500,15,3000,3000,3000,3000,"fast","control_informative",0.05,5,0.01,"","mirage_joint","pleiotropy","bfdr_estimate",0.01,0
20260875,63,500,15,3000,3000,3000,3000,"fast","control_informative",0.05,5,0.01,"","mirage_joint","pleiotropy","bfdr_power",0.01,0
20260875,63,500,15,3000,3000,3000,3000,"fast","control_informative",0.05,5,0.01,"","mirage_joint","pleiotropy","bfdr_discoveries",0.01,0
20260875,63,500,15,3000,3000,3000,3000,"fast","control_informative",0.05,5,0.01,"","mirage_joint","pleiotropy","bfdr_observed_fdp",0.05,0
20260875,63,500,15,3000,3000,3000,3000,"fast","control_informative",0.05,5,0.01,"","mirage_joint","pleiotropy","bfdr_estimate",0.05,0
20260875,63,500,15,3000,3000,3000,3000,"fast","control_informative",0.05,5,0.01,"","mirage_joint","pleiotropy","bfdr_power",0.05,0
20260875,63,500,15,3000,3000,3000,3000,"fast","control_informative",0.05,5,0.01,"","mirage_joint","pleiotropy","bfdr_discoveries",0.05,0
20260875,63,500,15,3000,3000,3000,3000,"fast","control_informative",0.05,5,0.01,"","mirage_joint","pleiotropy","bfdr_observed_fdp",0.1,0
20260875,63,500,15,3000,3000,3000,3000,"fast","control_informative",0.05,5,0.01,"","mirage_joint","pleiotropy","bfdr_estimate",0.1,0.0801583492506485
20260875,63,500,15,3000,3000,3000,3000,"fast","control_informative",0.05,5,0.01,"","mirage_joint","pleiotropy","bfdr_power",0.1,0.2
20260875,63,500,15,3000,3000,3000,3000,"fast","control_informative",0.05,5,0.01,"","mirage_joint","pleiotropy","bfdr_discoveries",0.1,1
20260875,63,500,15,3000,3000,3000,3000,"fast","control_informative",0.05,5,0.01,"","mirage_joint","pleiotropy","bfdr_observed_fdp",0.2,0
20260875,63,500,15,3000,3000,3000,3000,"fast","control_informative",0.05,5,0.01,"","mirage_joint","pleiotropy","bfdr_estimate",0.2,0.0801583492506485
20260875,63,500,15,3000,3000,3000,3000,"fast","control_informative",0.05,5,0.01,"","mirage_joint","pleiotropy","bfdr_power",0.2,0.2
20260875,63,500,15,3000,3000,3000,3000,"fast","control_informative",0.05,5,0.01,"","mirage_joint","pleiotropy","bfdr_discoveries",0.2,1
20260875,63,500,15,3000,3000,3000,3000,"fast","control_informative",0.05,5,0.01,"","mirage_joint","global","runtime_seconds",NA,18.8600000000001
20260875,63,500,15,3000,3000,3000,3000,"fast","control_informative",0.05,5,0.01,"","mirage_joint","pleiotropy","pi11_estimate",NA,0.0440925934120794
20260875,63,500,15,3000,3000,3000,3000,"fast","control_informative",0.05,5,0.01,"","separate_mirage","trait1","auc",NA,0.701557894736842
20260875,63,500,15,3000,3000,3000,3000,"fast","control_informative",0.05,5,0.01,"","separate_mirage","trait2","auc",NA,0.732040816326531
20260875,63,500,15,3000,3000,3000,3000,"fast","control_informative",0.05,5,0.01,"","separate_mirage","pleiotropy","auc",NA,0.553939393939394
20260875,63,500,15,3000,3000,3000,3000,"fast","control_informative",0.05,5,0.01,"","separate_mirage","trait1","pp08_power",0.8,0.12
20260875,63,500,15,3000,3000,3000,3000,"fast","control_informative",0.05,5,0.01,"","separate_mirage","trait1","pp08_fdp",0.8,0
20260875,63,500,15,3000,3000,3000,3000,"fast","control_informative",0.05,5,0.01,"","separate_mirage","trait1","pp08_discoveries",0.8,3
20260875,63,500,15,3000,3000,3000,3000,"fast","control_informative",0.05,5,0.01,"","separate_mirage","trait2","pp08_power",0.8,0.1
20260875,63,500,15,3000,3000,3000,3000,"fast","control_informative",0.05,5,0.01,"","separate_mirage","trait2","pp08_fdp",0.8,0.5
20260875,63,500,15,3000,3000,3000,3000,"fast","control_informative",0.05,5,0.01,"","separate_mirage","trait2","pp08_discoveries",0.8,2
20260875,63,500,15,3000,3000,3000,3000,"fast","control_informative",0.05,5,0.01,"","separate_mirage","pleiotropy","pp08_power",0.8,0
20260875,63,500,15,3000,3000,3000,3000,"fast","control_informative",0.05,5,0.01,"","separate_mirage","pleiotropy","pp08_fdp",0.8,0
20260875,63,500,15,3000,3000,3000,3000,"fast","control_informative",0.05,5,0.01,"","separate_mirage","pleiotropy","pp08_discoveries",0.8,0
20260875,63,500,15,3000,3000,3000,3000,"fast","control_informative",0.05,5,0.01,"","separate_mirage","trait1","bfdr_observed_fdp",0.01,0
20260875,63,500,15,3000,3000,3000,3000,"fast","control_informative",0.05,5,0.01,"","separate_mirage","trait1","bfdr_estimate",0.01,0.00634805636234996
20260875,63,500,15,3000,3000,3000,3000,"fast","control_informative",0.05,5,0.01,"","separate_mirage","trait1","bfdr_power",0.01,0.12
20260875,63,500,15,3000,3000,3000,3000,"fast","control_informative",0.05,5,0.01,"","separate_mirage","trait1","bfdr_discoveries",0.01,3
20260875,63,500,15,3000,3000,3000,3000,"fast","control_informative",0.05,5,0.01,"","separate_mirage","trait1","bfdr_observed_fdp",0.05,0
20260875,63,500,15,3000,3000,3000,3000,"fast","control_informative",0.05,5,0.01,"","separate_mirage","trait1","bfdr_estimate",0.05,0.00634805636234996
20260875,63,500,15,3000,3000,3000,3000,"fast","control_informative",0.05,5,0.01,"","separate_mirage","trait1","bfdr_power",0.05,0.12
20260875,63,500,15,3000,3000,3000,3000,"fast","control_informative",0.05,5,0.01,"","separate_mirage","trait1","bfdr_discoveries",0.05,3
20260875,63,500,15,3000,3000,3000,3000,"fast","control_informative",0.05,5,0.01,"","separate_mirage","trait1","bfdr_observed_fdp",0.1,0
20260875,63,500,15,3000,3000,3000,3000,"fast","control_informative",0.05,5,0.01,"","separate_mirage","trait1","bfdr_estimate",0.1,0.0990711152628009
20260875,63,500,15,3000,3000,3000,3000,"fast","control_informative",0.05,5,0.01,"","separate_mirage","trait1","bfdr_power",0.1,0.2
20260875,63,500,15,3000,3000,3000,3000,"fast","control_informative",0.05,5,0.01,"","separate_mirage","trait1","bfdr_discoveries",0.1,5
20260875,63,500,15,3000,3000,3000,3000,"fast","control_informative",0.05,5,0.01,"","separate_mirage","trait1","bfdr_observed_fdp",0.2,0.166666666666667
20260875,63,500,15,3000,3000,3000,3000,"fast","control_informative",0.05,5,0.01,"","separate_mirage","trait1","bfdr_estimate",0.2,0.194419042679244
20260875,63,500,15,3000,3000,3000,3000,"fast","control_informative",0.05,5,0.01,"","separate_mirage","trait1","bfdr_power",0.2,0.2
20260875,63,500,15,3000,3000,3000,3000,"fast","control_informative",0.05,5,0.01,"","separate_mirage","trait1","bfdr_discoveries",0.2,6
20260875,63,500,15,3000,3000,3000,3000,"fast","control_informative",0.05,5,0.01,"","separate_mirage","trait2","bfdr_observed_fdp",0.01,0
20260875,63,500,15,3000,3000,3000,3000,"fast","control_informative",0.05,5,0.01,"","separate_mirage","trait2","bfdr_estimate",0.01,-7.32747196252603e-15
20260875,63,500,15,3000,3000,3000,3000,"fast","control_informative",0.05,5,0.01,"","separate_mirage","trait2","bfdr_power",0.01,0.1
20260875,63,500,15,3000,3000,3000,3000,"fast","control_informative",0.05,5,0.01,"","separate_mirage","trait2","bfdr_discoveries",0.01,1
20260875,63,500,15,3000,3000,3000,3000,"fast","control_informative",0.05,5,0.01,"","separate_mirage","trait2","bfdr_observed_fdp",0.05,0
20260875,63,500,15,3000,3000,3000,3000,"fast","control_informative",0.05,5,0.01,"","separate_mirage","trait2","bfdr_estimate",0.05,-7.32747196252603e-15
20260875,63,500,15,3000,3000,3000,3000,"fast","control_informative",0.05,5,0.01,"","separate_mirage","trait2","bfdr_power",0.05,0.1
20260875,63,500,15,3000,3000,3000,3000,"fast","control_informative",0.05,5,0.01,"","separate_mirage","trait2","bfdr_discoveries",0.05,1
20260875,63,500,15,3000,3000,3000,3000,"fast","control_informative",0.05,5,0.01,"","separate_mirage","trait2","bfdr_observed_fdp",0.1,0.5
20260875,63,500,15,3000,3000,3000,3000,"fast","control_informative",0.05,5,0.01,"","separate_mirage","trait2","bfdr_estimate",0.1,0.0851554902413094
20260875,63,500,15,3000,3000,3000,3000,"fast","control_informative",0.05,5,0.01,"","separate_mirage","trait2","bfdr_power",0.1,0.1
20260875,63,500,15,3000,3000,3000,3000,"fast","control_informative",0.05,5,0.01,"","separate_mirage","trait2","bfdr_discoveries",0.1,2
20260875,63,500,15,3000,3000,3000,3000,"fast","control_informative",0.05,5,0.01,"","separate_mirage","trait2","bfdr_observed_fdp",0.2,0.333333333333333
20260875,63,500,15,3000,3000,3000,3000,"fast","control_informative",0.05,5,0.01,"","separate_mirage","trait2","bfdr_estimate",0.2,0.163534661747674
20260875,63,500,15,3000,3000,3000,3000,"fast","control_informative",0.05,5,0.01,"","separate_mirage","trait2","bfdr_power",0.2,0.2
20260875,63,500,15,3000,3000,3000,3000,"fast","control_informative",0.05,5,0.01,"","separate_mirage","trait2","bfdr_discoveries",0.2,3
20260875,63,500,15,3000,3000,3000,3000,"fast","control_informative",0.05,5,0.01,"","separate_mirage","pleiotropy","bfdr_observed_fdp",0.01,0
20260875,63,500,15,3000,3000,3000,3000,"fast","control_informative",0.05,5,0.01,"","separate_mirage","pleiotropy","bfdr_estimate",0.01,0
20260875,63,500,15,3000,3000,3000,3000,"fast","control_informative",0.05,5,0.01,"","separate_mirage","pleiotropy","bfdr_power",0.01,0
20260875,63,500,15,3000,3000,3000,3000,"fast","control_informative",0.05,5,0.01,"","separate_mirage","pleiotropy","bfdr_discoveries",0.01,0
20260875,63,500,15,3000,3000,3000,3000,"fast","control_informative",0.05,5,0.01,"","separate_mirage","pleiotropy","bfdr_observed_fdp",0.05,0
20260875,63,500,15,3000,3000,3000,3000,"fast","control_informative",0.05,5,0.01,"","separate_mirage","pleiotropy","bfdr_estimate",0.05,0
20260875,63,500,15,3000,3000,3000,3000,"fast","control_informative",0.05,5,0.01,"","separate_mirage","pleiotropy","bfdr_power",0.05,0
20260875,63,500,15,3000,3000,3000,3000,"fast","control_informative",0.05,5,0.01,"","separate_mirage","pleiotropy","bfdr_discoveries",0.05,0
20260875,63,500,15,3000,3000,3000,3000,"fast","control_informative",0.05,5,0.01,"","separate_mirage","pleiotropy","bfdr_observed_fdp",0.1,0
20260875,63,500,15,3000,3000,3000,3000,"fast","control_informative",0.05,5,0.01,"","separate_mirage","pleiotropy","bfdr_estimate",0.1,0
20260875,63,500,15,3000,3000,3000,3000,"fast","control_informative",0.05,5,0.01,"","separate_mirage","pleiotropy","bfdr_power",0.1,0
20260875,63,500,15,3000,3000,3000,3000,"fast","control_informative",0.05,5,0.01,"","separate_mirage","pleiotropy","bfdr_discoveries",0.1,0
20260875,63,500,15,3000,3000,3000,3000,"fast","control_informative",0.05,5,0.01,"","separate_mirage","pleiotropy","bfdr_observed_fdp",0.2,0
20260875,63,500,15,3000,3000,3000,3000,"fast","control_informative",0.05,5,0.01,"","separate_mirage","pleiotropy","bfdr_estimate",0.2,0
20260875,63,500,15,3000,3000,3000,3000,"fast","control_informative",0.05,5,0.01,"","separate_mirage","pleiotropy","bfdr_power",0.2,0
20260875,63,500,15,3000,3000,3000,3000,"fast","control_informative",0.05,5,0.01,"","separate_mirage","pleiotropy","bfdr_discoveries",0.2,0
20260875,63,500,15,3000,3000,3000,3000,"fast","control_informative",0.05,5,0.01,"","separate_mirage","global","runtime_seconds",NA,18.4110000000001
20260875,63,500,15,3000,3000,3000,3000,"fast","control_informative",0.05,5,0.01,"","separate_mirage","pleiotropy","pi11_estimate",NA,0.001
20260875,63,500,15,3000,3000,3000,3000,"fast","control_informative",0.05,5,0.01,"","mtada_aggregated","trait1","auc",NA,0.712505263157895
20260875,63,500,15,3000,3000,3000,3000,"fast","control_informative",0.05,5,0.01,"","mtada_aggregated","trait2","auc",NA,0.683265306122449
20260875,63,500,15,3000,3000,3000,3000,"fast","control_informative",0.05,5,0.01,"","mtada_aggregated","pleiotropy","auc",NA,0.680808080808081
20260875,63,500,15,3000,3000,3000,3000,"fast","control_informative",0.05,5,0.01,"","mtada_aggregated","trait1","pp08_power",0.8,0.28
20260875,63,500,15,3000,3000,3000,3000,"fast","control_informative",0.05,5,0.01,"","mtada_aggregated","trait1","pp08_fdp",0.8,0.854166666666667
20260875,63,500,15,3000,3000,3000,3000,"fast","control_informative",0.05,5,0.01,"","mtada_aggregated","trait1","pp08_discoveries",0.8,48
20260875,63,500,15,3000,3000,3000,3000,"fast","control_informative",0.05,5,0.01,"","mtada_aggregated","trait2","pp08_power",0.8,0.3
20260875,63,500,15,3000,3000,3000,3000,"fast","control_informative",0.05,5,0.01,"","mtada_aggregated","trait2","pp08_fdp",0.8,0.911764705882353
20260875,63,500,15,3000,3000,3000,3000,"fast","control_informative",0.05,5,0.01,"","mtada_aggregated","trait2","pp08_discoveries",0.8,34
20260875,63,500,15,3000,3000,3000,3000,"fast","control_informative",0.05,5,0.01,"","mtada_aggregated","pleiotropy","pp08_power",0.8,0.2
20260875,63,500,15,3000,3000,3000,3000,"fast","control_informative",0.05,5,0.01,"","mtada_aggregated","pleiotropy","pp08_fdp",0.8,0.666666666666667
20260875,63,500,15,3000,3000,3000,3000,"fast","control_informative",0.05,5,0.01,"","mtada_aggregated","pleiotropy","pp08_discoveries",0.8,3
20260875,63,500,15,3000,3000,3000,3000,"fast","control_informative",0.05,5,0.01,"","mtada_aggregated","trait1","bfdr_observed_fdp",0.01,0.82051282051282
20260875,63,500,15,3000,3000,3000,3000,"fast","control_informative",0.05,5,0.01,"","mtada_aggregated","trait1","bfdr_estimate",0.01,0.00812471519793582
20260875,63,500,15,3000,3000,3000,3000,"fast","control_informative",0.05,5,0.01,"","mtada_aggregated","trait1","bfdr_power",0.01,0.28
20260875,63,500,15,3000,3000,3000,3000,"fast","control_informative",0.05,5,0.01,"","mtada_aggregated","trait1","bfdr_discoveries",0.01,39
20260875,63,500,15,3000,3000,3000,3000,"fast","control_informative",0.05,5,0.01,"","mtada_aggregated","trait1","bfdr_observed_fdp",0.05,0.862745098039216
20260875,63,500,15,3000,3000,3000,3000,"fast","control_informative",0.05,5,0.01,"","mtada_aggregated","trait1","bfdr_estimate",0.05,0.0488477890171074
20260875,63,500,15,3000,3000,3000,3000,"fast","control_informative",0.05,5,0.01,"","mtada_aggregated","trait1","bfdr_power",0.05,0.28
20260875,63,500,15,3000,3000,3000,3000,"fast","control_informative",0.05,5,0.01,"","mtada_aggregated","trait1","bfdr_discoveries",0.05,51
20260875,63,500,15,3000,3000,3000,3000,"fast","control_informative",0.05,5,0.01,"","mtada_aggregated","trait1","bfdr_observed_fdp",0.1,0.824561403508772
20260875,63,500,15,3000,3000,3000,3000,"fast","control_informative",0.05,5,0.01,"","mtada_aggregated","trait1","bfdr_estimate",0.1,0.0940228627512378
20260875,63,500,15,3000,3000,3000,3000,"fast","control_informative",0.05,5,0.01,"","mtada_aggregated","trait1","bfdr_power",0.1,0.4
20260875,63,500,15,3000,3000,3000,3000,"fast","control_informative",0.05,5,0.01,"","mtada_aggregated","trait1","bfdr_discoveries",0.1,57
20260875,63,500,15,3000,3000,3000,3000,"fast","control_informative",0.05,5,0.01,"","mtada_aggregated","trait1","bfdr_observed_fdp",0.2,0.852941176470588
20260875,63,500,15,3000,3000,3000,3000,"fast","control_informative",0.05,5,0.01,"","mtada_aggregated","trait1","bfdr_estimate",0.2,0.192875915506337
20260875,63,500,15,3000,3000,3000,3000,"fast","control_informative",0.05,5,0.01,"","mtada_aggregated","trait1","bfdr_power",0.2,0.4
20260875,63,500,15,3000,3000,3000,3000,"fast","control_informative",0.05,5,0.01,"","mtada_aggregated","trait1","bfdr_discoveries",0.2,68
20260875,63,500,15,3000,3000,3000,3000,"fast","control_informative",0.05,5,0.01,"","mtada_aggregated","trait2","bfdr_observed_fdp",0.01,0.90625
20260875,63,500,15,3000,3000,3000,3000,"fast","control_informative",0.05,5,0.01,"","mtada_aggregated","trait2","bfdr_estimate",0.01,0.00862083170764255
20260875,63,500,15,3000,3000,3000,3000,"fast","control_informative",0.05,5,0.01,"","mtada_aggregated","trait2","bfdr_power",0.01,0.3
20260875,63,500,15,3000,3000,3000,3000,"fast","control_informative",0.05,5,0.01,"","mtada_aggregated","trait2","bfdr_discoveries",0.01,32
20260875,63,500,15,3000,3000,3000,3000,"fast","control_informative",0.05,5,0.01,"","mtada_aggregated","trait2","bfdr_observed_fdp",0.05,0.923076923076923
20260875,63,500,15,3000,3000,3000,3000,"fast","control_informative",0.05,5,0.01,"","mtada_aggregated","trait2","bfdr_estimate",0.05,0.0478997718396236
20260875,63,500,15,3000,3000,3000,3000,"fast","control_informative",0.05,5,0.01,"","mtada_aggregated","trait2","bfdr_power",0.05,0.3
20260875,63,500,15,3000,3000,3000,3000,"fast","control_informative",0.05,5,0.01,"","mtada_aggregated","trait2","bfdr_discoveries",0.05,39
20260875,63,500,15,3000,3000,3000,3000,"fast","control_informative",0.05,5,0.01,"","mtada_aggregated","trait2","bfdr_observed_fdp",0.1,0.933333333333333
20260875,63,500,15,3000,3000,3000,3000,"fast","control_informative",0.05,5,0.01,"","mtada_aggregated","trait2","bfdr_estimate",0.1,0.0984921966282262
20260875,63,500,15,3000,3000,3000,3000,"fast","control_informative",0.05,5,0.01,"","mtada_aggregated","trait2","bfdr_power",0.1,0.3
20260875,63,500,15,3000,3000,3000,3000,"fast","control_informative",0.05,5,0.01,"","mtada_aggregated","trait2","bfdr_discoveries",0.1,45
20260875,63,500,15,3000,3000,3000,3000,"fast","control_informative",0.05,5,0.01,"","mtada_aggregated","trait2","bfdr_observed_fdp",0.2,0.944444444444444
20260875,63,500,15,3000,3000,3000,3000,"fast","control_informative",0.05,5,0.01,"","mtada_aggregated","trait2","bfdr_estimate",0.2,0.196550135786326
20260875,63,500,15,3000,3000,3000,3000,"fast","control_informative",0.05,5,0.01,"","mtada_aggregated","trait2","bfdr_power",0.2,0.3
20260875,63,500,15,3000,3000,3000,3000,"fast","control_informative",0.05,5,0.01,"","mtada_aggregated","trait2","bfdr_discoveries",0.2,54
20260875,63,500,15,3000,3000,3000,3000,"fast","control_informative",0.05,5,0.01,"","mtada_aggregated","pleiotropy","bfdr_observed_fdp",0.01,1
20260875,63,500,15,3000,3000,3000,3000,"fast","control_informative",0.05,5,0.01,"","mtada_aggregated","pleiotropy","bfdr_estimate",0.01,0.00158729819203274
20260875,63,500,15,3000,3000,3000,3000,"fast","control_informative",0.05,5,0.01,"","mtada_aggregated","pleiotropy","bfdr_power",0.01,0
20260875,63,500,15,3000,3000,3000,3000,"fast","control_informative",0.05,5,0.01,"","mtada_aggregated","pleiotropy","bfdr_discoveries",0.01,1
20260875,63,500,15,3000,3000,3000,3000,"fast","control_informative",0.05,5,0.01,"","mtada_aggregated","pleiotropy","bfdr_observed_fdp",0.05,0.666666666666667
20260875,63,500,15,3000,3000,3000,3000,"fast","control_informative",0.05,5,0.01,"","mtada_aggregated","pleiotropy","bfdr_estimate",0.05,0.0203091278548468
20260875,63,500,15,3000,3000,3000,3000,"fast","control_informative",0.05,5,0.01,"","mtada_aggregated","pleiotropy","bfdr_power",0.05,0.2
20260875,63,500,15,3000,3000,3000,3000,"fast","control_informative",0.05,5,0.01,"","mtada_aggregated","pleiotropy","bfdr_discoveries",0.05,3
20260875,63,500,15,3000,3000,3000,3000,"fast","control_informative",0.05,5,0.01,"","mtada_aggregated","pleiotropy","bfdr_observed_fdp",0.1,0.666666666666667
20260875,63,500,15,3000,3000,3000,3000,"fast","control_informative",0.05,5,0.01,"","mtada_aggregated","pleiotropy","bfdr_estimate",0.1,0.0203091278548468
20260875,63,500,15,3000,3000,3000,3000,"fast","control_informative",0.05,5,0.01,"","mtada_aggregated","pleiotropy","bfdr_power",0.1,0.2
20260875,63,500,15,3000,3000,3000,3000,"fast","control_informative",0.05,5,0.01,"","mtada_aggregated","pleiotropy","bfdr_discoveries",0.1,3
20260875,63,500,15,3000,3000,3000,3000,"fast","control_informative",0.05,5,0.01,"","mtada_aggregated","pleiotropy","bfdr_observed_fdp",0.2,0.8
20260875,63,500,15,3000,3000,3000,3000,"fast","control_informative",0.05,5,0.01,"","mtada_aggregated","pleiotropy","bfdr_estimate",0.2,0.195464287624889
20260875,63,500,15,3000,3000,3000,3000,"fast","control_informative",0.05,5,0.01,"","mtada_aggregated","pleiotropy","bfdr_power",0.2,0.2
20260875,63,500,15,3000,3000,3000,3000,"fast","control_informative",0.05,5,0.01,"","mtada_aggregated","pleiotropy","bfdr_discoveries",0.2,5
20260875,63,500,15,3000,3000,3000,3000,"fast","control_informative",0.05,5,0.01,"","mtada_aggregated","global","runtime_seconds",NA,0.692000000000007
20260875,63,500,15,3000,3000,3000,3000,"fast","control_informative",0.05,5,0.01,"","mtada_aggregated","pleiotropy","pi11_estimate",NA,0.000267382
20260876,64,500,15,3000,3000,3000,3000,"fast","control_informative",0.05,5,0.01,"","mirage_joint","trait1","auc",NA,0.788463157894737
20260876,64,500,15,3000,3000,3000,3000,"fast","control_informative",0.05,5,0.01,"","mirage_joint","trait2","auc",NA,0.769387755102041
20260876,64,500,15,3000,3000,3000,3000,"fast","control_informative",0.05,5,0.01,"","mirage_joint","pleiotropy","auc",NA,0.843232323232323
20260876,64,500,15,3000,3000,3000,3000,"fast","control_informative",0.05,5,0.01,"","mirage_joint","trait1","pp08_power",0.8,0.12
20260876,64,500,15,3000,3000,3000,3000,"fast","control_informative",0.05,5,0.01,"","mirage_joint","trait1","pp08_fdp",0.8,0.25
20260876,64,500,15,3000,3000,3000,3000,"fast","control_informative",0.05,5,0.01,"","mirage_joint","trait1","pp08_discoveries",0.8,4
20260876,64,500,15,3000,3000,3000,3000,"fast","control_informative",0.05,5,0.01,"","mirage_joint","trait2","pp08_power",0.8,0.3
20260876,64,500,15,3000,3000,3000,3000,"fast","control_informative",0.05,5,0.01,"","mirage_joint","trait2","pp08_fdp",0.8,0
20260876,64,500,15,3000,3000,3000,3000,"fast","control_informative",0.05,5,0.01,"","mirage_joint","trait2","pp08_discoveries",0.8,3
20260876,64,500,15,3000,3000,3000,3000,"fast","control_informative",0.05,5,0.01,"","mirage_joint","pleiotropy","pp08_power",0.8,0
20260876,64,500,15,3000,3000,3000,3000,"fast","control_informative",0.05,5,0.01,"","mirage_joint","pleiotropy","pp08_fdp",0.8,0
20260876,64,500,15,3000,3000,3000,3000,"fast","control_informative",0.05,5,0.01,"","mirage_joint","pleiotropy","pp08_discoveries",0.8,0
20260876,64,500,15,3000,3000,3000,3000,"fast","control_informative",0.05,5,0.01,"","mirage_joint","trait1","bfdr_observed_fdp",0.01,0
20260876,64,500,15,3000,3000,3000,3000,"fast","control_informative",0.05,5,0.01,"","mirage_joint","trait1","bfdr_estimate",0.01,0.0064768867616572
20260876,64,500,15,3000,3000,3000,3000,"fast","control_informative",0.05,5,0.01,"","mirage_joint","trait1","bfdr_power",0.01,0.08
20260876,64,500,15,3000,3000,3000,3000,"fast","control_informative",0.05,5,0.01,"","mirage_joint","trait1","bfdr_discoveries",0.01,2
20260876,64,500,15,3000,3000,3000,3000,"fast","control_informative",0.05,5,0.01,"","mirage_joint","trait1","bfdr_observed_fdp",0.05,0.25
20260876,64,500,15,3000,3000,3000,3000,"fast","control_informative",0.05,5,0.01,"","mirage_joint","trait1","bfdr_estimate",0.05,0.047442860042169
20260876,64,500,15,3000,3000,3000,3000,"fast","control_informative",0.05,5,0.01,"","mirage_joint","trait1","bfdr_power",0.05,0.12
20260876,64,500,15,3000,3000,3000,3000,"fast","control_informative",0.05,5,0.01,"","mirage_joint","trait1","bfdr_discoveries",0.05,4
20260876,64,500,15,3000,3000,3000,3000,"fast","control_informative",0.05,5,0.01,"","mirage_joint","trait1","bfdr_observed_fdp",0.1,0.25
20260876,64,500,15,3000,3000,3000,3000,"fast","control_informative",0.05,5,0.01,"","mirage_joint","trait1","bfdr_estimate",0.1,0.047442860042169
20260876,64,500,15,3000,3000,3000,3000,"fast","control_informative",0.05,5,0.01,"","mirage_joint","trait1","bfdr_power",0.1,0.12
20260876,64,500,15,3000,3000,3000,3000,"fast","control_informative",0.05,5,0.01,"","mirage_joint","trait1","bfdr_discoveries",0.1,4
20260876,64,500,15,3000,3000,3000,3000,"fast","control_informative",0.05,5,0.01,"","mirage_joint","trait1","bfdr_observed_fdp",0.2,0.166666666666667
20260876,64,500,15,3000,3000,3000,3000,"fast","control_informative",0.05,5,0.01,"","mirage_joint","trait1","bfdr_estimate",0.2,0.167945034099072
20260876,64,500,15,3000,3000,3000,3000,"fast","control_informative",0.05,5,0.01,"","mirage_joint","trait1","bfdr_power",0.2,0.2
20260876,64,500,15,3000,3000,3000,3000,"fast","control_informative",0.05,5,0.01,"","mirage_joint","trait1","bfdr_discoveries",0.2,6
20260876,64,500,15,3000,3000,3000,3000,"fast","control_informative",0.05,5,0.01,"","mirage_joint","trait2","bfdr_observed_fdp",0.01,0
20260876,64,500,15,3000,3000,3000,3000,"fast","control_informative",0.05,5,0.01,"","mirage_joint","trait2","bfdr_estimate",0.01,0.0083492603566635
20260876,64,500,15,3000,3000,3000,3000,"fast","control_informative",0.05,5,0.01,"","mirage_joint","trait2","bfdr_power",0.01,0.1
20260876,64,500,15,3000,3000,3000,3000,"fast","control_informative",0.05,5,0.01,"","mirage_joint","trait2","bfdr_discoveries",0.01,1
20260876,64,500,15,3000,3000,3000,3000,"fast","control_informative",0.05,5,0.01,"","mirage_joint","trait2","bfdr_observed_fdp",0.05,0
20260876,64,500,15,3000,3000,3000,3000,"fast","control_informative",0.05,5,0.01,"","mirage_joint","trait2","bfdr_estimate",0.05,0.0083492603566635
20260876,64,500,15,3000,3000,3000,3000,"fast","control_informative",0.05,5,0.01,"","mirage_joint","trait2","bfdr_power",0.05,0.1
20260876,64,500,15,3000,3000,3000,3000,"fast","control_informative",0.05,5,0.01,"","mirage_joint","trait2","bfdr_discoveries",0.05,1
20260876,64,500,15,3000,3000,3000,3000,"fast","control_informative",0.05,5,0.01,"","mirage_joint","trait2","bfdr_observed_fdp",0.1,0
20260876,64,500,15,3000,3000,3000,3000,"fast","control_informative",0.05,5,0.01,"","mirage_joint","trait2","bfdr_estimate",0.1,0.0948020768236979
20260876,64,500,15,3000,3000,3000,3000,"fast","control_informative",0.05,5,0.01,"","mirage_joint","trait2","bfdr_power",0.1,0.3
20260876,64,500,15,3000,3000,3000,3000,"fast","control_informative",0.05,5,0.01,"","mirage_joint","trait2","bfdr_discoveries",0.1,3
20260876,64,500,15,3000,3000,3000,3000,"fast","control_informative",0.05,5,0.01,"","mirage_joint","trait2","bfdr_observed_fdp",0.2,0.4
20260876,64,500,15,3000,3000,3000,3000,"fast","control_informative",0.05,5,0.01,"","mirage_joint","trait2","bfdr_estimate",0.2,0.170295131483587
20260876,64,500,15,3000,3000,3000,3000,"fast","control_informative",0.05,5,0.01,"","mirage_joint","trait2","bfdr_power",0.2,0.3
20260876,64,500,15,3000,3000,3000,3000,"fast","control_informative",0.05,5,0.01,"","mirage_joint","trait2","bfdr_discoveries",0.2,5
20260876,64,500,15,3000,3000,3000,3000,"fast","control_informative",0.05,5,0.01,"","mirage_joint","pleiotropy","bfdr_observed_fdp",0.01,0
20260876,64,500,15,3000,3000,3000,3000,"fast","control_informative",0.05,5,0.01,"","mirage_joint","pleiotropy","bfdr_estimate",0.01,0
20260876,64,500,15,3000,3000,3000,3000,"fast","control_informative",0.05,5,0.01,"","mirage_joint","pleiotropy","bfdr_power",0.01,0
20260876,64,500,15,3000,3000,3000,3000,"fast","control_informative",0.05,5,0.01,"","mirage_joint","pleiotropy","bfdr_discoveries",0.01,0
20260876,64,500,15,3000,3000,3000,3000,"fast","control_informative",0.05,5,0.01,"","mirage_joint","pleiotropy","bfdr_observed_fdp",0.05,0
20260876,64,500,15,3000,3000,3000,3000,"fast","control_informative",0.05,5,0.01,"","mirage_joint","pleiotropy","bfdr_estimate",0.05,0
20260876,64,500,15,3000,3000,3000,3000,"fast","control_informative",0.05,5,0.01,"","mirage_joint","pleiotropy","bfdr_power",0.05,0
20260876,64,500,15,3000,3000,3000,3000,"fast","control_informative",0.05,5,0.01,"","mirage_joint","pleiotropy","bfdr_discoveries",0.05,0
20260876,64,500,15,3000,3000,3000,3000,"fast","control_informative",0.05,5,0.01,"","mirage_joint","pleiotropy","bfdr_observed_fdp",0.1,0
20260876,64,500,15,3000,3000,3000,3000,"fast","control_informative",0.05,5,0.01,"","mirage_joint","pleiotropy","bfdr_estimate",0.1,0
20260876,64,500,15,3000,3000,3000,3000,"fast","control_informative",0.05,5,0.01,"","mirage_joint","pleiotropy","bfdr_power",0.1,0
20260876,64,500,15,3000,3000,3000,3000,"fast","control_informative",0.05,5,0.01,"","mirage_joint","pleiotropy","bfdr_discoveries",0.1,0
20260876,64,500,15,3000,3000,3000,3000,"fast","control_informative",0.05,5,0.01,"","mirage_joint","pleiotropy","bfdr_observed_fdp",0.2,0
20260876,64,500,15,3000,3000,3000,3000,"fast","control_informative",0.05,5,0.01,"","mirage_joint","pleiotropy","bfdr_estimate",0.2,0
20260876,64,500,15,3000,3000,3000,3000,"fast","control_informative",0.05,5,0.01,"","mirage_joint","pleiotropy","bfdr_power",0.2,0
20260876,64,500,15,3000,3000,3000,3000,"fast","control_informative",0.05,5,0.01,"","mirage_joint","pleiotropy","bfdr_discoveries",0.2,0
20260876,64,500,15,3000,3000,3000,3000,"fast","control_informative",0.05,5,0.01,"","mirage_joint","global","runtime_seconds",NA,18.9960000000001
20260876,64,500,15,3000,3000,3000,3000,"fast","control_informative",0.05,5,0.01,"","mirage_joint","pleiotropy","pi11_estimate",NA,0.0340833770760033
20260876,64,500,15,3000,3000,3000,3000,"fast","control_informative",0.05,5,0.01,"","separate_mirage","trait1","auc",NA,0.763536842105263
20260876,64,500,15,3000,3000,3000,3000,"fast","control_informative",0.05,5,0.01,"","separate_mirage","trait2","auc",NA,0.747755102040816
20260876,64,500,15,3000,3000,3000,3000,"fast","control_informative",0.05,5,0.01,"","separate_mirage","pleiotropy","auc",NA,0.867474747474748
20260876,64,500,15,3000,3000,3000,3000,"fast","control_informative",0.05,5,0.01,"","separate_mirage","trait1","pp08_power",0.8,0.12
20260876,64,500,15,3000,3000,3000,3000,"fast","control_informative",0.05,5,0.01,"","separate_mirage","trait1","pp08_fdp",0.8,0
20260876,64,500,15,3000,3000,3000,3000,"fast","control_informative",0.05,5,0.01,"","separate_mirage","trait1","pp08_discoveries",0.8,3
20260876,64,500,15,3000,3000,3000,3000,"fast","control_informative",0.05,5,0.01,"","separate_mirage","trait2","pp08_power",0.8,0.1
20260876,64,500,15,3000,3000,3000,3000,"fast","control_informative",0.05,5,0.01,"","separate_mirage","trait2","pp08_fdp",0.8,0
20260876,64,500,15,3000,3000,3000,3000,"fast","control_informative",0.05,5,0.01,"","separate_mirage","trait2","pp08_discoveries",0.8,1
20260876,64,500,15,3000,3000,3000,3000,"fast","control_informative",0.05,5,0.01,"","separate_mirage","pleiotropy","pp08_power",0.8,0
20260876,64,500,15,3000,3000,3000,3000,"fast","control_informative",0.05,5,0.01,"","separate_mirage","pleiotropy","pp08_fdp",0.8,0
20260876,64,500,15,3000,3000,3000,3000,"fast","control_informative",0.05,5,0.01,"","separate_mirage","pleiotropy","pp08_discoveries",0.8,0
20260876,64,500,15,3000,3000,3000,3000,"fast","control_informative",0.05,5,0.01,"","separate_mirage","trait1","bfdr_observed_fdp",0.01,0
20260876,64,500,15,3000,3000,3000,3000,"fast","control_informative",0.05,5,0.01,"","separate_mirage","trait1","bfdr_estimate",0.01,0.00570560216569205
20260876,64,500,15,3000,3000,3000,3000,"fast","control_informative",0.05,5,0.01,"","separate_mirage","trait1","bfdr_power",0.01,0.04
20260876,64,500,15,3000,3000,3000,3000,"fast","control_informative",0.05,5,0.01,"","separate_mirage","trait1","bfdr_discoveries",0.01,1
20260876,64,500,15,3000,3000,3000,3000,"fast","control_informative",0.05,5,0.01,"","separate_mirage","trait1","bfdr_observed_fdp",0.05,0
20260876,64,500,15,3000,3000,3000,3000,"fast","control_informative",0.05,5,0.01,"","separate_mirage","trait1","bfdr_estimate",0.05,0.0159710427513773
20260876,64,500,15,3000,3000,3000,3000,"fast","control_informative",0.05,5,0.01,"","separate_mirage","trait1","bfdr_power",0.05,0.12
20260876,64,500,15,3000,3000,3000,3000,"fast","control_informative",0.05,5,0.01,"","separate_mirage","trait1","bfdr_discoveries",0.05,3
20260876,64,500,15,3000,3000,3000,3000,"fast","control_informative",0.05,5,0.01,"","separate_mirage","trait1","bfdr_observed_fdp",0.1,0.25
20260876,64,500,15,3000,3000,3000,3000,"fast","control_informative",0.05,5,0.01,"","separate_mirage","trait1","bfdr_estimate",0.1,0.0630637803653088
20260876,64,500,15,3000,3000,3000,3000,"fast","control_informative",0.05,5,0.01,"","separate_mirage","trait1","bfdr_power",0.1,0.12
20260876,64,500,15,3000,3000,3000,3000,"fast","control_informative",0.05,5,0.01,"","separate_mirage","trait1","bfdr_discoveries",0.1,4
20260876,64,500,15,3000,3000,3000,3000,"fast","control_informative",0.05,5,0.01,"","separate_mirage","trait1","bfdr_observed_fdp",0.2,0.166666666666667
20260876,64,500,15,3000,3000,3000,3000,"fast","control_informative",0.05,5,0.01,"","separate_mirage","trait1","bfdr_estimate",0.2,0.191331163365056
20260876,64,500,15,3000,3000,3000,3000,"fast","control_informative",0.05,5,0.01,"","separate_mirage","trait1","bfdr_power",0.2,0.2
20260876,64,500,15,3000,3000,3000,3000,"fast","control_informative",0.05,5,0.01,"","separate_mirage","trait1","bfdr_discoveries",0.2,6
20260876,64,500,15,3000,3000,3000,3000,"fast","control_informative",0.05,5,0.01,"","separate_mirage","trait2","bfdr_observed_fdp",0.01,0
20260876,64,500,15,3000,3000,3000,3000,"fast","control_informative",0.05,5,0.01,"","separate_mirage","trait2","bfdr_estimate",0.01,0
20260876,64,500,15,3000,3000,3000,3000,"fast","control_informative",0.05,5,0.01,"","separate_mirage","trait2","bfdr_power",0.01,0
20260876,64,500,15,3000,3000,3000,3000,"fast","control_informative",0.05,5,0.01,"","separate_mirage","trait2","bfdr_discoveries",0.01,0
20260876,64,500,15,3000,3000,3000,3000,"fast","control_informative",0.05,5,0.01,"","separate_mirage","trait2","bfdr_observed_fdp",0.05,0
20260876,64,500,15,3000,3000,3000,3000,"fast","control_informative",0.05,5,0.01,"","separate_mirage","trait2","bfdr_estimate",0.05,0.0419930319492183
20260876,64,500,15,3000,3000,3000,3000,"fast","control_informative",0.05,5,0.01,"","separate_mirage","trait2","bfdr_power",0.05,0.1
20260876,64,500,15,3000,3000,3000,3000,"fast","control_informative",0.05,5,0.01,"","separate_mirage","trait2","bfdr_discoveries",0.05,1
20260876,64,500,15,3000,3000,3000,3000,"fast","control_informative",0.05,5,0.01,"","separate_mirage","trait2","bfdr_observed_fdp",0.1,0
20260876,64,500,15,3000,3000,3000,3000,"fast","control_informative",0.05,5,0.01,"","separate_mirage","trait2","bfdr_estimate",0.1,0.0419930319492183
20260876,64,500,15,3000,3000,3000,3000,"fast","control_informative",0.05,5,0.01,"","separate_mirage","trait2","bfdr_power",0.1,0.1
20260876,64,500,15,3000,3000,3000,3000,"fast","control_informative",0.05,5,0.01,"","separate_mirage","trait2","bfdr_discoveries",0.1,1
20260876,64,500,15,3000,3000,3000,3000,"fast","control_informative",0.05,5,0.01,"","separate_mirage","trait2","bfdr_observed_fdp",0.2,0
20260876,64,500,15,3000,3000,3000,3000,"fast","control_informative",0.05,5,0.01,"","separate_mirage","trait2","bfdr_estimate",0.2,0.0419930319492183
20260876,64,500,15,3000,3000,3000,3000,"fast","control_informative",0.05,5,0.01,"","separate_mirage","trait2","bfdr_power",0.2,0.1
20260876,64,500,15,3000,3000,3000,3000,"fast","control_informative",0.05,5,0.01,"","separate_mirage","trait2","bfdr_discoveries",0.2,1
20260876,64,500,15,3000,3000,3000,3000,"fast","control_informative",0.05,5,0.01,"","separate_mirage","pleiotropy","bfdr_observed_fdp",0.01,0
20260876,64,500,15,3000,3000,3000,3000,"fast","control_informative",0.05,5,0.01,"","separate_mirage","pleiotropy","bfdr_estimate",0.01,0
20260876,64,500,15,3000,3000,3000,3000,"fast","control_informative",0.05,5,0.01,"","separate_mirage","pleiotropy","bfdr_power",0.01,0
20260876,64,500,15,3000,3000,3000,3000,"fast","control_informative",0.05,5,0.01,"","separate_mirage","pleiotropy","bfdr_discoveries",0.01,0
20260876,64,500,15,3000,3000,3000,3000,"fast","control_informative",0.05,5,0.01,"","separate_mirage","pleiotropy","bfdr_observed_fdp",0.05,0
20260876,64,500,15,3000,3000,3000,3000,"fast","control_informative",0.05,5,0.01,"","separate_mirage","pleiotropy","bfdr_estimate",0.05,0
20260876,64,500,15,3000,3000,3000,3000,"fast","control_informative",0.05,5,0.01,"","separate_mirage","pleiotropy","bfdr_power",0.05,0
20260876,64,500,15,3000,3000,3000,3000,"fast","control_informative",0.05,5,0.01,"","separate_mirage","pleiotropy","bfdr_discoveries",0.05,0
20260876,64,500,15,3000,3000,3000,3000,"fast","control_informative",0.05,5,0.01,"","separate_mirage","pleiotropy","bfdr_observed_fdp",0.1,0
20260876,64,500,15,3000,3000,3000,3000,"fast","control_informative",0.05,5,0.01,"","separate_mirage","pleiotropy","bfdr_estimate",0.1,0
20260876,64,500,15,3000,3000,3000,3000,"fast","control_informative",0.05,5,0.01,"","separate_mirage","pleiotropy","bfdr_power",0.1,0
20260876,64,500,15,3000,3000,3000,3000,"fast","control_informative",0.05,5,0.01,"","separate_mirage","pleiotropy","bfdr_discoveries",0.1,0
20260876,64,500,15,3000,3000,3000,3000,"fast","control_informative",0.05,5,0.01,"","separate_mirage","pleiotropy","bfdr_observed_fdp",0.2,0
20260876,64,500,15,3000,3000,3000,3000,"fast","control_informative",0.05,5,0.01,"","separate_mirage","pleiotropy","bfdr_estimate",0.2,0
20260876,64,500,15,3000,3000,3000,3000,"fast","control_informative",0.05,5,0.01,"","separate_mirage","pleiotropy","bfdr_power",0.2,0
20260876,64,500,15,3000,3000,3000,3000,"fast","control_informative",0.05,5,0.01,"","separate_mirage","pleiotropy","bfdr_discoveries",0.2,0
20260876,64,500,15,3000,3000,3000,3000,"fast","control_informative",0.05,5,0.01,"","separate_mirage","global","runtime_seconds",NA,18.3710000000001
20260876,64,500,15,3000,3000,3000,3000,"fast","control_informative",0.05,5,0.01,"","separate_mirage","pleiotropy","pi11_estimate",NA,0.001
20260876,64,500,15,3000,3000,3000,3000,"fast","control_informative",0.05,5,0.01,"","mtada_aggregated","trait1","auc",NA,0.777094736842105
20260876,64,500,15,3000,3000,3000,3000,"fast","control_informative",0.05,5,0.01,"","mtada_aggregated","trait2","auc",NA,0.67469387755102
20260876,64,500,15,3000,3000,3000,3000,"fast","control_informative",0.05,5,0.01,"","mtada_aggregated","pleiotropy","auc",NA,0.789090909090909
20260876,64,500,15,3000,3000,3000,3000,"fast","control_informative",0.05,5,0.01,"","mtada_aggregated","trait1","pp08_power",0.8,0.28
20260876,64,500,15,3000,3000,3000,3000,"fast","control_informative",0.05,5,0.01,"","mtada_aggregated","trait1","pp08_fdp",0.8,0.833333333333333
20260876,64,500,15,3000,3000,3000,3000,"fast","control_informative",0.05,5,0.01,"","mtada_aggregated","trait1","pp08_discoveries",0.8,42
20260876,64,500,15,3000,3000,3000,3000,"fast","control_informative",0.05,5,0.01,"","mtada_aggregated","trait2","pp08_power",0.8,0.3
20260876,64,500,15,3000,3000,3000,3000,"fast","control_informative",0.05,5,0.01,"","mtada_aggregated","trait2","pp08_fdp",0.8,0.923076923076923
20260876,64,500,15,3000,3000,3000,3000,"fast","control_informative",0.05,5,0.01,"","mtada_aggregated","trait2","pp08_discoveries",0.8,39
20260876,64,500,15,3000,3000,3000,3000,"fast","control_informative",0.05,5,0.01,"","mtada_aggregated","pleiotropy","pp08_power",0.8,0.2
20260876,64,500,15,3000,3000,3000,3000,"fast","control_informative",0.05,5,0.01,"","mtada_aggregated","pleiotropy","pp08_fdp",0.8,0.833333333333333
20260876,64,500,15,3000,3000,3000,3000,"fast","control_informative",0.05,5,0.01,"","mtada_aggregated","pleiotropy","pp08_discoveries",0.8,6
20260876,64,500,15,3000,3000,3000,3000,"fast","control_informative",0.05,5,0.01,"","mtada_aggregated","trait1","bfdr_observed_fdp",0.01,0.852941176470588
20260876,64,500,15,3000,3000,3000,3000,"fast","control_informative",0.05,5,0.01,"","mtada_aggregated","trait1","bfdr_estimate",0.01,0.00924212984695132
20260876,64,500,15,3000,3000,3000,3000,"fast","control_informative",0.05,5,0.01,"","mtada_aggregated","trait1","bfdr_power",0.01,0.2
20260876,64,500,15,3000,3000,3000,3000,"fast","control_informative",0.05,5,0.01,"","mtada_aggregated","trait1","bfdr_discoveries",0.01,34
20260876,64,500,15,3000,3000,3000,3000,"fast","control_informative",0.05,5,0.01,"","mtada_aggregated","trait1","bfdr_observed_fdp",0.05,0.822222222222222
20260876,64,500,15,3000,3000,3000,3000,"fast","control_informative",0.05,5,0.01,"","mtada_aggregated","trait1","bfdr_estimate",0.05,0.0493210920021905
20260876,64,500,15,3000,3000,3000,3000,"fast","control_informative",0.05,5,0.01,"","mtada_aggregated","trait1","bfdr_power",0.05,0.32
20260876,64,500,15,3000,3000,3000,3000,"fast","control_informative",0.05,5,0.01,"","mtada_aggregated","trait1","bfdr_discoveries",0.05,45
20260876,64,500,15,3000,3000,3000,3000,"fast","control_informative",0.05,5,0.01,"","mtada_aggregated","trait1","bfdr_observed_fdp",0.1,0.823529411764706
20260876,64,500,15,3000,3000,3000,3000,"fast","control_informative",0.05,5,0.01,"","mtada_aggregated","trait1","bfdr_estimate",0.1,0.0959810080816266
20260876,64,500,15,3000,3000,3000,3000,"fast","control_informative",0.05,5,0.01,"","mtada_aggregated","trait1","bfdr_power",0.1,0.36
20260876,64,500,15,3000,3000,3000,3000,"fast","control_informative",0.05,5,0.01,"","mtada_aggregated","trait1","bfdr_discoveries",0.1,51
20260876,64,500,15,3000,3000,3000,3000,"fast","control_informative",0.05,5,0.01,"","mtada_aggregated","trait1","bfdr_observed_fdp",0.2,0.84375
20260876,64,500,15,3000,3000,3000,3000,"fast","control_informative",0.05,5,0.01,"","mtada_aggregated","trait1","bfdr_estimate",0.2,0.193507447941955
20260876,64,500,15,3000,3000,3000,3000,"fast","control_informative",0.05,5,0.01,"","mtada_aggregated","trait1","bfdr_power",0.2,0.4
20260876,64,500,15,3000,3000,3000,3000,"fast","control_informative",0.05,5,0.01,"","mtada_aggregated","trait1","bfdr_discoveries",0.2,64
20260876,64,500,15,3000,3000,3000,3000,"fast","control_informative",0.05,5,0.01,"","mtada_aggregated","trait2","bfdr_observed_fdp",0.01,0.90625
20260876,64,500,15,3000,3000,3000,3000,"fast","control_informative",0.05,5,0.01,"","mtada_aggregated","trait2","bfdr_estimate",0.01,0.00757578243201272
20260876,64,500,15,3000,3000,3000,3000,"fast","control_informative",0.05,5,0.01,"","mtada_aggregated","trait2","bfdr_power",0.01,0.3
20260876,64,500,15,3000,3000,3000,3000,"fast","control_informative",0.05,5,0.01,"","mtada_aggregated","trait2","bfdr_discoveries",0.01,32
20260876,64,500,15,3000,3000,3000,3000,"fast","control_informative",0.05,5,0.01,"","mtada_aggregated","trait2","bfdr_observed_fdp",0.05,0.930232558139535
20260876,64,500,15,3000,3000,3000,3000,"fast","control_informative",0.05,5,0.01,"","mtada_aggregated","trait2","bfdr_estimate",0.05,0.049738766906083
20260876,64,500,15,3000,3000,3000,3000,"fast","control_informative",0.05,5,0.01,"","mtada_aggregated","trait2","bfdr_power",0.05,0.3
20260876,64,500,15,3000,3000,3000,3000,"fast","control_informative",0.05,5,0.01,"","mtada_aggregated","trait2","bfdr_discoveries",0.05,43
20260876,64,500,15,3000,3000,3000,3000,"fast","control_informative",0.05,5,0.01,"","mtada_aggregated","trait2","bfdr_observed_fdp",0.1,0.92
20260876,64,500,15,3000,3000,3000,3000,"fast","control_informative",0.05,5,0.01,"","mtada_aggregated","trait2","bfdr_estimate",0.1,0.0954405628927106
20260876,64,500,15,3000,3000,3000,3000,"fast","control_informative",0.05,5,0.01,"","mtada_aggregated","trait2","bfdr_power",0.1,0.4
20260876,64,500,15,3000,3000,3000,3000,"fast","control_informative",0.05,5,0.01,"","mtada_aggregated","trait2","bfdr_discoveries",0.1,50
20260876,64,500,15,3000,3000,3000,3000,"fast","control_informative",0.05,5,0.01,"","mtada_aggregated","trait2","bfdr_observed_fdp",0.2,0.932203389830508
20260876,64,500,15,3000,3000,3000,3000,"fast","control_informative",0.05,5,0.01,"","mtada_aggregated","trait2","bfdr_estimate",0.2,0.19561705583701
20260876,64,500,15,3000,3000,3000,3000,"fast","control_informative",0.05,5,0.01,"","mtada_aggregated","trait2","bfdr_power",0.2,0.4
20260876,64,500,15,3000,3000,3000,3000,"fast","control_informative",0.05,5,0.01,"","mtada_aggregated","trait2","bfdr_discoveries",0.2,59
20260876,64,500,15,3000,3000,3000,3000,"fast","control_informative",0.05,5,0.01,"","mtada_aggregated","pleiotropy","bfdr_observed_fdp",0.01,0.666666666666667
20260876,64,500,15,3000,3000,3000,3000,"fast","control_informative",0.05,5,0.01,"","mtada_aggregated","pleiotropy","bfdr_estimate",0.01,0.000921537531708797
20260876,64,500,15,3000,3000,3000,3000,"fast","control_informative",0.05,5,0.01,"","mtada_aggregated","pleiotropy","bfdr_power",0.01,0.2
20260876,64,500,15,3000,3000,3000,3000,"fast","control_informative",0.05,5,0.01,"","mtada_aggregated","pleiotropy","bfdr_discoveries",0.01,3
20260876,64,500,15,3000,3000,3000,3000,"fast","control_informative",0.05,5,0.01,"","mtada_aggregated","pleiotropy","bfdr_observed_fdp",0.05,0.8
20260876,64,500,15,3000,3000,3000,3000,"fast","control_informative",0.05,5,0.01,"","mtada_aggregated","pleiotropy","bfdr_estimate",0.05,0.0316633887806896
20260876,64,500,15,3000,3000,3000,3000,"fast","control_informative",0.05,5,0.01,"","mtada_aggregated","pleiotropy","bfdr_power",0.05,0.2
20260876,64,500,15,3000,3000,3000,3000,"fast","control_informative",0.05,5,0.01,"","mtada_aggregated","pleiotropy","bfdr_discoveries",0.05,5
20260876,64,500,15,3000,3000,3000,3000,"fast","control_informative",0.05,5,0.01,"","mtada_aggregated","pleiotropy","bfdr_observed_fdp",0.1,0.857142857142857
20260876,64,500,15,3000,3000,3000,3000,"fast","control_informative",0.05,5,0.01,"","mtada_aggregated","pleiotropy","bfdr_estimate",0.1,0.0879622883550288
20260876,64,500,15,3000,3000,3000,3000,"fast","control_informative",0.05,5,0.01,"","mtada_aggregated","pleiotropy","bfdr_power",0.1,0.2
20260876,64,500,15,3000,3000,3000,3000,"fast","control_informative",0.05,5,0.01,"","mtada_aggregated","pleiotropy","bfdr_discoveries",0.1,7
20260876,64,500,15,3000,3000,3000,3000,"fast","control_informative",0.05,5,0.01,"","mtada_aggregated","pleiotropy","bfdr_observed_fdp",0.2,0.8
20260876,64,500,15,3000,3000,3000,3000,"fast","control_informative",0.05,5,0.01,"","mtada_aggregated","pleiotropy","bfdr_estimate",0.2,0.183109173594401
20260876,64,500,15,3000,3000,3000,3000,"fast","control_informative",0.05,5,0.01,"","mtada_aggregated","pleiotropy","bfdr_power",0.2,0.4
20260876,64,500,15,3000,3000,3000,3000,"fast","control_informative",0.05,5,0.01,"","mtada_aggregated","pleiotropy","bfdr_discoveries",0.2,10
20260876,64,500,15,3000,3000,3000,3000,"fast","control_informative",0.05,5,0.01,"","mtada_aggregated","global","runtime_seconds",NA,0.694999999999936
20260876,64,500,15,3000,3000,3000,3000,"fast","control_informative",0.05,5,0.01,"","mtada_aggregated","pleiotropy","pi11_estimate",NA,0.0036391
20260877,65,500,15,3000,3000,3000,3000,"fast","control_informative",0.05,5,0.01,"","mirage_joint","trait1","auc",NA,0.731284210526316
20260877,65,500,15,3000,3000,3000,3000,"fast","control_informative",0.05,5,0.01,"","mirage_joint","trait2","auc",NA,0.569387755102041
20260877,65,500,15,3000,3000,3000,3000,"fast","control_informative",0.05,5,0.01,"","mirage_joint","pleiotropy","auc",NA,0.745858585858586
20260877,65,500,15,3000,3000,3000,3000,"fast","control_informative",0.05,5,0.01,"","mirage_joint","trait1","pp08_power",0.8,0.12
20260877,65,500,15,3000,3000,3000,3000,"fast","control_informative",0.05,5,0.01,"","mirage_joint","trait1","pp08_fdp",0.8,0
20260877,65,500,15,3000,3000,3000,3000,"fast","control_informative",0.05,5,0.01,"","mirage_joint","trait1","pp08_discoveries",0.8,3
20260877,65,500,15,3000,3000,3000,3000,"fast","control_informative",0.05,5,0.01,"","mirage_joint","trait2","pp08_power",0.8,0.1
20260877,65,500,15,3000,3000,3000,3000,"fast","control_informative",0.05,5,0.01,"","mirage_joint","trait2","pp08_fdp",0.8,0
20260877,65,500,15,3000,3000,3000,3000,"fast","control_informative",0.05,5,0.01,"","mirage_joint","trait2","pp08_discoveries",0.8,1
20260877,65,500,15,3000,3000,3000,3000,"fast","control_informative",0.05,5,0.01,"","mirage_joint","pleiotropy","pp08_power",0.8,0
20260877,65,500,15,3000,3000,3000,3000,"fast","control_informative",0.05,5,0.01,"","mirage_joint","pleiotropy","pp08_fdp",0.8,0
20260877,65,500,15,3000,3000,3000,3000,"fast","control_informative",0.05,5,0.01,"","mirage_joint","pleiotropy","pp08_discoveries",0.8,0
20260877,65,500,15,3000,3000,3000,3000,"fast","control_informative",0.05,5,0.01,"","mirage_joint","trait1","bfdr_observed_fdp",0.01,0
20260877,65,500,15,3000,3000,3000,3000,"fast","control_informative",0.05,5,0.01,"","mirage_joint","trait1","bfdr_estimate",0.01,2.16728635038521e-10
20260877,65,500,15,3000,3000,3000,3000,"fast","control_informative",0.05,5,0.01,"","mirage_joint","trait1","bfdr_power",0.01,0.04
20260877,65,500,15,3000,3000,3000,3000,"fast","control_informative",0.05,5,0.01,"","mirage_joint","trait1","bfdr_discoveries",0.01,1
20260877,65,500,15,3000,3000,3000,3000,"fast","control_informative",0.05,5,0.01,"","mirage_joint","trait1","bfdr_observed_fdp",0.05,0
20260877,65,500,15,3000,3000,3000,3000,"fast","control_informative",0.05,5,0.01,"","mirage_joint","trait1","bfdr_estimate",0.05,0.0108055066297643
20260877,65,500,15,3000,3000,3000,3000,"fast","control_informative",0.05,5,0.01,"","mirage_joint","trait1","bfdr_power",0.05,0.08
20260877,65,500,15,3000,3000,3000,3000,"fast","control_informative",0.05,5,0.01,"","mirage_joint","trait1","bfdr_discoveries",0.05,2
20260877,65,500,15,3000,3000,3000,3000,"fast","control_informative",0.05,5,0.01,"","mirage_joint","trait1","bfdr_observed_fdp",0.1,0
20260877,65,500,15,3000,3000,3000,3000,"fast","control_informative",0.05,5,0.01,"","mirage_joint","trait1","bfdr_estimate",0.1,0.0533118503949906
20260877,65,500,15,3000,3000,3000,3000,"fast","control_informative",0.05,5,0.01,"","mirage_joint","trait1","bfdr_power",0.1,0.12
20260877,65,500,15,3000,3000,3000,3000,"fast","control_informative",0.05,5,0.01,"","mirage_joint","trait1","bfdr_discoveries",0.1,3
20260877,65,500,15,3000,3000,3000,3000,"fast","control_informative",0.05,5,0.01,"","mirage_joint","trait1","bfdr_observed_fdp",0.2,0.166666666666667
20260877,65,500,15,3000,3000,3000,3000,"fast","control_informative",0.05,5,0.01,"","mirage_joint","trait1","bfdr_estimate",0.2,0.192991746092807
20260877,65,500,15,3000,3000,3000,3000,"fast","control_informative",0.05,5,0.01,"","mirage_joint","trait1","bfdr_power",0.2,0.2
20260877,65,500,15,3000,3000,3000,3000,"fast","control_informative",0.05,5,0.01,"","mirage_joint","trait1","bfdr_discoveries",0.2,6
20260877,65,500,15,3000,3000,3000,3000,"fast","control_informative",0.05,5,0.01,"","mirage_joint","trait2","bfdr_observed_fdp",0.01,0
20260877,65,500,15,3000,3000,3000,3000,"fast","control_informative",0.05,5,0.01,"","mirage_joint","trait2","bfdr_estimate",0.01,0
20260877,65,500,15,3000,3000,3000,3000,"fast","control_informative",0.05,5,0.01,"","mirage_joint","trait2","bfdr_power",0.01,0
20260877,65,500,15,3000,3000,3000,3000,"fast","control_informative",0.05,5,0.01,"","mirage_joint","trait2","bfdr_discoveries",0.01,0
20260877,65,500,15,3000,3000,3000,3000,"fast","control_informative",0.05,5,0.01,"","mirage_joint","trait2","bfdr_observed_fdp",0.05,0
20260877,65,500,15,3000,3000,3000,3000,"fast","control_informative",0.05,5,0.01,"","mirage_joint","trait2","bfdr_estimate",0.05,0
20260877,65,500,15,3000,3000,3000,3000,"fast","control_informative",0.05,5,0.01,"","mirage_joint","trait2","bfdr_power",0.05,0
20260877,65,500,15,3000,3000,3000,3000,"fast","control_informative",0.05,5,0.01,"","mirage_joint","trait2","bfdr_discoveries",0.05,0
20260877,65,500,15,3000,3000,3000,3000,"fast","control_informative",0.05,5,0.01,"","mirage_joint","trait2","bfdr_observed_fdp",0.1,0
20260877,65,500,15,3000,3000,3000,3000,"fast","control_informative",0.05,5,0.01,"","mirage_joint","trait2","bfdr_estimate",0.1,0
20260877,65,500,15,3000,3000,3000,3000,"fast","control_informative",0.05,5,0.01,"","mirage_joint","trait2","bfdr_power",0.1,0
20260877,65,500,15,3000,3000,3000,3000,"fast","control_informative",0.05,5,0.01,"","mirage_joint","trait2","bfdr_discoveries",0.1,0
20260877,65,500,15,3000,3000,3000,3000,"fast","control_informative",0.05,5,0.01,"","mirage_joint","trait2","bfdr_observed_fdp",0.2,0
20260877,65,500,15,3000,3000,3000,3000,"fast","control_informative",0.05,5,0.01,"","mirage_joint","trait2","bfdr_estimate",0.2,0.189214508514877
20260877,65,500,15,3000,3000,3000,3000,"fast","control_informative",0.05,5,0.01,"","mirage_joint","trait2","bfdr_power",0.2,0.1
20260877,65,500,15,3000,3000,3000,3000,"fast","control_informative",0.05,5,0.01,"","mirage_joint","trait2","bfdr_discoveries",0.2,1
20260877,65,500,15,3000,3000,3000,3000,"fast","control_informative",0.05,5,0.01,"","mirage_joint","pleiotropy","bfdr_observed_fdp",0.01,0
20260877,65,500,15,3000,3000,3000,3000,"fast","control_informative",0.05,5,0.01,"","mirage_joint","pleiotropy","bfdr_estimate",0.01,0
20260877,65,500,15,3000,3000,3000,3000,"fast","control_informative",0.05,5,0.01,"","mirage_joint","pleiotropy","bfdr_power",0.01,0
20260877,65,500,15,3000,3000,3000,3000,"fast","control_informative",0.05,5,0.01,"","mirage_joint","pleiotropy","bfdr_discoveries",0.01,0
20260877,65,500,15,3000,3000,3000,3000,"fast","control_informative",0.05,5,0.01,"","mirage_joint","pleiotropy","bfdr_observed_fdp",0.05,0
20260877,65,500,15,3000,3000,3000,3000,"fast","control_informative",0.05,5,0.01,"","mirage_joint","pleiotropy","bfdr_estimate",0.05,0
20260877,65,500,15,3000,3000,3000,3000,"fast","control_informative",0.05,5,0.01,"","mirage_joint","pleiotropy","bfdr_power",0.05,0
20260877,65,500,15,3000,3000,3000,3000,"fast","control_informative",0.05,5,0.01,"","mirage_joint","pleiotropy","bfdr_discoveries",0.05,0
20260877,65,500,15,3000,3000,3000,3000,"fast","control_informative",0.05,5,0.01,"","mirage_joint","pleiotropy","bfdr_observed_fdp",0.1,0
20260877,65,500,15,3000,3000,3000,3000,"fast","control_informative",0.05,5,0.01,"","mirage_joint","pleiotropy","bfdr_estimate",0.1,0
20260877,65,500,15,3000,3000,3000,3000,"fast","control_informative",0.05,5,0.01,"","mirage_joint","pleiotropy","bfdr_power",0.1,0
20260877,65,500,15,3000,3000,3000,3000,"fast","control_informative",0.05,5,0.01,"","mirage_joint","pleiotropy","bfdr_discoveries",0.1,0
20260877,65,500,15,3000,3000,3000,3000,"fast","control_informative",0.05,5,0.01,"","mirage_joint","pleiotropy","bfdr_observed_fdp",0.2,0
20260877,65,500,15,3000,3000,3000,3000,"fast","control_informative",0.05,5,0.01,"","mirage_joint","pleiotropy","bfdr_estimate",0.2,0
20260877,65,500,15,3000,3000,3000,3000,"fast","control_informative",0.05,5,0.01,"","mirage_joint","pleiotropy","bfdr_power",0.2,0
20260877,65,500,15,3000,3000,3000,3000,"fast","control_informative",0.05,5,0.01,"","mirage_joint","pleiotropy","bfdr_discoveries",0.2,0
20260877,65,500,15,3000,3000,3000,3000,"fast","control_informative",0.05,5,0.01,"","mirage_joint","global","runtime_seconds",NA,19.008
20260877,65,500,15,3000,3000,3000,3000,"fast","control_informative",0.05,5,0.01,"","mirage_joint","pleiotropy","pi11_estimate",NA,0.00246178433469688
20260877,65,500,15,3000,3000,3000,3000,"fast","control_informative",0.05,5,0.01,"","separate_mirage","trait1","auc",NA,0.721936842105263
20260877,65,500,15,3000,3000,3000,3000,"fast","control_informative",0.05,5,0.01,"","separate_mirage","trait2","auc",NA,0.581836734693878
20260877,65,500,15,3000,3000,3000,3000,"fast","control_informative",0.05,5,0.01,"","separate_mirage","pleiotropy","auc",NA,0.707474747474747
20260877,65,500,15,3000,3000,3000,3000,"fast","control_informative",0.05,5,0.01,"","separate_mirage","trait1","pp08_power",0.8,0.12
20260877,65,500,15,3000,3000,3000,3000,"fast","control_informative",0.05,5,0.01,"","separate_mirage","trait1","pp08_fdp",0.8,0
20260877,65,500,15,3000,3000,3000,3000,"fast","control_informative",0.05,5,0.01,"","separate_mirage","trait1","pp08_discoveries",0.8,3
20260877,65,500,15,3000,3000,3000,3000,"fast","control_informative",0.05,5,0.01,"","separate_mirage","trait2","pp08_power",0.8,0
20260877,65,500,15,3000,3000,3000,3000,"fast","control_informative",0.05,5,0.01,"","separate_mirage","trait2","pp08_fdp",0.8,0
20260877,65,500,15,3000,3000,3000,3000,"fast","control_informative",0.05,5,0.01,"","separate_mirage","trait2","pp08_discoveries",0.8,0
20260877,65,500,15,3000,3000,3000,3000,"fast","control_informative",0.05,5,0.01,"","separate_mirage","pleiotropy","pp08_power",0.8,0
20260877,65,500,15,3000,3000,3000,3000,"fast","control_informative",0.05,5,0.01,"","separate_mirage","pleiotropy","pp08_fdp",0.8,0
20260877,65,500,15,3000,3000,3000,3000,"fast","control_informative",0.05,5,0.01,"","separate_mirage","pleiotropy","pp08_discoveries",0.8,0
20260877,65,500,15,3000,3000,3000,3000,"fast","control_informative",0.05,5,0.01,"","separate_mirage","trait1","bfdr_observed_fdp",0.01,0
20260877,65,500,15,3000,3000,3000,3000,"fast","control_informative",0.05,5,0.01,"","separate_mirage","trait1","bfdr_estimate",0.01,4.67198058018425e-10
20260877,65,500,15,3000,3000,3000,3000,"fast","control_informative",0.05,5,0.01,"","separate_mirage","trait1","bfdr_power",0.01,0.04
20260877,65,500,15,3000,3000,3000,3000,"fast","control_informative",0.05,5,0.01,"","separate_mirage","trait1","bfdr_discoveries",0.01,1
20260877,65,500,15,3000,3000,3000,3000,"fast","control_informative",0.05,5,0.01,"","separate_mirage","trait1","bfdr_observed_fdp",0.05,0
20260877,65,500,15,3000,3000,3000,3000,"fast","control_informative",0.05,5,0.01,"","separate_mirage","trait1","bfdr_estimate",0.05,0.0126977019772518
20260877,65,500,15,3000,3000,3000,3000,"fast","control_informative",0.05,5,0.01,"","separate_mirage","trait1","bfdr_power",0.05,0.08
20260877,65,500,15,3000,3000,3000,3000,"fast","control_informative",0.05,5,0.01,"","separate_mirage","trait1","bfdr_discoveries",0.05,2
20260877,65,500,15,3000,3000,3000,3000,"fast","control_informative",0.05,5,0.01,"","separate_mirage","trait1","bfdr_observed_fdp",0.1,0
20260877,65,500,15,3000,3000,3000,3000,"fast","control_informative",0.05,5,0.01,"","separate_mirage","trait1","bfdr_estimate",0.1,0.0746386150104696
20260877,65,500,15,3000,3000,3000,3000,"fast","control_informative",0.05,5,0.01,"","separate_mirage","trait1","bfdr_power",0.1,0.12
20260877,65,500,15,3000,3000,3000,3000,"fast","control_informative",0.05,5,0.01,"","separate_mirage","trait1","bfdr_discoveries",0.1,3
20260877,65,500,15,3000,3000,3000,3000,"fast","control_informative",0.05,5,0.01,"","separate_mirage","trait1","bfdr_observed_fdp",0.2,0.2
20260877,65,500,15,3000,3000,3000,3000,"fast","control_informative",0.05,5,0.01,"","separate_mirage","trait1","bfdr_estimate",0.2,0.157089762691016
20260877,65,500,15,3000,3000,3000,3000,"fast","control_informative",0.05,5,0.01,"","separate_mirage","trait1","bfdr_power",0.2,0.16
20260877,65,500,15,3000,3000,3000,3000,"fast","control_informative",0.05,5,0.01,"","separate_mirage","trait1","bfdr_discoveries",0.2,5
20260877,65,500,15,3000,3000,3000,3000,"fast","control_informative",0.05,5,0.01,"","separate_mirage","trait2","bfdr_observed_fdp",0.01,0
20260877,65,500,15,3000,3000,3000,3000,"fast","control_informative",0.05,5,0.01,"","separate_mirage","trait2","bfdr_estimate",0.01,0
20260877,65,500,15,3000,3000,3000,3000,"fast","control_informative",0.05,5,0.01,"","separate_mirage","trait2","bfdr_power",0.01,0
20260877,65,500,15,3000,3000,3000,3000,"fast","control_informative",0.05,5,0.01,"","separate_mirage","trait2","bfdr_discoveries",0.01,0
20260877,65,500,15,3000,3000,3000,3000,"fast","control_informative",0.05,5,0.01,"","separate_mirage","trait2","bfdr_observed_fdp",0.05,0
20260877,65,500,15,3000,3000,3000,3000,"fast","control_informative",0.05,5,0.01,"","separate_mirage","trait2","bfdr_estimate",0.05,0
20260877,65,500,15,3000,3000,3000,3000,"fast","control_informative",0.05,5,0.01,"","separate_mirage","trait2","bfdr_power",0.05,0
20260877,65,500,15,3000,3000,3000,3000,"fast","control_informative",0.05,5,0.01,"","separate_mirage","trait2","bfdr_discoveries",0.05,0
20260877,65,500,15,3000,3000,3000,3000,"fast","control_informative",0.05,5,0.01,"","separate_mirage","trait2","bfdr_observed_fdp",0.1,0
20260877,65,500,15,3000,3000,3000,3000,"fast","control_informative",0.05,5,0.01,"","separate_mirage","trait2","bfdr_estimate",0.1,0
20260877,65,500,15,3000,3000,3000,3000,"fast","control_informative",0.05,5,0.01,"","separate_mirage","trait2","bfdr_power",0.1,0
20260877,65,500,15,3000,3000,3000,3000,"fast","control_informative",0.05,5,0.01,"","separate_mirage","trait2","bfdr_discoveries",0.1,0
20260877,65,500,15,3000,3000,3000,3000,"fast","control_informative",0.05,5,0.01,"","separate_mirage","trait2","bfdr_observed_fdp",0.2,0
20260877,65,500,15,3000,3000,3000,3000,"fast","control_informative",0.05,5,0.01,"","separate_mirage","trait2","bfdr_estimate",0.2,0
20260877,65,500,15,3000,3000,3000,3000,"fast","control_informative",0.05,5,0.01,"","separate_mirage","trait2","bfdr_power",0.2,0
20260877,65,500,15,3000,3000,3000,3000,"fast","control_informative",0.05,5,0.01,"","separate_mirage","trait2","bfdr_discoveries",0.2,0
20260877,65,500,15,3000,3000,3000,3000,"fast","control_informative",0.05,5,0.01,"","separate_mirage","pleiotropy","bfdr_observed_fdp",0.01,0
20260877,65,500,15,3000,3000,3000,3000,"fast","control_informative",0.05,5,0.01,"","separate_mirage","pleiotropy","bfdr_estimate",0.01,0
20260877,65,500,15,3000,3000,3000,3000,"fast","control_informative",0.05,5,0.01,"","separate_mirage","pleiotropy","bfdr_power",0.01,0
20260877,65,500,15,3000,3000,3000,3000,"fast","control_informative",0.05,5,0.01,"","separate_mirage","pleiotropy","bfdr_discoveries",0.01,0
20260877,65,500,15,3000,3000,3000,3000,"fast","control_informative",0.05,5,0.01,"","separate_mirage","pleiotropy","bfdr_observed_fdp",0.05,0
20260877,65,500,15,3000,3000,3000,3000,"fast","control_informative",0.05,5,0.01,"","separate_mirage","pleiotropy","bfdr_estimate",0.05,0
20260877,65,500,15,3000,3000,3000,3000,"fast","control_informative",0.05,5,0.01,"","separate_mirage","pleiotropy","bfdr_power",0.05,0
20260877,65,500,15,3000,3000,3000,3000,"fast","control_informative",0.05,5,0.01,"","separate_mirage","pleiotropy","bfdr_discoveries",0.05,0
20260877,65,500,15,3000,3000,3000,3000,"fast","control_informative",0.05,5,0.01,"","separate_mirage","pleiotropy","bfdr_observed_fdp",0.1,0
20260877,65,500,15,3000,3000,3000,3000,"fast","control_informative",0.05,5,0.01,"","separate_mirage","pleiotropy","bfdr_estimate",0.1,0
20260877,65,500,15,3000,3000,3000,3000,"fast","control_informative",0.05,5,0.01,"","separate_mirage","pleiotropy","bfdr_power",0.1,0
20260877,65,500,15,3000,3000,3000,3000,"fast","control_informative",0.05,5,0.01,"","separate_mirage","pleiotropy","bfdr_discoveries",0.1,0
20260877,65,500,15,3000,3000,3000,3000,"fast","control_informative",0.05,5,0.01,"","separate_mirage","pleiotropy","bfdr_observed_fdp",0.2,0
20260877,65,500,15,3000,3000,3000,3000,"fast","control_informative",0.05,5,0.01,"","separate_mirage","pleiotropy","bfdr_estimate",0.2,0
20260877,65,500,15,3000,3000,3000,3000,"fast","control_informative",0.05,5,0.01,"","separate_mirage","pleiotropy","bfdr_power",0.2,0
20260877,65,500,15,3000,3000,3000,3000,"fast","control_informative",0.05,5,0.01,"","separate_mirage","pleiotropy","bfdr_discoveries",0.2,0
20260877,65,500,15,3000,3000,3000,3000,"fast","control_informative",0.05,5,0.01,"","separate_mirage","global","runtime_seconds",NA,18.53
20260877,65,500,15,3000,3000,3000,3000,"fast","control_informative",0.05,5,0.01,"","separate_mirage","pleiotropy","pi11_estimate",NA,0.001
20260877,65,500,15,3000,3000,3000,3000,"fast","control_informative",0.05,5,0.01,"","mtada_aggregated","trait1","auc",NA,0.708168421052632
20260877,65,500,15,3000,3000,3000,3000,"fast","control_informative",0.05,5,0.01,"","mtada_aggregated","trait2","auc",NA,0.669387755102041
20260877,65,500,15,3000,3000,3000,3000,"fast","control_informative",0.05,5,0.01,"","mtada_aggregated","pleiotropy","auc",NA,0.838383838383838
20260877,65,500,15,3000,3000,3000,3000,"fast","control_informative",0.05,5,0.01,"","mtada_aggregated","trait1","pp08_power",0.8,0.44
20260877,65,500,15,3000,3000,3000,3000,"fast","control_informative",0.05,5,0.01,"","mtada_aggregated","trait1","pp08_fdp",0.8,0.75
20260877,65,500,15,3000,3000,3000,3000,"fast","control_informative",0.05,5,0.01,"","mtada_aggregated","trait1","pp08_discoveries",0.8,44
20260877,65,500,15,3000,3000,3000,3000,"fast","control_informative",0.05,5,0.01,"","mtada_aggregated","trait2","pp08_power",0.8,0.3
20260877,65,500,15,3000,3000,3000,3000,"fast","control_informative",0.05,5,0.01,"","mtada_aggregated","trait2","pp08_fdp",0.8,0.888888888888889
20260877,65,500,15,3000,3000,3000,3000,"fast","control_informative",0.05,5,0.01,"","mtada_aggregated","trait2","pp08_discoveries",0.8,27
20260877,65,500,15,3000,3000,3000,3000,"fast","control_informative",0.05,5,0.01,"","mtada_aggregated","pleiotropy","pp08_power",0.8,0
20260877,65,500,15,3000,3000,3000,3000,"fast","control_informative",0.05,5,0.01,"","mtada_aggregated","pleiotropy","pp08_fdp",0.8,1
20260877,65,500,15,3000,3000,3000,3000,"fast","control_informative",0.05,5,0.01,"","mtada_aggregated","pleiotropy","pp08_discoveries",0.8,5
20260877,65,500,15,3000,3000,3000,3000,"fast","control_informative",0.05,5,0.01,"","mtada_aggregated","trait1","bfdr_observed_fdp",0.01,0.767441860465116
20260877,65,500,15,3000,3000,3000,3000,"fast","control_informative",0.05,5,0.01,"","mtada_aggregated","trait1","bfdr_estimate",0.01,0.00787089215657715
20260877,65,500,15,3000,3000,3000,3000,"fast","control_informative",0.05,5,0.01,"","mtada_aggregated","trait1","bfdr_power",0.01,0.4
20260877,65,500,15,3000,3000,3000,3000,"fast","control_informative",0.05,5,0.01,"","mtada_aggregated","trait1","bfdr_discoveries",0.01,43
20260877,65,500,15,3000,3000,3000,3000,"fast","control_informative",0.05,5,0.01,"","mtada_aggregated","trait1","bfdr_observed_fdp",0.05,0.764705882352941
20260877,65,500,15,3000,3000,3000,3000,"fast","control_informative",0.05,5,0.01,"","mtada_aggregated","trait1","bfdr_estimate",0.05,0.0475011734422661
20260877,65,500,15,3000,3000,3000,3000,"fast","control_informative",0.05,5,0.01,"","mtada_aggregated","trait1","bfdr_power",0.05,0.48
20260877,65,500,15,3000,3000,3000,3000,"fast","control_informative",0.05,5,0.01,"","mtada_aggregated","trait1","bfdr_discoveries",0.05,51
20260877,65,500,15,3000,3000,3000,3000,"fast","control_informative",0.05,5,0.01,"","mtada_aggregated","trait1","bfdr_observed_fdp",0.1,0.796610169491525
20260877,65,500,15,3000,3000,3000,3000,"fast","control_informative",0.05,5,0.01,"","mtada_aggregated","trait1","bfdr_estimate",0.1,0.0981326721093241
20260877,65,500,15,3000,3000,3000,3000,"fast","control_informative",0.05,5,0.01,"","mtada_aggregated","trait1","bfdr_power",0.1,0.48
20260877,65,500,15,3000,3000,3000,3000,"fast","control_informative",0.05,5,0.01,"","mtada_aggregated","trait1","bfdr_discoveries",0.1,59
20260877,65,500,15,3000,3000,3000,3000,"fast","control_informative",0.05,5,0.01,"","mtada_aggregated","trait1","bfdr_observed_fdp",0.2,0.835616438356164
20260877,65,500,15,3000,3000,3000,3000,"fast","control_informative",0.05,5,0.01,"","mtada_aggregated","trait1","bfdr_estimate",0.2,0.199673311142927
20260877,65,500,15,3000,3000,3000,3000,"fast","control_informative",0.05,5,0.01,"","mtada_aggregated","trait1","bfdr_power",0.2,0.48
20260877,65,500,15,3000,3000,3000,3000,"fast","control_informative",0.05,5,0.01,"","mtada_aggregated","trait1","bfdr_discoveries",0.2,73
20260877,65,500,15,3000,3000,3000,3000,"fast","control_informative",0.05,5,0.01,"","mtada_aggregated","trait2","bfdr_observed_fdp",0.01,0.869565217391304
20260877,65,500,15,3000,3000,3000,3000,"fast","control_informative",0.05,5,0.01,"","mtada_aggregated","trait2","bfdr_estimate",0.01,0.00804681189991118
20260877,65,500,15,3000,3000,3000,3000,"fast","control_informative",0.05,5,0.01,"","mtada_aggregated","trait2","bfdr_power",0.01,0.3
20260877,65,500,15,3000,3000,3000,3000,"fast","control_informative",0.05,5,0.01,"","mtada_aggregated","trait2","bfdr_discoveries",0.01,23
20260877,65,500,15,3000,3000,3000,3000,"fast","control_informative",0.05,5,0.01,"","mtada_aggregated","trait2","bfdr_observed_fdp",0.05,0.9
20260877,65,500,15,3000,3000,3000,3000,"fast","control_informative",0.05,5,0.01,"","mtada_aggregated","trait2","bfdr_estimate",0.05,0.0454725318039927
20260877,65,500,15,3000,3000,3000,3000,"fast","control_informative",0.05,5,0.01,"","mtada_aggregated","trait2","bfdr_power",0.05,0.3
20260877,65,500,15,3000,3000,3000,3000,"fast","control_informative",0.05,5,0.01,"","mtada_aggregated","trait2","bfdr_discoveries",0.05,30
20260877,65,500,15,3000,3000,3000,3000,"fast","control_informative",0.05,5,0.01,"","mtada_aggregated","trait2","bfdr_observed_fdp",0.1,0.914285714285714
20260877,65,500,15,3000,3000,3000,3000,"fast","control_informative",0.05,5,0.01,"","mtada_aggregated","trait2","bfdr_estimate",0.1,0.0920672780104483
20260877,65,500,15,3000,3000,3000,3000,"fast","control_informative",0.05,5,0.01,"","mtada_aggregated","trait2","bfdr_power",0.1,0.3
20260877,65,500,15,3000,3000,3000,3000,"fast","control_informative",0.05,5,0.01,"","mtada_aggregated","trait2","bfdr_discoveries",0.1,35
20260877,65,500,15,3000,3000,3000,3000,"fast","control_informative",0.05,5,0.01,"","mtada_aggregated","trait2","bfdr_observed_fdp",0.2,0.931818181818182
20260877,65,500,15,3000,3000,3000,3000,"fast","control_informative",0.05,5,0.01,"","mtada_aggregated","trait2","bfdr_estimate",0.2,0.191335300322092
20260877,65,500,15,3000,3000,3000,3000,"fast","control_informative",0.05,5,0.01,"","mtada_aggregated","trait2","bfdr_power",0.2,0.3
20260877,65,500,15,3000,3000,3000,3000,"fast","control_informative",0.05,5,0.01,"","mtada_aggregated","trait2","bfdr_discoveries",0.2,44
20260877,65,500,15,3000,3000,3000,3000,"fast","control_informative",0.05,5,0.01,"","mtada_aggregated","pleiotropy","bfdr_observed_fdp",0.01,1
20260877,65,500,15,3000,3000,3000,3000,"fast","control_informative",0.05,5,0.01,"","mtada_aggregated","pleiotropy","bfdr_estimate",0.01,3.96397556500228e-05
20260877,65,500,15,3000,3000,3000,3000,"fast","control_informative",0.05,5,0.01,"","mtada_aggregated","pleiotropy","bfdr_power",0.01,0
20260877,65,500,15,3000,3000,3000,3000,"fast","control_informative",0.05,5,0.01,"","mtada_aggregated","pleiotropy","bfdr_discoveries",0.01,1
20260877,65,500,15,3000,3000,3000,3000,"fast","control_informative",0.05,5,0.01,"","mtada_aggregated","pleiotropy","bfdr_observed_fdp",0.05,1
20260877,65,500,15,3000,3000,3000,3000,"fast","control_informative",0.05,5,0.01,"","mtada_aggregated","pleiotropy","bfdr_estimate",0.05,0.0353226577930989
20260877,65,500,15,3000,3000,3000,3000,"fast","control_informative",0.05,5,0.01,"","mtada_aggregated","pleiotropy","bfdr_power",0.05,0
20260877,65,500,15,3000,3000,3000,3000,"fast","control_informative",0.05,5,0.01,"","mtada_aggregated","pleiotropy","bfdr_discoveries",0.05,5
20260877,65,500,15,3000,3000,3000,3000,"fast","control_informative",0.05,5,0.01,"","mtada_aggregated","pleiotropy","bfdr_observed_fdp",0.1,0.833333333333333
20260877,65,500,15,3000,3000,3000,3000,"fast","control_informative",0.05,5,0.01,"","mtada_aggregated","pleiotropy","bfdr_estimate",0.1,0.0900747556856887
20260877,65,500,15,3000,3000,3000,3000,"fast","control_informative",0.05,5,0.01,"","mtada_aggregated","pleiotropy","bfdr_power",0.1,0.2
20260877,65,500,15,3000,3000,3000,3000,"fast","control_informative",0.05,5,0.01,"","mtada_aggregated","pleiotropy","bfdr_discoveries",0.1,6
20260877,65,500,15,3000,3000,3000,3000,"fast","control_informative",0.05,5,0.01,"","mtada_aggregated","pleiotropy","bfdr_observed_fdp",0.2,0.857142857142857
20260877,65,500,15,3000,3000,3000,3000,"fast","control_informative",0.05,5,0.01,"","mtada_aggregated","pleiotropy","bfdr_estimate",0.2,0.148328441772981
20260877,65,500,15,3000,3000,3000,3000,"fast","control_informative",0.05,5,0.01,"","mtada_aggregated","pleiotropy","bfdr_power",0.2,0.2
20260877,65,500,15,3000,3000,3000,3000,"fast","control_informative",0.05,5,0.01,"","mtada_aggregated","pleiotropy","bfdr_discoveries",0.2,7
20260877,65,500,15,3000,3000,3000,3000,"fast","control_informative",0.05,5,0.01,"","mtada_aggregated","global","runtime_seconds",NA,0.711000000000013
20260877,65,500,15,3000,3000,3000,3000,"fast","control_informative",0.05,5,0.01,"","mtada_aggregated","pleiotropy","pi11_estimate",NA,0.00313386
20260878,66,500,15,3000,3000,3000,3000,"fast","control_informative",0.05,5,0.01,"","mirage_joint","trait1","auc",NA,0.79141052631579
20260878,66,500,15,3000,3000,3000,3000,"fast","control_informative",0.05,5,0.01,"","mirage_joint","trait2","auc",NA,0.818775510204082
20260878,66,500,15,3000,3000,3000,3000,"fast","control_informative",0.05,5,0.01,"","mirage_joint","pleiotropy","auc",NA,0.808888888888889
20260878,66,500,15,3000,3000,3000,3000,"fast","control_informative",0.05,5,0.01,"","mirage_joint","trait1","pp08_power",0.8,0.32
20260878,66,500,15,3000,3000,3000,3000,"fast","control_informative",0.05,5,0.01,"","mirage_joint","trait1","pp08_fdp",0.8,0
20260878,66,500,15,3000,3000,3000,3000,"fast","control_informative",0.05,5,0.01,"","mirage_joint","trait1","pp08_discoveries",0.8,8
20260878,66,500,15,3000,3000,3000,3000,"fast","control_informative",0.05,5,0.01,"","mirage_joint","trait2","pp08_power",0.8,0.1
20260878,66,500,15,3000,3000,3000,3000,"fast","control_informative",0.05,5,0.01,"","mirage_joint","trait2","pp08_fdp",0.8,0
20260878,66,500,15,3000,3000,3000,3000,"fast","control_informative",0.05,5,0.01,"","mirage_joint","trait2","pp08_discoveries",0.8,1
20260878,66,500,15,3000,3000,3000,3000,"fast","control_informative",0.05,5,0.01,"","mirage_joint","pleiotropy","pp08_power",0.8,0.2
20260878,66,500,15,3000,3000,3000,3000,"fast","control_informative",0.05,5,0.01,"","mirage_joint","pleiotropy","pp08_fdp",0.8,0
20260878,66,500,15,3000,3000,3000,3000,"fast","control_informative",0.05,5,0.01,"","mirage_joint","pleiotropy","pp08_discoveries",0.8,1
20260878,66,500,15,3000,3000,3000,3000,"fast","control_informative",0.05,5,0.01,"","mirage_joint","trait1","bfdr_observed_fdp",0.01,0
20260878,66,500,15,3000,3000,3000,3000,"fast","control_informative",0.05,5,0.01,"","mirage_joint","trait1","bfdr_estimate",0.01,0.000982504258273886
20260878,66,500,15,3000,3000,3000,3000,"fast","control_informative",0.05,5,0.01,"","mirage_joint","trait1","bfdr_power",0.01,0.2
20260878,66,500,15,3000,3000,3000,3000,"fast","control_informative",0.05,5,0.01,"","mirage_joint","trait1","bfdr_discoveries",0.01,5
20260878,66,500,15,3000,3000,3000,3000,"fast","control_informative",0.05,5,0.01,"","mirage_joint","trait1","bfdr_observed_fdp",0.05,0
20260878,66,500,15,3000,3000,3000,3000,"fast","control_informative",0.05,5,0.01,"","mirage_joint","trait1","bfdr_estimate",0.05,0.034028211746939
20260878,66,500,15,3000,3000,3000,3000,"fast","control_informative",0.05,5,0.01,"","mirage_joint","trait1","bfdr_power",0.05,0.28
20260878,66,500,15,3000,3000,3000,3000,"fast","control_informative",0.05,5,0.01,"","mirage_joint","trait1","bfdr_discoveries",0.05,7
20260878,66,500,15,3000,3000,3000,3000,"fast","control_informative",0.05,5,0.01,"","mirage_joint","trait1","bfdr_observed_fdp",0.1,0
20260878,66,500,15,3000,3000,3000,3000,"fast","control_informative",0.05,5,0.01,"","mirage_joint","trait1","bfdr_estimate",0.1,0.0884364438115389
20260878,66,500,15,3000,3000,3000,3000,"fast","control_informative",0.05,5,0.01,"","mirage_joint","trait1","bfdr_power",0.1,0.36
20260878,66,500,15,3000,3000,3000,3000,"fast","control_informative",0.05,5,0.01,"","mirage_joint","trait1","bfdr_discoveries",0.1,9
20260878,66,500,15,3000,3000,3000,3000,"fast","control_informative",0.05,5,0.01,"","mirage_joint","trait1","bfdr_observed_fdp",0.2,0.230769230769231
20260878,66,500,15,3000,3000,3000,3000,"fast","control_informative",0.05,5,0.01,"","mirage_joint","trait1","bfdr_estimate",0.2,0.183188777241582
20260878,66,500,15,3000,3000,3000,3000,"fast","control_informative",0.05,5,0.01,"","mirage_joint","trait1","bfdr_power",0.2,0.4
20260878,66,500,15,3000,3000,3000,3000,"fast","control_informative",0.05,5,0.01,"","mirage_joint","trait1","bfdr_discoveries",0.2,13
20260878,66,500,15,3000,3000,3000,3000,"fast","control_informative",0.05,5,0.01,"","mirage_joint","trait2","bfdr_observed_fdp",0.01,0
20260878,66,500,15,3000,3000,3000,3000,"fast","control_informative",0.05,5,0.01,"","mirage_joint","trait2","bfdr_estimate",0.01,9.60943408834236e-06
20260878,66,500,15,3000,3000,3000,3000,"fast","control_informative",0.05,5,0.01,"","mirage_joint","trait2","bfdr_power",0.01,0.1
20260878,66,500,15,3000,3000,3000,3000,"fast","control_informative",0.05,5,0.01,"","mirage_joint","trait2","bfdr_discoveries",0.01,1
20260878,66,500,15,3000,3000,3000,3000,"fast","control_informative",0.05,5,0.01,"","mirage_joint","trait2","bfdr_observed_fdp",0.05,0
20260878,66,500,15,3000,3000,3000,3000,"fast","control_informative",0.05,5,0.01,"","mirage_joint","trait2","bfdr_estimate",0.05,9.60943408834236e-06
20260878,66,500,15,3000,3000,3000,3000,"fast","control_informative",0.05,5,0.01,"","mirage_joint","trait2","bfdr_power",0.05,0.1
20260878,66,500,15,3000,3000,3000,3000,"fast","control_informative",0.05,5,0.01,"","mirage_joint","trait2","bfdr_discoveries",0.05,1
20260878,66,500,15,3000,3000,3000,3000,"fast","control_informative",0.05,5,0.01,"","mirage_joint","trait2","bfdr_observed_fdp",0.1,0
20260878,66,500,15,3000,3000,3000,3000,"fast","control_informative",0.05,5,0.01,"","mirage_joint","trait2","bfdr_estimate",0.1,9.60943408834236e-06
20260878,66,500,15,3000,3000,3000,3000,"fast","control_informative",0.05,5,0.01,"","mirage_joint","trait2","bfdr_power",0.1,0.1
20260878,66,500,15,3000,3000,3000,3000,"fast","control_informative",0.05,5,0.01,"","mirage_joint","trait2","bfdr_discoveries",0.1,1
20260878,66,500,15,3000,3000,3000,3000,"fast","control_informative",0.05,5,0.01,"","mirage_joint","trait2","bfdr_observed_fdp",0.2,0
20260878,66,500,15,3000,3000,3000,3000,"fast","control_informative",0.05,5,0.01,"","mirage_joint","trait2","bfdr_estimate",0.2,0.176453670271022
20260878,66,500,15,3000,3000,3000,3000,"fast","control_informative",0.05,5,0.01,"","mirage_joint","trait2","bfdr_power",0.2,0.2
20260878,66,500,15,3000,3000,3000,3000,"fast","control_informative",0.05,5,0.01,"","mirage_joint","trait2","bfdr_discoveries",0.2,2
20260878,66,500,15,3000,3000,3000,3000,"fast","control_informative",0.05,5,0.01,"","mirage_joint","pleiotropy","bfdr_observed_fdp",0.01,0
20260878,66,500,15,3000,3000,3000,3000,"fast","control_informative",0.05,5,0.01,"","mirage_joint","pleiotropy","bfdr_estimate",0.01,0.0010084673403874
20260878,66,500,15,3000,3000,3000,3000,"fast","control_informative",0.05,5,0.01,"","mirage_joint","pleiotropy","bfdr_power",0.01,0.2
20260878,66,500,15,3000,3000,3000,3000,"fast","control_informative",0.05,5,0.01,"","mirage_joint","pleiotropy","bfdr_discoveries",0.01,1
20260878,66,500,15,3000,3000,3000,3000,"fast","control_informative",0.05,5,0.01,"","mirage_joint","pleiotropy","bfdr_observed_fdp",0.05,0
20260878,66,500,15,3000,3000,3000,3000,"fast","control_informative",0.05,5,0.01,"","mirage_joint","pleiotropy","bfdr_estimate",0.05,0.0010084673403874
20260878,66,500,15,3000,3000,3000,3000,"fast","control_informative",0.05,5,0.01,"","mirage_joint","pleiotropy","bfdr_power",0.05,0.2
20260878,66,500,15,3000,3000,3000,3000,"fast","control_informative",0.05,5,0.01,"","mirage_joint","pleiotropy","bfdr_discoveries",0.05,1
20260878,66,500,15,3000,3000,3000,3000,"fast","control_informative",0.05,5,0.01,"","mirage_joint","pleiotropy","bfdr_observed_fdp",0.1,0
20260878,66,500,15,3000,3000,3000,3000,"fast","control_informative",0.05,5,0.01,"","mirage_joint","pleiotropy","bfdr_estimate",0.1,0.0010084673403874
20260878,66,500,15,3000,3000,3000,3000,"fast","control_informative",0.05,5,0.01,"","mirage_joint","pleiotropy","bfdr_power",0.1,0.2
20260878,66,500,15,3000,3000,3000,3000,"fast","control_informative",0.05,5,0.01,"","mirage_joint","pleiotropy","bfdr_discoveries",0.1,1
20260878,66,500,15,3000,3000,3000,3000,"fast","control_informative",0.05,5,0.01,"","mirage_joint","pleiotropy","bfdr_observed_fdp",0.2,0
20260878,66,500,15,3000,3000,3000,3000,"fast","control_informative",0.05,5,0.01,"","mirage_joint","pleiotropy","bfdr_estimate",0.2,0.0010084673403874
20260878,66,500,15,3000,3000,3000,3000,"fast","control_informative",0.05,5,0.01,"","mirage_joint","pleiotropy","bfdr_power",0.2,0.2
20260878,66,500,15,3000,3000,3000,3000,"fast","control_informative",0.05,5,0.01,"","mirage_joint","pleiotropy","bfdr_discoveries",0.2,1
20260878,66,500,15,3000,3000,3000,3000,"fast","control_informative",0.05,5,0.01,"","mirage_joint","global","runtime_seconds",NA,18.855
20260878,66,500,15,3000,3000,3000,3000,"fast","control_informative",0.05,5,0.01,"","mirage_joint","pleiotropy","pi11_estimate",NA,0.0822040868287324
20260878,66,500,15,3000,3000,3000,3000,"fast","control_informative",0.05,5,0.01,"","separate_mirage","trait1","auc",NA,0.75461052631579
20260878,66,500,15,3000,3000,3000,3000,"fast","control_informative",0.05,5,0.01,"","separate_mirage","trait2","auc",NA,0.680816326530612
20260878,66,500,15,3000,3000,3000,3000,"fast","control_informative",0.05,5,0.01,"","separate_mirage","pleiotropy","auc",NA,0.705454545454545
20260878,66,500,15,3000,3000,3000,3000,"fast","control_informative",0.05,5,0.01,"","separate_mirage","trait1","pp08_power",0.8,0.28
20260878,66,500,15,3000,3000,3000,3000,"fast","control_informative",0.05,5,0.01,"","separate_mirage","trait1","pp08_fdp",0.8,0
20260878,66,500,15,3000,3000,3000,3000,"fast","control_informative",0.05,5,0.01,"","separate_mirage","trait1","pp08_discoveries",0.8,7
20260878,66,500,15,3000,3000,3000,3000,"fast","control_informative",0.05,5,0.01,"","separate_mirage","trait2","pp08_power",0.8,0.1
20260878,66,500,15,3000,3000,3000,3000,"fast","control_informative",0.05,5,0.01,"","separate_mirage","trait2","pp08_fdp",0.8,0
20260878,66,500,15,3000,3000,3000,3000,"fast","control_informative",0.05,5,0.01,"","separate_mirage","trait2","pp08_discoveries",0.8,1
20260878,66,500,15,3000,3000,3000,3000,"fast","control_informative",0.05,5,0.01,"","separate_mirage","pleiotropy","pp08_power",0.8,0.2
20260878,66,500,15,3000,3000,3000,3000,"fast","control_informative",0.05,5,0.01,"","separate_mirage","pleiotropy","pp08_fdp",0.8,0
20260878,66,500,15,3000,3000,3000,3000,"fast","control_informative",0.05,5,0.01,"","separate_mirage","pleiotropy","pp08_discoveries",0.8,1
20260878,66,500,15,3000,3000,3000,3000,"fast","control_informative",0.05,5,0.01,"","separate_mirage","trait1","bfdr_observed_fdp",0.01,0
20260878,66,500,15,3000,3000,3000,3000,"fast","control_informative",0.05,5,0.01,"","separate_mirage","trait1","bfdr_estimate",0.01,0.00304958106021253
20260878,66,500,15,3000,3000,3000,3000,"fast","control_informative",0.05,5,0.01,"","separate_mirage","trait1","bfdr_power",0.01,0.16
20260878,66,500,15,3000,3000,3000,3000,"fast","control_informative",0.05,5,0.01,"","separate_mirage","trait1","bfdr_discoveries",0.01,4
20260878,66,500,15,3000,3000,3000,3000,"fast","control_informative",0.05,5,0.01,"","separate_mirage","trait1","bfdr_observed_fdp",0.05,0
20260878,66,500,15,3000,3000,3000,3000,"fast","control_informative",0.05,5,0.01,"","separate_mirage","trait1","bfdr_estimate",0.05,0.0489089913101757
20260878,66,500,15,3000,3000,3000,3000,"fast","control_informative",0.05,5,0.01,"","separate_mirage","trait1","bfdr_power",0.05,0.24
20260878,66,500,15,3000,3000,3000,3000,"fast","control_informative",0.05,5,0.01,"","separate_mirage","trait1","bfdr_discoveries",0.05,6
20260878,66,500,15,3000,3000,3000,3000,"fast","control_informative",0.05,5,0.01,"","separate_mirage","trait1","bfdr_observed_fdp",0.1,0
20260878,66,500,15,3000,3000,3000,3000,"fast","control_informative",0.05,5,0.01,"","separate_mirage","trait1","bfdr_estimate",0.1,0.0928107407050893
20260878,66,500,15,3000,3000,3000,3000,"fast","control_informative",0.05,5,0.01,"","separate_mirage","trait1","bfdr_power",0.1,0.32
20260878,66,500,15,3000,3000,3000,3000,"fast","control_informative",0.05,5,0.01,"","separate_mirage","trait1","bfdr_discoveries",0.1,8
20260878,66,500,15,3000,3000,3000,3000,"fast","control_informative",0.05,5,0.01,"","separate_mirage","trait1","bfdr_observed_fdp",0.2,0.1
20260878,66,500,15,3000,3000,3000,3000,"fast","control_informative",0.05,5,0.01,"","separate_mirage","trait1","bfdr_estimate",0.2,0.186511447235475
20260878,66,500,15,3000,3000,3000,3000,"fast","control_informative",0.05,5,0.01,"","separate_mirage","trait1","bfdr_power",0.2,0.36
20260878,66,500,15,3000,3000,3000,3000,"fast","control_informative",0.05,5,0.01,"","separate_mirage","trait1","bfdr_discoveries",0.2,10
20260878,66,500,15,3000,3000,3000,3000,"fast","control_informative",0.05,5,0.01,"","separate_mirage","trait2","bfdr_observed_fdp",0.01,0
20260878,66,500,15,3000,3000,3000,3000,"fast","control_informative",0.05,5,0.01,"","separate_mirage","trait2","bfdr_estimate",0.01,7.60712444325407e-05
20260878,66,500,15,3000,3000,3000,3000,"fast","control_informative",0.05,5,0.01,"","separate_mirage","trait2","bfdr_power",0.01,0.1
20260878,66,500,15,3000,3000,3000,3000,"fast","control_informative",0.05,5,0.01,"","separate_mirage","trait2","bfdr_discoveries",0.01,1
20260878,66,500,15,3000,3000,3000,3000,"fast","control_informative",0.05,5,0.01,"","separate_mirage","trait2","bfdr_observed_fdp",0.05,0
20260878,66,500,15,3000,3000,3000,3000,"fast","control_informative",0.05,5,0.01,"","separate_mirage","trait2","bfdr_estimate",0.05,7.60712444325407e-05
20260878,66,500,15,3000,3000,3000,3000,"fast","control_informative",0.05,5,0.01,"","separate_mirage","trait2","bfdr_power",0.05,0.1
20260878,66,500,15,3000,3000,3000,3000,"fast","control_informative",0.05,5,0.01,"","separate_mirage","trait2","bfdr_discoveries",0.05,1
20260878,66,500,15,3000,3000,3000,3000,"fast","control_informative",0.05,5,0.01,"","separate_mirage","trait2","bfdr_observed_fdp",0.1,0
20260878,66,500,15,3000,3000,3000,3000,"fast","control_informative",0.05,5,0.01,"","separate_mirage","trait2","bfdr_estimate",0.1,7.60712444325407e-05
20260878,66,500,15,3000,3000,3000,3000,"fast","control_informative",0.05,5,0.01,"","separate_mirage","trait2","bfdr_power",0.1,0.1
20260878,66,500,15,3000,3000,3000,3000,"fast","control_informative",0.05,5,0.01,"","separate_mirage","trait2","bfdr_discoveries",0.1,1
20260878,66,500,15,3000,3000,3000,3000,"fast","control_informative",0.05,5,0.01,"","separate_mirage","trait2","bfdr_observed_fdp",0.2,0
20260878,66,500,15,3000,3000,3000,3000,"fast","control_informative",0.05,5,0.01,"","separate_mirage","trait2","bfdr_estimate",0.2,7.60712444325407e-05
20260878,66,500,15,3000,3000,3000,3000,"fast","control_informative",0.05,5,0.01,"","separate_mirage","trait2","bfdr_power",0.2,0.1
20260878,66,500,15,3000,3000,3000,3000,"fast","control_informative",0.05,5,0.01,"","separate_mirage","trait2","bfdr_discoveries",0.2,1
20260878,66,500,15,3000,3000,3000,3000,"fast","control_informative",0.05,5,0.01,"","separate_mirage","pleiotropy","bfdr_observed_fdp",0.01,0
20260878,66,500,15,3000,3000,3000,3000,"fast","control_informative",0.05,5,0.01,"","separate_mirage","pleiotropy","bfdr_estimate",0.01,0
20260878,66,500,15,3000,3000,3000,3000,"fast","control_informative",0.05,5,0.01,"","separate_mirage","pleiotropy","bfdr_power",0.01,0
20260878,66,500,15,3000,3000,3000,3000,"fast","control_informative",0.05,5,0.01,"","separate_mirage","pleiotropy","bfdr_discoveries",0.01,0
20260878,66,500,15,3000,3000,3000,3000,"fast","control_informative",0.05,5,0.01,"","separate_mirage","pleiotropy","bfdr_observed_fdp",0.05,0
20260878,66,500,15,3000,3000,3000,3000,"fast","control_informative",0.05,5,0.01,"","separate_mirage","pleiotropy","bfdr_estimate",0.05,0
20260878,66,500,15,3000,3000,3000,3000,"fast","control_informative",0.05,5,0.01,"","separate_mirage","pleiotropy","bfdr_power",0.05,0
20260878,66,500,15,3000,3000,3000,3000,"fast","control_informative",0.05,5,0.01,"","separate_mirage","pleiotropy","bfdr_discoveries",0.05,0
20260878,66,500,15,3000,3000,3000,3000,"fast","control_informative",0.05,5,0.01,"","separate_mirage","pleiotropy","bfdr_observed_fdp",0.1,0
20260878,66,500,15,3000,3000,3000,3000,"fast","control_informative",0.05,5,0.01,"","separate_mirage","pleiotropy","bfdr_estimate",0.1,0
20260878,66,500,15,3000,3000,3000,3000,"fast","control_informative",0.05,5,0.01,"","separate_mirage","pleiotropy","bfdr_power",0.1,0
20260878,66,500,15,3000,3000,3000,3000,"fast","control_informative",0.05,5,0.01,"","separate_mirage","pleiotropy","bfdr_discoveries",0.1,0
20260878,66,500,15,3000,3000,3000,3000,"fast","control_informative",0.05,5,0.01,"","separate_mirage","pleiotropy","bfdr_observed_fdp",0.2,0
20260878,66,500,15,3000,3000,3000,3000,"fast","control_informative",0.05,5,0.01,"","separate_mirage","pleiotropy","bfdr_estimate",0.2,0.111188671649539
20260878,66,500,15,3000,3000,3000,3000,"fast","control_informative",0.05,5,0.01,"","separate_mirage","pleiotropy","bfdr_power",0.2,0.2
20260878,66,500,15,3000,3000,3000,3000,"fast","control_informative",0.05,5,0.01,"","separate_mirage","pleiotropy","bfdr_discoveries",0.2,1
20260878,66,500,15,3000,3000,3000,3000,"fast","control_informative",0.05,5,0.01,"","separate_mirage","global","runtime_seconds",NA,18.4939999999999
20260878,66,500,15,3000,3000,3000,3000,"fast","control_informative",0.05,5,0.01,"","separate_mirage","pleiotropy","pi11_estimate",NA,0.001
20260878,66,500,15,3000,3000,3000,3000,"fast","control_informative",0.05,5,0.01,"","mtada_aggregated","trait1","auc",NA,0.789978947368421
20260878,66,500,15,3000,3000,3000,3000,"fast","control_informative",0.05,5,0.01,"","mtada_aggregated","trait2","auc",NA,0.742040816326531
20260878,66,500,15,3000,3000,3000,3000,"fast","control_informative",0.05,5,0.01,"","mtada_aggregated","pleiotropy","auc",NA,0.737777777777778
20260878,66,500,15,3000,3000,3000,3000,"fast","control_informative",0.05,5,0.01,"","mtada_aggregated","trait1","pp08_power",0.8,0.44
20260878,66,500,15,3000,3000,3000,3000,"fast","control_informative",0.05,5,0.01,"","mtada_aggregated","trait1","pp08_fdp",0.8,0.755555555555556
20260878,66,500,15,3000,3000,3000,3000,"fast","control_informative",0.05,5,0.01,"","mtada_aggregated","trait1","pp08_discoveries",0.8,45
20260878,66,500,15,3000,3000,3000,3000,"fast","control_informative",0.05,5,0.01,"","mtada_aggregated","trait2","pp08_power",0.8,0.4
20260878,66,500,15,3000,3000,3000,3000,"fast","control_informative",0.05,5,0.01,"","mtada_aggregated","trait2","pp08_fdp",0.8,0.902439024390244
20260878,66,500,15,3000,3000,3000,3000,"fast","control_informative",0.05,5,0.01,"","mtada_aggregated","trait2","pp08_discoveries",0.8,41
20260878,66,500,15,3000,3000,3000,3000,"fast","control_informative",0.05,5,0.01,"","mtada_aggregated","pleiotropy","pp08_power",0.8,0.2
20260878,66,500,15,3000,3000,3000,3000,"fast","control_informative",0.05,5,0.01,"","mtada_aggregated","pleiotropy","pp08_fdp",0.8,0.8
20260878,66,500,15,3000,3000,3000,3000,"fast","control_informative",0.05,5,0.01,"","mtada_aggregated","pleiotropy","pp08_discoveries",0.8,5
20260878,66,500,15,3000,3000,3000,3000,"fast","control_informative",0.05,5,0.01,"","mtada_aggregated","trait1","bfdr_observed_fdp",0.01,0.761904761904762
20260878,66,500,15,3000,3000,3000,3000,"fast","control_informative",0.05,5,0.01,"","mtada_aggregated","trait1","bfdr_estimate",0.01,0.00963903564620311
20260878,66,500,15,3000,3000,3000,3000,"fast","control_informative",0.05,5,0.01,"","mtada_aggregated","trait1","bfdr_power",0.01,0.4
20260878,66,500,15,3000,3000,3000,3000,"fast","control_informative",0.05,5,0.01,"","mtada_aggregated","trait1","bfdr_discoveries",0.01,42
20260878,66,500,15,3000,3000,3000,3000,"fast","control_informative",0.05,5,0.01,"","mtada_aggregated","trait1","bfdr_observed_fdp",0.05,0.764705882352941
20260878,66,500,15,3000,3000,3000,3000,"fast","control_informative",0.05,5,0.01,"","mtada_aggregated","trait1","bfdr_estimate",0.05,0.0477597511873874
20260878,66,500,15,3000,3000,3000,3000,"fast","control_informative",0.05,5,0.01,"","mtada_aggregated","trait1","bfdr_power",0.05,0.48
20260878,66,500,15,3000,3000,3000,3000,"fast","control_informative",0.05,5,0.01,"","mtada_aggregated","trait1","bfdr_discoveries",0.05,51
20260878,66,500,15,3000,3000,3000,3000,"fast","control_informative",0.05,5,0.01,"","mtada_aggregated","trait1","bfdr_observed_fdp",0.1,0.789473684210526
20260878,66,500,15,3000,3000,3000,3000,"fast","control_informative",0.05,5,0.01,"","mtada_aggregated","trait1","bfdr_estimate",0.1,0.0993211068433016
20260878,66,500,15,3000,3000,3000,3000,"fast","control_informative",0.05,5,0.01,"","mtada_aggregated","trait1","bfdr_power",0.1,0.48
20260878,66,500,15,3000,3000,3000,3000,"fast","control_informative",0.05,5,0.01,"","mtada_aggregated","trait1","bfdr_discoveries",0.1,57
20260878,66,500,15,3000,3000,3000,3000,"fast","control_informative",0.05,5,0.01,"","mtada_aggregated","trait1","bfdr_observed_fdp",0.2,0.805970149253731
20260878,66,500,15,3000,3000,3000,3000,"fast","control_informative",0.05,5,0.01,"","mtada_aggregated","trait1","bfdr_estimate",0.2,0.192030172776395
20260878,66,500,15,3000,3000,3000,3000,"fast","control_informative",0.05,5,0.01,"","mtada_aggregated","trait1","bfdr_power",0.2,0.52
20260878,66,500,15,3000,3000,3000,3000,"fast","control_informative",0.05,5,0.01,"","mtada_aggregated","trait1","bfdr_discoveries",0.2,67
20260878,66,500,15,3000,3000,3000,3000,"fast","control_informative",0.05,5,0.01,"","mtada_aggregated","trait2","bfdr_observed_fdp",0.01,0.885714285714286
20260878,66,500,15,3000,3000,3000,3000,"fast","control_informative",0.05,5,0.01,"","mtada_aggregated","trait2","bfdr_estimate",0.01,0.00938458317253574
20260878,66,500,15,3000,3000,3000,3000,"fast","control_informative",0.05,5,0.01,"","mtada_aggregated","trait2","bfdr_power",0.01,0.4
20260878,66,500,15,3000,3000,3000,3000,"fast","control_informative",0.05,5,0.01,"","mtada_aggregated","trait2","bfdr_discoveries",0.01,35
20260878,66,500,15,3000,3000,3000,3000,"fast","control_informative",0.05,5,0.01,"","mtada_aggregated","trait2","bfdr_observed_fdp",0.05,0.909090909090909
20260878,66,500,15,3000,3000,3000,3000,"fast","control_informative",0.05,5,0.01,"","mtada_aggregated","trait2","bfdr_estimate",0.05,0.0467312208389817
20260878,66,500,15,3000,3000,3000,3000,"fast","control_informative",0.05,5,0.01,"","mtada_aggregated","trait2","bfdr_power",0.05,0.4
20260878,66,500,15,3000,3000,3000,3000,"fast","control_informative",0.05,5,0.01,"","mtada_aggregated","trait2","bfdr_discoveries",0.05,44
20260878,66,500,15,3000,3000,3000,3000,"fast","control_informative",0.05,5,0.01,"","mtada_aggregated","trait2","bfdr_observed_fdp",0.1,0.918367346938776
20260878,66,500,15,3000,3000,3000,3000,"fast","control_informative",0.05,5,0.01,"","mtada_aggregated","trait2","bfdr_estimate",0.1,0.0908983301214163
20260878,66,500,15,3000,3000,3000,3000,"fast","control_informative",0.05,5,0.01,"","mtada_aggregated","trait2","bfdr_power",0.1,0.4
20260878,66,500,15,3000,3000,3000,3000,"fast","control_informative",0.05,5,0.01,"","mtada_aggregated","trait2","bfdr_discoveries",0.1,49
20260878,66,500,15,3000,3000,3000,3000,"fast","control_informative",0.05,5,0.01,"","mtada_aggregated","trait2","bfdr_observed_fdp",0.2,0.932203389830508
20260878,66,500,15,3000,3000,3000,3000,"fast","control_informative",0.05,5,0.01,"","mtada_aggregated","trait2","bfdr_estimate",0.2,0.192642790154825
20260878,66,500,15,3000,3000,3000,3000,"fast","control_informative",0.05,5,0.01,"","mtada_aggregated","trait2","bfdr_power",0.2,0.4
20260878,66,500,15,3000,3000,3000,3000,"fast","control_informative",0.05,5,0.01,"","mtada_aggregated","trait2","bfdr_discoveries",0.2,59
20260878,66,500,15,3000,3000,3000,3000,"fast","control_informative",0.05,5,0.01,"","mtada_aggregated","pleiotropy","bfdr_observed_fdp",0.01,1
20260878,66,500,15,3000,3000,3000,3000,"fast","control_informative",0.05,5,0.01,"","mtada_aggregated","pleiotropy","bfdr_estimate",0.01,7.2293402264556e-08
20260878,66,500,15,3000,3000,3000,3000,"fast","control_informative",0.05,5,0.01,"","mtada_aggregated","pleiotropy","bfdr_power",0.01,0
20260878,66,500,15,3000,3000,3000,3000,"fast","control_informative",0.05,5,0.01,"","mtada_aggregated","pleiotropy","bfdr_discoveries",0.01,2
20260878,66,500,15,3000,3000,3000,3000,"fast","control_informative",0.05,5,0.01,"","mtada_aggregated","pleiotropy","bfdr_observed_fdp",0.05,0.8
20260878,66,500,15,3000,3000,3000,3000,"fast","control_informative",0.05,5,0.01,"","mtada_aggregated","pleiotropy","bfdr_estimate",0.05,0.0466538728883876
20260878,66,500,15,3000,3000,3000,3000,"fast","control_informative",0.05,5,0.01,"","mtada_aggregated","pleiotropy","bfdr_power",0.05,0.2
20260878,66,500,15,3000,3000,3000,3000,"fast","control_informative",0.05,5,0.01,"","mtada_aggregated","pleiotropy","bfdr_discoveries",0.05,5
20260878,66,500,15,3000,3000,3000,3000,"fast","control_informative",0.05,5,0.01,"","mtada_aggregated","pleiotropy","bfdr_observed_fdp",0.1,0.8
20260878,66,500,15,3000,3000,3000,3000,"fast","control_informative",0.05,5,0.01,"","mtada_aggregated","pleiotropy","bfdr_estimate",0.1,0.0466538728883876
20260878,66,500,15,3000,3000,3000,3000,"fast","control_informative",0.05,5,0.01,"","mtada_aggregated","pleiotropy","bfdr_power",0.1,0.2
20260878,66,500,15,3000,3000,3000,3000,"fast","control_informative",0.05,5,0.01,"","mtada_aggregated","pleiotropy","bfdr_discoveries",0.1,5
20260878,66,500,15,3000,3000,3000,3000,"fast","control_informative",0.05,5,0.01,"","mtada_aggregated","pleiotropy","bfdr_observed_fdp",0.2,0.875
20260878,66,500,15,3000,3000,3000,3000,"fast","control_informative",0.05,5,0.01,"","mtada_aggregated","pleiotropy","bfdr_estimate",0.2,0.192903475873046
20260878,66,500,15,3000,3000,3000,3000,"fast","control_informative",0.05,5,0.01,"","mtada_aggregated","pleiotropy","bfdr_power",0.2,0.2
20260878,66,500,15,3000,3000,3000,3000,"fast","control_informative",0.05,5,0.01,"","mtada_aggregated","pleiotropy","bfdr_discoveries",0.2,8
20260878,66,500,15,3000,3000,3000,3000,"fast","control_informative",0.05,5,0.01,"","mtada_aggregated","global","runtime_seconds",NA,0.740000000000009
20260878,66,500,15,3000,3000,3000,3000,"fast","control_informative",0.05,5,0.01,"","mtada_aggregated","pleiotropy","pi11_estimate",NA,0.00301465
20260879,67,500,15,3000,3000,3000,3000,"fast","control_informative",0.05,5,0.01,"","mirage_joint","trait1","auc",NA,0.703326315789474
20260879,67,500,15,3000,3000,3000,3000,"fast","control_informative",0.05,5,0.01,"","mirage_joint","trait2","auc",NA,0.780204081632653
20260879,67,500,15,3000,3000,3000,3000,"fast","control_informative",0.05,5,0.01,"","mirage_joint","pleiotropy","auc",NA,0.927676767676768
20260879,67,500,15,3000,3000,3000,3000,"fast","control_informative",0.05,5,0.01,"","mirage_joint","trait1","pp08_power",0.8,0.12
20260879,67,500,15,3000,3000,3000,3000,"fast","control_informative",0.05,5,0.01,"","mirage_joint","trait1","pp08_fdp",0.8,0
20260879,67,500,15,3000,3000,3000,3000,"fast","control_informative",0.05,5,0.01,"","mirage_joint","trait1","pp08_discoveries",0.8,3
20260879,67,500,15,3000,3000,3000,3000,"fast","control_informative",0.05,5,0.01,"","mirage_joint","trait2","pp08_power",0.8,0
20260879,67,500,15,3000,3000,3000,3000,"fast","control_informative",0.05,5,0.01,"","mirage_joint","trait2","pp08_fdp",0.8,0
20260879,67,500,15,3000,3000,3000,3000,"fast","control_informative",0.05,5,0.01,"","mirage_joint","trait2","pp08_discoveries",0.8,0
20260879,67,500,15,3000,3000,3000,3000,"fast","control_informative",0.05,5,0.01,"","mirage_joint","pleiotropy","pp08_power",0.8,0
20260879,67,500,15,3000,3000,3000,3000,"fast","control_informative",0.05,5,0.01,"","mirage_joint","pleiotropy","pp08_fdp",0.8,0
20260879,67,500,15,3000,3000,3000,3000,"fast","control_informative",0.05,5,0.01,"","mirage_joint","pleiotropy","pp08_discoveries",0.8,0
20260879,67,500,15,3000,3000,3000,3000,"fast","control_informative",0.05,5,0.01,"","mirage_joint","trait1","bfdr_observed_fdp",0.01,0
20260879,67,500,15,3000,3000,3000,3000,"fast","control_informative",0.05,5,0.01,"","mirage_joint","trait1","bfdr_estimate",0.01,5.1825691516072e-09
20260879,67,500,15,3000,3000,3000,3000,"fast","control_informative",0.05,5,0.01,"","mirage_joint","trait1","bfdr_power",0.01,0.04
20260879,67,500,15,3000,3000,3000,3000,"fast","control_informative",0.05,5,0.01,"","mirage_joint","trait1","bfdr_discoveries",0.01,1
20260879,67,500,15,3000,3000,3000,3000,"fast","control_informative",0.05,5,0.01,"","mirage_joint","trait1","bfdr_observed_fdp",0.05,0
20260879,67,500,15,3000,3000,3000,3000,"fast","control_informative",0.05,5,0.01,"","mirage_joint","trait1","bfdr_estimate",0.05,0.0444147782843917
20260879,67,500,15,3000,3000,3000,3000,"fast","control_informative",0.05,5,0.01,"","mirage_joint","trait1","bfdr_power",0.05,0.08
20260879,67,500,15,3000,3000,3000,3000,"fast","control_informative",0.05,5,0.01,"","mirage_joint","trait1","bfdr_discoveries",0.05,2
20260879,67,500,15,3000,3000,3000,3000,"fast","control_informative",0.05,5,0.01,"","mirage_joint","trait1","bfdr_observed_fdp",0.1,0
20260879,67,500,15,3000,3000,3000,3000,"fast","control_informative",0.05,5,0.01,"","mirage_joint","trait1","bfdr_estimate",0.1,0.0765006069644692
20260879,67,500,15,3000,3000,3000,3000,"fast","control_informative",0.05,5,0.01,"","mirage_joint","trait1","bfdr_power",0.1,0.12
20260879,67,500,15,3000,3000,3000,3000,"fast","control_informative",0.05,5,0.01,"","mirage_joint","trait1","bfdr_discoveries",0.1,3
20260879,67,500,15,3000,3000,3000,3000,"fast","control_informative",0.05,5,0.01,"","mirage_joint","trait1","bfdr_observed_fdp",0.2,0.4
20260879,67,500,15,3000,3000,3000,3000,"fast","control_informative",0.05,5,0.01,"","mirage_joint","trait1","bfdr_estimate",0.2,0.173000643450556
20260879,67,500,15,3000,3000,3000,3000,"fast","control_informative",0.05,5,0.01,"","mirage_joint","trait1","bfdr_power",0.2,0.12
20260879,67,500,15,3000,3000,3000,3000,"fast","control_informative",0.05,5,0.01,"","mirage_joint","trait1","bfdr_discoveries",0.2,5
20260879,67,500,15,3000,3000,3000,3000,"fast","control_informative",0.05,5,0.01,"","mirage_joint","trait2","bfdr_observed_fdp",0.01,0
20260879,67,500,15,3000,3000,3000,3000,"fast","control_informative",0.05,5,0.01,"","mirage_joint","trait2","bfdr_estimate",0.01,0
20260879,67,500,15,3000,3000,3000,3000,"fast","control_informative",0.05,5,0.01,"","mirage_joint","trait2","bfdr_power",0.01,0
20260879,67,500,15,3000,3000,3000,3000,"fast","control_informative",0.05,5,0.01,"","mirage_joint","trait2","bfdr_discoveries",0.01,0
20260879,67,500,15,3000,3000,3000,3000,"fast","control_informative",0.05,5,0.01,"","mirage_joint","trait2","bfdr_observed_fdp",0.05,0
20260879,67,500,15,3000,3000,3000,3000,"fast","control_informative",0.05,5,0.01,"","mirage_joint","trait2","bfdr_estimate",0.05,0
20260879,67,500,15,3000,3000,3000,3000,"fast","control_informative",0.05,5,0.01,"","mirage_joint","trait2","bfdr_power",0.05,0
20260879,67,500,15,3000,3000,3000,3000,"fast","control_informative",0.05,5,0.01,"","mirage_joint","trait2","bfdr_discoveries",0.05,0
20260879,67,500,15,3000,3000,3000,3000,"fast","control_informative",0.05,5,0.01,"","mirage_joint","trait2","bfdr_observed_fdp",0.1,0
20260879,67,500,15,3000,3000,3000,3000,"fast","control_informative",0.05,5,0.01,"","mirage_joint","trait2","bfdr_estimate",0.1,0
20260879,67,500,15,3000,3000,3000,3000,"fast","control_informative",0.05,5,0.01,"","mirage_joint","trait2","bfdr_power",0.1,0
20260879,67,500,15,3000,3000,3000,3000,"fast","control_informative",0.05,5,0.01,"","mirage_joint","trait2","bfdr_discoveries",0.1,0
20260879,67,500,15,3000,3000,3000,3000,"fast","control_informative",0.05,5,0.01,"","mirage_joint","trait2","bfdr_observed_fdp",0.2,0
20260879,67,500,15,3000,3000,3000,3000,"fast","control_informative",0.05,5,0.01,"","mirage_joint","trait2","bfdr_estimate",0.2,0
20260879,67,500,15,3000,3000,3000,3000,"fast","control_informative",0.05,5,0.01,"","mirage_joint","trait2","bfdr_power",0.2,0
20260879,67,500,15,3000,3000,3000,3000,"fast","control_informative",0.05,5,0.01,"","mirage_joint","trait2","bfdr_discoveries",0.2,0
20260879,67,500,15,3000,3000,3000,3000,"fast","control_informative",0.05,5,0.01,"","mirage_joint","pleiotropy","bfdr_observed_fdp",0.01,0
20260879,67,500,15,3000,3000,3000,3000,"fast","control_informative",0.05,5,0.01,"","mirage_joint","pleiotropy","bfdr_estimate",0.01,0
20260879,67,500,15,3000,3000,3000,3000,"fast","control_informative",0.05,5,0.01,"","mirage_joint","pleiotropy","bfdr_power",0.01,0
20260879,67,500,15,3000,3000,3000,3000,"fast","control_informative",0.05,5,0.01,"","mirage_joint","pleiotropy","bfdr_discoveries",0.01,0
20260879,67,500,15,3000,3000,3000,3000,"fast","control_informative",0.05,5,0.01,"","mirage_joint","pleiotropy","bfdr_observed_fdp",0.05,0
20260879,67,500,15,3000,3000,3000,3000,"fast","control_informative",0.05,5,0.01,"","mirage_joint","pleiotropy","bfdr_estimate",0.05,0
20260879,67,500,15,3000,3000,3000,3000,"fast","control_informative",0.05,5,0.01,"","mirage_joint","pleiotropy","bfdr_power",0.05,0
20260879,67,500,15,3000,3000,3000,3000,"fast","control_informative",0.05,5,0.01,"","mirage_joint","pleiotropy","bfdr_discoveries",0.05,0
20260879,67,500,15,3000,3000,3000,3000,"fast","control_informative",0.05,5,0.01,"","mirage_joint","pleiotropy","bfdr_observed_fdp",0.1,0
20260879,67,500,15,3000,3000,3000,3000,"fast","control_informative",0.05,5,0.01,"","mirage_joint","pleiotropy","bfdr_estimate",0.1,0
20260879,67,500,15,3000,3000,3000,3000,"fast","control_informative",0.05,5,0.01,"","mirage_joint","pleiotropy","bfdr_power",0.1,0
20260879,67,500,15,3000,3000,3000,3000,"fast","control_informative",0.05,5,0.01,"","mirage_joint","pleiotropy","bfdr_discoveries",0.1,0
20260879,67,500,15,3000,3000,3000,3000,"fast","control_informative",0.05,5,0.01,"","mirage_joint","pleiotropy","bfdr_observed_fdp",0.2,0
20260879,67,500,15,3000,3000,3000,3000,"fast","control_informative",0.05,5,0.01,"","mirage_joint","pleiotropy","bfdr_estimate",0.2,0
20260879,67,500,15,3000,3000,3000,3000,"fast","control_informative",0.05,5,0.01,"","mirage_joint","pleiotropy","bfdr_power",0.2,0
20260879,67,500,15,3000,3000,3000,3000,"fast","control_informative",0.05,5,0.01,"","mirage_joint","pleiotropy","bfdr_discoveries",0.2,0
20260879,67,500,15,3000,3000,3000,3000,"fast","control_informative",0.05,5,0.01,"","mirage_joint","global","runtime_seconds",NA,18.9459999999999
20260879,67,500,15,3000,3000,3000,3000,"fast","control_informative",0.05,5,0.01,"","mirage_joint","pleiotropy","pi11_estimate",NA,0.0231725852089425
20260879,67,500,15,3000,3000,3000,3000,"fast","control_informative",0.05,5,0.01,"","separate_mirage","trait1","auc",NA,0.708968421052632
20260879,67,500,15,3000,3000,3000,3000,"fast","control_informative",0.05,5,0.01,"","separate_mirage","trait2","auc",NA,0.732244897959184
20260879,67,500,15,3000,3000,3000,3000,"fast","control_informative",0.05,5,0.01,"","separate_mirage","pleiotropy","auc",NA,0.941414141414141
20260879,67,500,15,3000,3000,3000,3000,"fast","control_informative",0.05,5,0.01,"","separate_mirage","trait1","pp08_power",0.8,0.08
20260879,67,500,15,3000,3000,3000,3000,"fast","control_informative",0.05,5,0.01,"","separate_mirage","trait1","pp08_fdp",0.8,0
20260879,67,500,15,3000,3000,3000,3000,"fast","control_informative",0.05,5,0.01,"","separate_mirage","trait1","pp08_discoveries",0.8,2
20260879,67,500,15,3000,3000,3000,3000,"fast","control_informative",0.05,5,0.01,"","separate_mirage","trait2","pp08_power",0.8,0
20260879,67,500,15,3000,3000,3000,3000,"fast","control_informative",0.05,5,0.01,"","separate_mirage","trait2","pp08_fdp",0.8,0
20260879,67,500,15,3000,3000,3000,3000,"fast","control_informative",0.05,5,0.01,"","separate_mirage","trait2","pp08_discoveries",0.8,0
20260879,67,500,15,3000,3000,3000,3000,"fast","control_informative",0.05,5,0.01,"","separate_mirage","pleiotropy","pp08_power",0.8,0
20260879,67,500,15,3000,3000,3000,3000,"fast","control_informative",0.05,5,0.01,"","separate_mirage","pleiotropy","pp08_fdp",0.8,0
20260879,67,500,15,3000,3000,3000,3000,"fast","control_informative",0.05,5,0.01,"","separate_mirage","pleiotropy","pp08_discoveries",0.8,0
20260879,67,500,15,3000,3000,3000,3000,"fast","control_informative",0.05,5,0.01,"","separate_mirage","trait1","bfdr_observed_fdp",0.01,0
20260879,67,500,15,3000,3000,3000,3000,"fast","control_informative",0.05,5,0.01,"","separate_mirage","trait1","bfdr_estimate",0.01,1.19338551263226e-08
20260879,67,500,15,3000,3000,3000,3000,"fast","control_informative",0.05,5,0.01,"","separate_mirage","trait1","bfdr_power",0.01,0.04
20260879,67,500,15,3000,3000,3000,3000,"fast","control_informative",0.05,5,0.01,"","separate_mirage","trait1","bfdr_discoveries",0.01,1
20260879,67,500,15,3000,3000,3000,3000,"fast","control_informative",0.05,5,0.01,"","separate_mirage","trait1","bfdr_observed_fdp",0.05,0
20260879,67,500,15,3000,3000,3000,3000,"fast","control_informative",0.05,5,0.01,"","separate_mirage","trait1","bfdr_estimate",0.05,1.19338551263226e-08
20260879,67,500,15,3000,3000,3000,3000,"fast","control_informative",0.05,5,0.01,"","separate_mirage","trait1","bfdr_power",0.05,0.04
20260879,67,500,15,3000,3000,3000,3000,"fast","control_informative",0.05,5,0.01,"","separate_mirage","trait1","bfdr_discoveries",0.05,1
20260879,67,500,15,3000,3000,3000,3000,"fast","control_informative",0.05,5,0.01,"","separate_mirage","trait1","bfdr_observed_fdp",0.1,0
20260879,67,500,15,3000,3000,3000,3000,"fast","control_informative",0.05,5,0.01,"","separate_mirage","trait1","bfdr_estimate",0.1,0.0636050420379349
20260879,67,500,15,3000,3000,3000,3000,"fast","control_informative",0.05,5,0.01,"","separate_mirage","trait1","bfdr_power",0.1,0.08
20260879,67,500,15,3000,3000,3000,3000,"fast","control_informative",0.05,5,0.01,"","separate_mirage","trait1","bfdr_discoveries",0.1,2
20260879,67,500,15,3000,3000,3000,3000,"fast","control_informative",0.05,5,0.01,"","separate_mirage","trait1","bfdr_observed_fdp",0.2,0
20260879,67,500,15,3000,3000,3000,3000,"fast","control_informative",0.05,5,0.01,"","separate_mirage","trait1","bfdr_estimate",0.2,0.111782498326503
20260879,67,500,15,3000,3000,3000,3000,"fast","control_informative",0.05,5,0.01,"","separate_mirage","trait1","bfdr_power",0.2,0.12
20260879,67,500,15,3000,3000,3000,3000,"fast","control_informative",0.05,5,0.01,"","separate_mirage","trait1","bfdr_discoveries",0.2,3
20260879,67,500,15,3000,3000,3000,3000,"fast","control_informative",0.05,5,0.01,"","separate_mirage","trait2","bfdr_observed_fdp",0.01,0
20260879,67,500,15,3000,3000,3000,3000,"fast","control_informative",0.05,5,0.01,"","separate_mirage","trait2","bfdr_estimate",0.01,0
20260879,67,500,15,3000,3000,3000,3000,"fast","control_informative",0.05,5,0.01,"","separate_mirage","trait2","bfdr_power",0.01,0
20260879,67,500,15,3000,3000,3000,3000,"fast","control_informative",0.05,5,0.01,"","separate_mirage","trait2","bfdr_discoveries",0.01,0
20260879,67,500,15,3000,3000,3000,3000,"fast","control_informative",0.05,5,0.01,"","separate_mirage","trait2","bfdr_observed_fdp",0.05,0
20260879,67,500,15,3000,3000,3000,3000,"fast","control_informative",0.05,5,0.01,"","separate_mirage","trait2","bfdr_estimate",0.05,0
20260879,67,500,15,3000,3000,3000,3000,"fast","control_informative",0.05,5,0.01,"","separate_mirage","trait2","bfdr_power",0.05,0
20260879,67,500,15,3000,3000,3000,3000,"fast","control_informative",0.05,5,0.01,"","separate_mirage","trait2","bfdr_discoveries",0.05,0
20260879,67,500,15,3000,3000,3000,3000,"fast","control_informative",0.05,5,0.01,"","separate_mirage","trait2","bfdr_observed_fdp",0.1,0
20260879,67,500,15,3000,3000,3000,3000,"fast","control_informative",0.05,5,0.01,"","separate_mirage","trait2","bfdr_estimate",0.1,0
20260879,67,500,15,3000,3000,3000,3000,"fast","control_informative",0.05,5,0.01,"","separate_mirage","trait2","bfdr_power",0.1,0
20260879,67,500,15,3000,3000,3000,3000,"fast","control_informative",0.05,5,0.01,"","separate_mirage","trait2","bfdr_discoveries",0.1,0
20260879,67,500,15,3000,3000,3000,3000,"fast","control_informative",0.05,5,0.01,"","separate_mirage","trait2","bfdr_observed_fdp",0.2,0
20260879,67,500,15,3000,3000,3000,3000,"fast","control_informative",0.05,5,0.01,"","separate_mirage","trait2","bfdr_estimate",0.2,0
20260879,67,500,15,3000,3000,3000,3000,"fast","control_informative",0.05,5,0.01,"","separate_mirage","trait2","bfdr_power",0.2,0
20260879,67,500,15,3000,3000,3000,3000,"fast","control_informative",0.05,5,0.01,"","separate_mirage","trait2","bfdr_discoveries",0.2,0
20260879,67,500,15,3000,3000,3000,3000,"fast","control_informative",0.05,5,0.01,"","separate_mirage","pleiotropy","bfdr_observed_fdp",0.01,0
20260879,67,500,15,3000,3000,3000,3000,"fast","control_informative",0.05,5,0.01,"","separate_mirage","pleiotropy","bfdr_estimate",0.01,0
20260879,67,500,15,3000,3000,3000,3000,"fast","control_informative",0.05,5,0.01,"","separate_mirage","pleiotropy","bfdr_power",0.01,0
20260879,67,500,15,3000,3000,3000,3000,"fast","control_informative",0.05,5,0.01,"","separate_mirage","pleiotropy","bfdr_discoveries",0.01,0
20260879,67,500,15,3000,3000,3000,3000,"fast","control_informative",0.05,5,0.01,"","separate_mirage","pleiotropy","bfdr_observed_fdp",0.05,0
20260879,67,500,15,3000,3000,3000,3000,"fast","control_informative",0.05,5,0.01,"","separate_mirage","pleiotropy","bfdr_estimate",0.05,0
20260879,67,500,15,3000,3000,3000,3000,"fast","control_informative",0.05,5,0.01,"","separate_mirage","pleiotropy","bfdr_power",0.05,0
20260879,67,500,15,3000,3000,3000,3000,"fast","control_informative",0.05,5,0.01,"","separate_mirage","pleiotropy","bfdr_discoveries",0.05,0
20260879,67,500,15,3000,3000,3000,3000,"fast","control_informative",0.05,5,0.01,"","separate_mirage","pleiotropy","bfdr_observed_fdp",0.1,0
20260879,67,500,15,3000,3000,3000,3000,"fast","control_informative",0.05,5,0.01,"","separate_mirage","pleiotropy","bfdr_estimate",0.1,0
20260879,67,500,15,3000,3000,3000,3000,"fast","control_informative",0.05,5,0.01,"","separate_mirage","pleiotropy","bfdr_power",0.1,0
20260879,67,500,15,3000,3000,3000,3000,"fast","control_informative",0.05,5,0.01,"","separate_mirage","pleiotropy","bfdr_discoveries",0.1,0
20260879,67,500,15,3000,3000,3000,3000,"fast","control_informative",0.05,5,0.01,"","separate_mirage","pleiotropy","bfdr_observed_fdp",0.2,0
20260879,67,500,15,3000,3000,3000,3000,"fast","control_informative",0.05,5,0.01,"","separate_mirage","pleiotropy","bfdr_estimate",0.2,0
20260879,67,500,15,3000,3000,3000,3000,"fast","control_informative",0.05,5,0.01,"","separate_mirage","pleiotropy","bfdr_power",0.2,0
20260879,67,500,15,3000,3000,3000,3000,"fast","control_informative",0.05,5,0.01,"","separate_mirage","pleiotropy","bfdr_discoveries",0.2,0
20260879,67,500,15,3000,3000,3000,3000,"fast","control_informative",0.05,5,0.01,"","separate_mirage","global","runtime_seconds",NA,18.4180000000001
20260879,67,500,15,3000,3000,3000,3000,"fast","control_informative",0.05,5,0.01,"","separate_mirage","pleiotropy","pi11_estimate",NA,0.001
20260879,67,500,15,3000,3000,3000,3000,"fast","control_informative",0.05,5,0.01,"","mtada_aggregated","trait1","auc",NA,0.729726315789474
20260879,67,500,15,3000,3000,3000,3000,"fast","control_informative",0.05,5,0.01,"","mtada_aggregated","trait2","auc",NA,0.636938775510204
20260879,67,500,15,3000,3000,3000,3000,"fast","control_informative",0.05,5,0.01,"","mtada_aggregated","pleiotropy","auc",NA,0.8
20260879,67,500,15,3000,3000,3000,3000,"fast","control_informative",0.05,5,0.01,"","mtada_aggregated","trait1","pp08_power",0.8,0.24
20260879,67,500,15,3000,3000,3000,3000,"fast","control_informative",0.05,5,0.01,"","mtada_aggregated","trait1","pp08_fdp",0.8,0.884615384615385
20260879,67,500,15,3000,3000,3000,3000,"fast","control_informative",0.05,5,0.01,"","mtada_aggregated","trait1","pp08_discoveries",0.8,52
20260879,67,500,15,3000,3000,3000,3000,"fast","control_informative",0.05,5,0.01,"","mtada_aggregated","trait2","pp08_power",0.8,0.1
20260879,67,500,15,3000,3000,3000,3000,"fast","control_informative",0.05,5,0.01,"","mtada_aggregated","trait2","pp08_fdp",0.8,0.971428571428571
20260879,67,500,15,3000,3000,3000,3000,"fast","control_informative",0.05,5,0.01,"","mtada_aggregated","trait2","pp08_discoveries",0.8,35
20260879,67,500,15,3000,3000,3000,3000,"fast","control_informative",0.05,5,0.01,"","mtada_aggregated","pleiotropy","pp08_power",0.8,0
20260879,67,500,15,3000,3000,3000,3000,"fast","control_informative",0.05,5,0.01,"","mtada_aggregated","pleiotropy","pp08_fdp",0.8,1
20260879,67,500,15,3000,3000,3000,3000,"fast","control_informative",0.05,5,0.01,"","mtada_aggregated","pleiotropy","pp08_discoveries",0.8,7
20260879,67,500,15,3000,3000,3000,3000,"fast","control_informative",0.05,5,0.01,"","mtada_aggregated","trait1","bfdr_observed_fdp",0.01,0.88235294117647
20260879,67,500,15,3000,3000,3000,3000,"fast","control_informative",0.05,5,0.01,"","mtada_aggregated","trait1","bfdr_estimate",0.01,0.0098558356866775
20260879,67,500,15,3000,3000,3000,3000,"fast","control_informative",0.05,5,0.01,"","mtada_aggregated","trait1","bfdr_power",0.01,0.24
20260879,67,500,15,3000,3000,3000,3000,"fast","control_informative",0.05,5,0.01,"","mtada_aggregated","trait1","bfdr_discoveries",0.01,51
20260879,67,500,15,3000,3000,3000,3000,"fast","control_informative",0.05,5,0.01,"","mtada_aggregated","trait1","bfdr_observed_fdp",0.05,0.892857142857143
20260879,67,500,15,3000,3000,3000,3000,"fast","control_informative",0.05,5,0.01,"","mtada_aggregated","trait1","bfdr_estimate",0.05,0.0437303831986602
20260879,67,500,15,3000,3000,3000,3000,"fast","control_informative",0.05,5,0.01,"","mtada_aggregated","trait1","bfdr_power",0.05,0.24
20260879,67,500,15,3000,3000,3000,3000,"fast","control_informative",0.05,5,0.01,"","mtada_aggregated","trait1","bfdr_discoveries",0.05,56
20260879,67,500,15,3000,3000,3000,3000,"fast","control_informative",0.05,5,0.01,"","mtada_aggregated","trait1","bfdr_observed_fdp",0.1,0.885245901639344
20260879,67,500,15,3000,3000,3000,3000,"fast","control_informative",0.05,5,0.01,"","mtada_aggregated","trait1","bfdr_estimate",0.1,0.0951834057210825
20260879,67,500,15,3000,3000,3000,3000,"fast","control_informative",0.05,5,0.01,"","mtada_aggregated","trait1","bfdr_power",0.1,0.28
20260879,67,500,15,3000,3000,3000,3000,"fast","control_informative",0.05,5,0.01,"","mtada_aggregated","trait1","bfdr_discoveries",0.1,61
20260879,67,500,15,3000,3000,3000,3000,"fast","control_informative",0.05,5,0.01,"","mtada_aggregated","trait1","bfdr_observed_fdp",0.2,0.888888888888889
20260879,67,500,15,3000,3000,3000,3000,"fast","control_informative",0.05,5,0.01,"","mtada_aggregated","trait1","bfdr_estimate",0.2,0.195546219839003
20260879,67,500,15,3000,3000,3000,3000,"fast","control_informative",0.05,5,0.01,"","mtada_aggregated","trait1","bfdr_power",0.2,0.32
20260879,67,500,15,3000,3000,3000,3000,"fast","control_informative",0.05,5,0.01,"","mtada_aggregated","trait1","bfdr_discoveries",0.2,72
20260879,67,500,15,3000,3000,3000,3000,"fast","control_informative",0.05,5,0.01,"","mtada_aggregated","trait2","bfdr_observed_fdp",0.01,0.96875
20260879,67,500,15,3000,3000,3000,3000,"fast","control_informative",0.05,5,0.01,"","mtada_aggregated","trait2","bfdr_estimate",0.01,0.00944845756387437
20260879,67,500,15,3000,3000,3000,3000,"fast","control_informative",0.05,5,0.01,"","mtada_aggregated","trait2","bfdr_power",0.01,0.1
20260879,67,500,15,3000,3000,3000,3000,"fast","control_informative",0.05,5,0.01,"","mtada_aggregated","trait2","bfdr_discoveries",0.01,32
20260879,67,500,15,3000,3000,3000,3000,"fast","control_informative",0.05,5,0.01,"","mtada_aggregated","trait2","bfdr_observed_fdp",0.05,0.974358974358974
20260879,67,500,15,3000,3000,3000,3000,"fast","control_informative",0.05,5,0.01,"","mtada_aggregated","trait2","bfdr_estimate",0.05,0.0446693108968308
20260879,67,500,15,3000,3000,3000,3000,"fast","control_informative",0.05,5,0.01,"","mtada_aggregated","trait2","bfdr_power",0.05,0.1
20260879,67,500,15,3000,3000,3000,3000,"fast","control_informative",0.05,5,0.01,"","mtada_aggregated","trait2","bfdr_discoveries",0.05,39
20260879,67,500,15,3000,3000,3000,3000,"fast","control_informative",0.05,5,0.01,"","mtada_aggregated","trait2","bfdr_observed_fdp",0.1,0.978260869565217
20260879,67,500,15,3000,3000,3000,3000,"fast","control_informative",0.05,5,0.01,"","mtada_aggregated","trait2","bfdr_estimate",0.1,0.0965034437458271
20260879,67,500,15,3000,3000,3000,3000,"fast","control_informative",0.05,5,0.01,"","mtada_aggregated","trait2","bfdr_power",0.1,0.1
20260879,67,500,15,3000,3000,3000,3000,"fast","control_informative",0.05,5,0.01,"","mtada_aggregated","trait2","bfdr_discoveries",0.1,46
20260879,67,500,15,3000,3000,3000,3000,"fast","control_informative",0.05,5,0.01,"","mtada_aggregated","trait2","bfdr_observed_fdp",0.2,0.964912280701754
20260879,67,500,15,3000,3000,3000,3000,"fast","control_informative",0.05,5,0.01,"","mtada_aggregated","trait2","bfdr_estimate",0.2,0.193558259522623
20260879,67,500,15,3000,3000,3000,3000,"fast","control_informative",0.05,5,0.01,"","mtada_aggregated","trait2","bfdr_power",0.2,0.2
20260879,67,500,15,3000,3000,3000,3000,"fast","control_informative",0.05,5,0.01,"","mtada_aggregated","trait2","bfdr_discoveries",0.2,57
20260879,67,500,15,3000,3000,3000,3000,"fast","control_informative",0.05,5,0.01,"","mtada_aggregated","pleiotropy","bfdr_observed_fdp",0.01,1
20260879,67,500,15,3000,3000,3000,3000,"fast","control_informative",0.05,5,0.01,"","mtada_aggregated","pleiotropy","bfdr_estimate",0.01,0.00684328088985808
20260879,67,500,15,3000,3000,3000,3000,"fast","control_informative",0.05,5,0.01,"","mtada_aggregated","pleiotropy","bfdr_power",0.01,0
20260879,67,500,15,3000,3000,3000,3000,"fast","control_informative",0.05,5,0.01,"","mtada_aggregated","pleiotropy","bfdr_discoveries",0.01,4
20260879,67,500,15,3000,3000,3000,3000,"fast","control_informative",0.05,5,0.01,"","mtada_aggregated","pleiotropy","bfdr_observed_fdp",0.05,1
20260879,67,500,15,3000,3000,3000,3000,"fast","control_informative",0.05,5,0.01,"","mtada_aggregated","pleiotropy","bfdr_estimate",0.05,0.0294873390859936
20260879,67,500,15,3000,3000,3000,3000,"fast","control_informative",0.05,5,0.01,"","mtada_aggregated","pleiotropy","bfdr_power",0.05,0
20260879,67,500,15,3000,3000,3000,3000,"fast","control_informative",0.05,5,0.01,"","mtada_aggregated","pleiotropy","bfdr_discoveries",0.05,7
20260879,67,500,15,3000,3000,3000,3000,"fast","control_informative",0.05,5,0.01,"","mtada_aggregated","pleiotropy","bfdr_observed_fdp",0.1,1
20260879,67,500,15,3000,3000,3000,3000,"fast","control_informative",0.05,5,0.01,"","mtada_aggregated","pleiotropy","bfdr_estimate",0.1,0.0621661975360885
20260879,67,500,15,3000,3000,3000,3000,"fast","control_informative",0.05,5,0.01,"","mtada_aggregated","pleiotropy","bfdr_power",0.1,0
20260879,67,500,15,3000,3000,3000,3000,"fast","control_informative",0.05,5,0.01,"","mtada_aggregated","pleiotropy","bfdr_discoveries",0.1,8
20260879,67,500,15,3000,3000,3000,3000,"fast","control_informative",0.05,5,0.01,"","mtada_aggregated","pleiotropy","bfdr_observed_fdp",0.2,1
20260879,67,500,15,3000,3000,3000,3000,"fast","control_informative",0.05,5,0.01,"","mtada_aggregated","pleiotropy","bfdr_estimate",0.2,0.196858880992555
20260879,67,500,15,3000,3000,3000,3000,"fast","control_informative",0.05,5,0.01,"","mtada_aggregated","pleiotropy","bfdr_power",0.2,0
20260879,67,500,15,3000,3000,3000,3000,"fast","control_informative",0.05,5,0.01,"","mtada_aggregated","pleiotropy","bfdr_discoveries",0.2,10
20260879,67,500,15,3000,3000,3000,3000,"fast","control_informative",0.05,5,0.01,"","mtada_aggregated","global","runtime_seconds",NA,0.800999999999931
20260879,67,500,15,3000,3000,3000,3000,"fast","control_informative",0.05,5,0.01,"","mtada_aggregated","pleiotropy","pi11_estimate",NA,0.00256263
20260880,68,500,15,3000,3000,3000,3000,"fast","control_informative",0.05,5,0.01,"","mirage_joint","trait1","auc",NA,0.620210526315789
20260880,68,500,15,3000,3000,3000,3000,"fast","control_informative",0.05,5,0.01,"","mirage_joint","trait2","auc",NA,0.444081632653061
20260880,68,500,15,3000,3000,3000,3000,"fast","control_informative",0.05,5,0.01,"","mirage_joint","pleiotropy","auc",NA,0.566464646464646
20260880,68,500,15,3000,3000,3000,3000,"fast","control_informative",0.05,5,0.01,"","mirage_joint","trait1","pp08_power",0.8,0.28
20260880,68,500,15,3000,3000,3000,3000,"fast","control_informative",0.05,5,0.01,"","mirage_joint","trait1","pp08_fdp",0.8,0
20260880,68,500,15,3000,3000,3000,3000,"fast","control_informative",0.05,5,0.01,"","mirage_joint","trait1","pp08_discoveries",0.8,7
20260880,68,500,15,3000,3000,3000,3000,"fast","control_informative",0.05,5,0.01,"","mirage_joint","trait2","pp08_power",0.8,0.1
20260880,68,500,15,3000,3000,3000,3000,"fast","control_informative",0.05,5,0.01,"","mirage_joint","trait2","pp08_fdp",0.8,0
20260880,68,500,15,3000,3000,3000,3000,"fast","control_informative",0.05,5,0.01,"","mirage_joint","trait2","pp08_discoveries",0.8,1
20260880,68,500,15,3000,3000,3000,3000,"fast","control_informative",0.05,5,0.01,"","mirage_joint","pleiotropy","pp08_power",0.8,0
20260880,68,500,15,3000,3000,3000,3000,"fast","control_informative",0.05,5,0.01,"","mirage_joint","pleiotropy","pp08_fdp",0.8,0
20260880,68,500,15,3000,3000,3000,3000,"fast","control_informative",0.05,5,0.01,"","mirage_joint","pleiotropy","pp08_discoveries",0.8,0
20260880,68,500,15,3000,3000,3000,3000,"fast","control_informative",0.05,5,0.01,"","mirage_joint","trait1","bfdr_observed_fdp",0.01,0
20260880,68,500,15,3000,3000,3000,3000,"fast","control_informative",0.05,5,0.01,"","mirage_joint","trait1","bfdr_estimate",0.01,0.00260841876388074
20260880,68,500,15,3000,3000,3000,3000,"fast","control_informative",0.05,5,0.01,"","mirage_joint","trait1","bfdr_power",0.01,0.24
20260880,68,500,15,3000,3000,3000,3000,"fast","control_informative",0.05,5,0.01,"","mirage_joint","trait1","bfdr_discoveries",0.01,6
20260880,68,500,15,3000,3000,3000,3000,"fast","control_informative",0.05,5,0.01,"","mirage_joint","trait1","bfdr_observed_fdp",0.05,0.125
20260880,68,500,15,3000,3000,3000,3000,"fast","control_informative",0.05,5,0.01,"","mirage_joint","trait1","bfdr_estimate",0.05,0.0459996425445594
20260880,68,500,15,3000,3000,3000,3000,"fast","control_informative",0.05,5,0.01,"","mirage_joint","trait1","bfdr_power",0.05,0.28
20260880,68,500,15,3000,3000,3000,3000,"fast","control_informative",0.05,5,0.01,"","mirage_joint","trait1","bfdr_discoveries",0.05,8
20260880,68,500,15,3000,3000,3000,3000,"fast","control_informative",0.05,5,0.01,"","mirage_joint","trait1","bfdr_observed_fdp",0.1,0.222222222222222
20260880,68,500,15,3000,3000,3000,3000,"fast","control_informative",0.05,5,0.01,"","mirage_joint","trait1","bfdr_estimate",0.1,0.0837752476426128
20260880,68,500,15,3000,3000,3000,3000,"fast","control_informative",0.05,5,0.01,"","mirage_joint","trait1","bfdr_power",0.1,0.28
20260880,68,500,15,3000,3000,3000,3000,"fast","control_informative",0.05,5,0.01,"","mirage_joint","trait1","bfdr_discoveries",0.1,9
20260880,68,500,15,3000,3000,3000,3000,"fast","control_informative",0.05,5,0.01,"","mirage_joint","trait1","bfdr_observed_fdp",0.2,0.461538461538462
20260880,68,500,15,3000,3000,3000,3000,"fast","control_informative",0.05,5,0.01,"","mirage_joint","trait1","bfdr_estimate",0.2,0.185425926136687
20260880,68,500,15,3000,3000,3000,3000,"fast","control_informative",0.05,5,0.01,"","mirage_joint","trait1","bfdr_power",0.2,0.28
20260880,68,500,15,3000,3000,3000,3000,"fast","control_informative",0.05,5,0.01,"","mirage_joint","trait1","bfdr_discoveries",0.2,13
20260880,68,500,15,3000,3000,3000,3000,"fast","control_informative",0.05,5,0.01,"","mirage_joint","trait2","bfdr_observed_fdp",0.01,0
20260880,68,500,15,3000,3000,3000,3000,"fast","control_informative",0.05,5,0.01,"","mirage_joint","trait2","bfdr_estimate",0.01,4.1964542951689e-11
20260880,68,500,15,3000,3000,3000,3000,"fast","control_informative",0.05,5,0.01,"","mirage_joint","trait2","bfdr_power",0.01,0.1
20260880,68,500,15,3000,3000,3000,3000,"fast","control_informative",0.05,5,0.01,"","mirage_joint","trait2","bfdr_discoveries",0.01,1
20260880,68,500,15,3000,3000,3000,3000,"fast","control_informative",0.05,5,0.01,"","mirage_joint","trait2","bfdr_observed_fdp",0.05,0
20260880,68,500,15,3000,3000,3000,3000,"fast","control_informative",0.05,5,0.01,"","mirage_joint","trait2","bfdr_estimate",0.05,4.1964542951689e-11
20260880,68,500,15,3000,3000,3000,3000,"fast","control_informative",0.05,5,0.01,"","mirage_joint","trait2","bfdr_power",0.05,0.1
20260880,68,500,15,3000,3000,3000,3000,"fast","control_informative",0.05,5,0.01,"","mirage_joint","trait2","bfdr_discoveries",0.05,1
20260880,68,500,15,3000,3000,3000,3000,"fast","control_informative",0.05,5,0.01,"","mirage_joint","trait2","bfdr_observed_fdp",0.1,0
20260880,68,500,15,3000,3000,3000,3000,"fast","control_informative",0.05,5,0.01,"","mirage_joint","trait2","bfdr_estimate",0.1,4.1964542951689e-11
20260880,68,500,15,3000,3000,3000,3000,"fast","control_informative",0.05,5,0.01,"","mirage_joint","trait2","bfdr_power",0.1,0.1
20260880,68,500,15,3000,3000,3000,3000,"fast","control_informative",0.05,5,0.01,"","mirage_joint","trait2","bfdr_discoveries",0.1,1
20260880,68,500,15,3000,3000,3000,3000,"fast","control_informative",0.05,5,0.01,"","mirage_joint","trait2","bfdr_observed_fdp",0.2,0
20260880,68,500,15,3000,3000,3000,3000,"fast","control_informative",0.05,5,0.01,"","mirage_joint","trait2","bfdr_estimate",0.2,4.1964542951689e-11
20260880,68,500,15,3000,3000,3000,3000,"fast","control_informative",0.05,5,0.01,"","mirage_joint","trait2","bfdr_power",0.2,0.1
20260880,68,500,15,3000,3000,3000,3000,"fast","control_informative",0.05,5,0.01,"","mirage_joint","trait2","bfdr_discoveries",0.2,1
20260880,68,500,15,3000,3000,3000,3000,"fast","control_informative",0.05,5,0.01,"","mirage_joint","pleiotropy","bfdr_observed_fdp",0.01,0
20260880,68,500,15,3000,3000,3000,3000,"fast","control_informative",0.05,5,0.01,"","mirage_joint","pleiotropy","bfdr_estimate",0.01,0
20260880,68,500,15,3000,3000,3000,3000,"fast","control_informative",0.05,5,0.01,"","mirage_joint","pleiotropy","bfdr_power",0.01,0
20260880,68,500,15,3000,3000,3000,3000,"fast","control_informative",0.05,5,0.01,"","mirage_joint","pleiotropy","bfdr_discoveries",0.01,0
20260880,68,500,15,3000,3000,3000,3000,"fast","control_informative",0.05,5,0.01,"","mirage_joint","pleiotropy","bfdr_observed_fdp",0.05,0
20260880,68,500,15,3000,3000,3000,3000,"fast","control_informative",0.05,5,0.01,"","mirage_joint","pleiotropy","bfdr_estimate",0.05,0
20260880,68,500,15,3000,3000,3000,3000,"fast","control_informative",0.05,5,0.01,"","mirage_joint","pleiotropy","bfdr_power",0.05,0
20260880,68,500,15,3000,3000,3000,3000,"fast","control_informative",0.05,5,0.01,"","mirage_joint","pleiotropy","bfdr_discoveries",0.05,0
20260880,68,500,15,3000,3000,3000,3000,"fast","control_informative",0.05,5,0.01,"","mirage_joint","pleiotropy","bfdr_observed_fdp",0.1,0
20260880,68,500,15,3000,3000,3000,3000,"fast","control_informative",0.05,5,0.01,"","mirage_joint","pleiotropy","bfdr_estimate",0.1,0
20260880,68,500,15,3000,3000,3000,3000,"fast","control_informative",0.05,5,0.01,"","mirage_joint","pleiotropy","bfdr_power",0.1,0
20260880,68,500,15,3000,3000,3000,3000,"fast","control_informative",0.05,5,0.01,"","mirage_joint","pleiotropy","bfdr_discoveries",0.1,0
20260880,68,500,15,3000,3000,3000,3000,"fast","control_informative",0.05,5,0.01,"","mirage_joint","pleiotropy","bfdr_observed_fdp",0.2,0
20260880,68,500,15,3000,3000,3000,3000,"fast","control_informative",0.05,5,0.01,"","mirage_joint","pleiotropy","bfdr_estimate",0.2,0
20260880,68,500,15,3000,3000,3000,3000,"fast","control_informative",0.05,5,0.01,"","mirage_joint","pleiotropy","bfdr_power",0.2,0
20260880,68,500,15,3000,3000,3000,3000,"fast","control_informative",0.05,5,0.01,"","mirage_joint","pleiotropy","bfdr_discoveries",0.2,0
20260880,68,500,15,3000,3000,3000,3000,"fast","control_informative",0.05,5,0.01,"","mirage_joint","global","runtime_seconds",NA,18.846
20260880,68,500,15,3000,3000,3000,3000,"fast","control_informative",0.05,5,0.01,"","mirage_joint","pleiotropy","pi11_estimate",NA,0.000141843403577926
20260880,68,500,15,3000,3000,3000,3000,"fast","control_informative",0.05,5,0.01,"","separate_mirage","trait1","auc",NA,0.618526315789474
20260880,68,500,15,3000,3000,3000,3000,"fast","control_informative",0.05,5,0.01,"","separate_mirage","trait2","auc",NA,0.486734693877551
20260880,68,500,15,3000,3000,3000,3000,"fast","control_informative",0.05,5,0.01,"","separate_mirage","pleiotropy","auc",NA,0.566060606060606
20260880,68,500,15,3000,3000,3000,3000,"fast","control_informative",0.05,5,0.01,"","separate_mirage","trait1","pp08_power",0.8,0.24
20260880,68,500,15,3000,3000,3000,3000,"fast","control_informative",0.05,5,0.01,"","separate_mirage","trait1","pp08_fdp",0.8,0
20260880,68,500,15,3000,3000,3000,3000,"fast","control_informative",0.05,5,0.01,"","separate_mirage","trait1","pp08_discoveries",0.8,6
20260880,68,500,15,3000,3000,3000,3000,"fast","control_informative",0.05,5,0.01,"","separate_mirage","trait2","pp08_power",0.8,0.1
20260880,68,500,15,3000,3000,3000,3000,"fast","control_informative",0.05,5,0.01,"","separate_mirage","trait2","pp08_fdp",0.8,0
20260880,68,500,15,3000,3000,3000,3000,"fast","control_informative",0.05,5,0.01,"","separate_mirage","trait2","pp08_discoveries",0.8,1
20260880,68,500,15,3000,3000,3000,3000,"fast","control_informative",0.05,5,0.01,"","separate_mirage","pleiotropy","pp08_power",0.8,0
20260880,68,500,15,3000,3000,3000,3000,"fast","control_informative",0.05,5,0.01,"","separate_mirage","pleiotropy","pp08_fdp",0.8,0
20260880,68,500,15,3000,3000,3000,3000,"fast","control_informative",0.05,5,0.01,"","separate_mirage","pleiotropy","pp08_discoveries",0.8,0
20260880,68,500,15,3000,3000,3000,3000,"fast","control_informative",0.05,5,0.01,"","separate_mirage","trait1","bfdr_observed_fdp",0.01,0
20260880,68,500,15,3000,3000,3000,3000,"fast","control_informative",0.05,5,0.01,"","separate_mirage","trait1","bfdr_estimate",0.01,0.00394524670959477
20260880,68,500,15,3000,3000,3000,3000,"fast","control_informative",0.05,5,0.01,"","separate_mirage","trait1","bfdr_power",0.01,0.24
20260880,68,500,15,3000,3000,3000,3000,"fast","control_informative",0.05,5,0.01,"","separate_mirage","trait1","bfdr_discoveries",0.01,6
20260880,68,500,15,3000,3000,3000,3000,"fast","control_informative",0.05,5,0.01,"","separate_mirage","trait1","bfdr_observed_fdp",0.05,0
20260880,68,500,15,3000,3000,3000,3000,"fast","control_informative",0.05,5,0.01,"","separate_mirage","trait1","bfdr_estimate",0.05,0.0342730334901931
20260880,68,500,15,3000,3000,3000,3000,"fast","control_informative",0.05,5,0.01,"","separate_mirage","trait1","bfdr_power",0.05,0.28
20260880,68,500,15,3000,3000,3000,3000,"fast","control_informative",0.05,5,0.01,"","separate_mirage","trait1","bfdr_discoveries",0.05,7
20260880,68,500,15,3000,3000,3000,3000,"fast","control_informative",0.05,5,0.01,"","separate_mirage","trait1","bfdr_observed_fdp",0.1,0.125
20260880,68,500,15,3000,3000,3000,3000,"fast","control_informative",0.05,5,0.01,"","separate_mirage","trait1","bfdr_estimate",0.1,0.0650018318606042
20260880,68,500,15,3000,3000,3000,3000,"fast","control_informative",0.05,5,0.01,"","separate_mirage","trait1","bfdr_power",0.1,0.28
20260880,68,500,15,3000,3000,3000,3000,"fast","control_informative",0.05,5,0.01,"","separate_mirage","trait1","bfdr_discoveries",0.1,8
20260880,68,500,15,3000,3000,3000,3000,"fast","control_informative",0.05,5,0.01,"","separate_mirage","trait1","bfdr_observed_fdp",0.2,0.363636363636364
20260880,68,500,15,3000,3000,3000,3000,"fast","control_informative",0.05,5,0.01,"","separate_mirage","trait1","bfdr_estimate",0.2,0.18351818318979
20260880,68,500,15,3000,3000,3000,3000,"fast","control_informative",0.05,5,0.01,"","separate_mirage","trait1","bfdr_power",0.2,0.28
20260880,68,500,15,3000,3000,3000,3000,"fast","control_informative",0.05,5,0.01,"","separate_mirage","trait1","bfdr_discoveries",0.2,11
20260880,68,500,15,3000,3000,3000,3000,"fast","control_informative",0.05,5,0.01,"","separate_mirage","trait2","bfdr_observed_fdp",0.01,0
20260880,68,500,15,3000,3000,3000,3000,"fast","control_informative",0.05,5,0.01,"","separate_mirage","trait2","bfdr_estimate",0.01,6.51252385353018e-11
20260880,68,500,15,3000,3000,3000,3000,"fast","control_informative",0.05,5,0.01,"","separate_mirage","trait2","bfdr_power",0.01,0.1
20260880,68,500,15,3000,3000,3000,3000,"fast","control_informative",0.05,5,0.01,"","separate_mirage","trait2","bfdr_discoveries",0.01,1
20260880,68,500,15,3000,3000,3000,3000,"fast","control_informative",0.05,5,0.01,"","separate_mirage","trait2","bfdr_observed_fdp",0.05,0
20260880,68,500,15,3000,3000,3000,3000,"fast","control_informative",0.05,5,0.01,"","separate_mirage","trait2","bfdr_estimate",0.05,6.51252385353018e-11
20260880,68,500,15,3000,3000,3000,3000,"fast","control_informative",0.05,5,0.01,"","separate_mirage","trait2","bfdr_power",0.05,0.1
20260880,68,500,15,3000,3000,3000,3000,"fast","control_informative",0.05,5,0.01,"","separate_mirage","trait2","bfdr_discoveries",0.05,1
20260880,68,500,15,3000,3000,3000,3000,"fast","control_informative",0.05,5,0.01,"","separate_mirage","trait2","bfdr_observed_fdp",0.1,0
20260880,68,500,15,3000,3000,3000,3000,"fast","control_informative",0.05,5,0.01,"","separate_mirage","trait2","bfdr_estimate",0.1,6.51252385353018e-11
20260880,68,500,15,3000,3000,3000,3000,"fast","control_informative",0.05,5,0.01,"","separate_mirage","trait2","bfdr_power",0.1,0.1
20260880,68,500,15,3000,3000,3000,3000,"fast","control_informative",0.05,5,0.01,"","separate_mirage","trait2","bfdr_discoveries",0.1,1
20260880,68,500,15,3000,3000,3000,3000,"fast","control_informative",0.05,5,0.01,"","separate_mirage","trait2","bfdr_observed_fdp",0.2,0
20260880,68,500,15,3000,3000,3000,3000,"fast","control_informative",0.05,5,0.01,"","separate_mirage","trait2","bfdr_estimate",0.2,6.51252385353018e-11
20260880,68,500,15,3000,3000,3000,3000,"fast","control_informative",0.05,5,0.01,"","separate_mirage","trait2","bfdr_power",0.2,0.1
20260880,68,500,15,3000,3000,3000,3000,"fast","control_informative",0.05,5,0.01,"","separate_mirage","trait2","bfdr_discoveries",0.2,1
20260880,68,500,15,3000,3000,3000,3000,"fast","control_informative",0.05,5,0.01,"","separate_mirage","pleiotropy","bfdr_observed_fdp",0.01,0
20260880,68,500,15,3000,3000,3000,3000,"fast","control_informative",0.05,5,0.01,"","separate_mirage","pleiotropy","bfdr_estimate",0.01,0
20260880,68,500,15,3000,3000,3000,3000,"fast","control_informative",0.05,5,0.01,"","separate_mirage","pleiotropy","bfdr_power",0.01,0
20260880,68,500,15,3000,3000,3000,3000,"fast","control_informative",0.05,5,0.01,"","separate_mirage","pleiotropy","bfdr_discoveries",0.01,0
20260880,68,500,15,3000,3000,3000,3000,"fast","control_informative",0.05,5,0.01,"","separate_mirage","pleiotropy","bfdr_observed_fdp",0.05,0
20260880,68,500,15,3000,3000,3000,3000,"fast","control_informative",0.05,5,0.01,"","separate_mirage","pleiotropy","bfdr_estimate",0.05,0
20260880,68,500,15,3000,3000,3000,3000,"fast","control_informative",0.05,5,0.01,"","separate_mirage","pleiotropy","bfdr_power",0.05,0
20260880,68,500,15,3000,3000,3000,3000,"fast","control_informative",0.05,5,0.01,"","separate_mirage","pleiotropy","bfdr_discoveries",0.05,0
20260880,68,500,15,3000,3000,3000,3000,"fast","control_informative",0.05,5,0.01,"","separate_mirage","pleiotropy","bfdr_observed_fdp",0.1,0
20260880,68,500,15,3000,3000,3000,3000,"fast","control_informative",0.05,5,0.01,"","separate_mirage","pleiotropy","bfdr_estimate",0.1,0
20260880,68,500,15,3000,3000,3000,3000,"fast","control_informative",0.05,5,0.01,"","separate_mirage","pleiotropy","bfdr_power",0.1,0
20260880,68,500,15,3000,3000,3000,3000,"fast","control_informative",0.05,5,0.01,"","separate_mirage","pleiotropy","bfdr_discoveries",0.1,0
20260880,68,500,15,3000,3000,3000,3000,"fast","control_informative",0.05,5,0.01,"","separate_mirage","pleiotropy","bfdr_observed_fdp",0.2,0
20260880,68,500,15,3000,3000,3000,3000,"fast","control_informative",0.05,5,0.01,"","separate_mirage","pleiotropy","bfdr_estimate",0.2,0
20260880,68,500,15,3000,3000,3000,3000,"fast","control_informative",0.05,5,0.01,"","separate_mirage","pleiotropy","bfdr_power",0.2,0
20260880,68,500,15,3000,3000,3000,3000,"fast","control_informative",0.05,5,0.01,"","separate_mirage","pleiotropy","bfdr_discoveries",0.2,0
20260880,68,500,15,3000,3000,3000,3000,"fast","control_informative",0.05,5,0.01,"","separate_mirage","global","runtime_seconds",NA,18.5279999999998
20260880,68,500,15,3000,3000,3000,3000,"fast","control_informative",0.05,5,0.01,"","separate_mirage","pleiotropy","pi11_estimate",NA,0.001
20260880,68,500,15,3000,3000,3000,3000,"fast","control_informative",0.05,5,0.01,"","mtada_aggregated","trait1","auc",NA,0.635621052631579
20260880,68,500,15,3000,3000,3000,3000,"fast","control_informative",0.05,5,0.01,"","mtada_aggregated","trait2","auc",NA,0.515918367346939
20260880,68,500,15,3000,3000,3000,3000,"fast","control_informative",0.05,5,0.01,"","mtada_aggregated","pleiotropy","auc",NA,0.542626262626263
20260880,68,500,15,3000,3000,3000,3000,"fast","control_informative",0.05,5,0.01,"","mtada_aggregated","trait1","pp08_power",0.8,0.32
20260880,68,500,15,3000,3000,3000,3000,"fast","control_informative",0.05,5,0.01,"","mtada_aggregated","trait1","pp08_fdp",0.8,0.846153846153846
20260880,68,500,15,3000,3000,3000,3000,"fast","control_informative",0.05,5,0.01,"","mtada_aggregated","trait1","pp08_discoveries",0.8,52
20260880,68,500,15,3000,3000,3000,3000,"fast","control_informative",0.05,5,0.01,"","mtada_aggregated","trait2","pp08_power",0.8,0.1
20260880,68,500,15,3000,3000,3000,3000,"fast","control_informative",0.05,5,0.01,"","mtada_aggregated","trait2","pp08_fdp",0.8,0.977272727272727
20260880,68,500,15,3000,3000,3000,3000,"fast","control_informative",0.05,5,0.01,"","mtada_aggregated","trait2","pp08_discoveries",0.8,44
20260880,68,500,15,3000,3000,3000,3000,"fast","control_informative",0.05,5,0.01,"","mtada_aggregated","pleiotropy","pp08_power",0.8,0
20260880,68,500,15,3000,3000,3000,3000,"fast","control_informative",0.05,5,0.01,"","mtada_aggregated","pleiotropy","pp08_fdp",0.8,1
20260880,68,500,15,3000,3000,3000,3000,"fast","control_informative",0.05,5,0.01,"","mtada_aggregated","pleiotropy","pp08_discoveries",0.8,4
20260880,68,500,15,3000,3000,3000,3000,"fast","control_informative",0.05,5,0.01,"","mtada_aggregated","trait1","bfdr_observed_fdp",0.01,0.854166666666667
20260880,68,500,15,3000,3000,3000,3000,"fast","control_informative",0.05,5,0.01,"","mtada_aggregated","trait1","bfdr_estimate",0.01,0.00905988696041597
20260880,68,500,15,3000,3000,3000,3000,"fast","control_informative",0.05,5,0.01,"","mtada_aggregated","trait1","bfdr_power",0.01,0.28
20260880,68,500,15,3000,3000,3000,3000,"fast","control_informative",0.05,5,0.01,"","mtada_aggregated","trait1","bfdr_discoveries",0.01,48
20260880,68,500,15,3000,3000,3000,3000,"fast","control_informative",0.05,5,0.01,"","mtada_aggregated","trait1","bfdr_observed_fdp",0.05,0.857142857142857
20260880,68,500,15,3000,3000,3000,3000,"fast","control_informative",0.05,5,0.01,"","mtada_aggregated","trait1","bfdr_estimate",0.05,0.0448610922498947
20260880,68,500,15,3000,3000,3000,3000,"fast","control_informative",0.05,5,0.01,"","mtada_aggregated","trait1","bfdr_power",0.05,0.32
20260880,68,500,15,3000,3000,3000,3000,"fast","control_informative",0.05,5,0.01,"","mtada_aggregated","trait1","bfdr_discoveries",0.05,56
20260880,68,500,15,3000,3000,3000,3000,"fast","control_informative",0.05,5,0.01,"","mtada_aggregated","trait1","bfdr_observed_fdp",0.1,0.868852459016393
20260880,68,500,15,3000,3000,3000,3000,"fast","control_informative",0.05,5,0.01,"","mtada_aggregated","trait1","bfdr_estimate",0.1,0.0929929043704936
20260880,68,500,15,3000,3000,3000,3000,"fast","control_informative",0.05,5,0.01,"","mtada_aggregated","trait1","bfdr_power",0.1,0.32
20260880,68,500,15,3000,3000,3000,3000,"fast","control_informative",0.05,5,0.01,"","mtada_aggregated","trait1","bfdr_discoveries",0.1,61
20260880,68,500,15,3000,3000,3000,3000,"fast","control_informative",0.05,5,0.01,"","mtada_aggregated","trait1","bfdr_observed_fdp",0.2,0.887323943661972
20260880,68,500,15,3000,3000,3000,3000,"fast","control_informative",0.05,5,0.01,"","mtada_aggregated","trait1","bfdr_estimate",0.2,0.193581157055809
20260880,68,500,15,3000,3000,3000,3000,"fast","control_informative",0.05,5,0.01,"","mtada_aggregated","trait1","bfdr_power",0.2,0.32
20260880,68,500,15,3000,3000,3000,3000,"fast","control_informative",0.05,5,0.01,"","mtada_aggregated","trait1","bfdr_discoveries",0.2,71
20260880,68,500,15,3000,3000,3000,3000,"fast","control_informative",0.05,5,0.01,"","mtada_aggregated","trait2","bfdr_observed_fdp",0.01,0.975
20260880,68,500,15,3000,3000,3000,3000,"fast","control_informative",0.05,5,0.01,"","mtada_aggregated","trait2","bfdr_estimate",0.01,0.00879413845606102
20260880,68,500,15,3000,3000,3000,3000,"fast","control_informative",0.05,5,0.01,"","mtada_aggregated","trait2","bfdr_power",0.01,0.1
20260880,68,500,15,3000,3000,3000,3000,"fast","control_informative",0.05,5,0.01,"","mtada_aggregated","trait2","bfdr_discoveries",0.01,40
20260880,68,500,15,3000,3000,3000,3000,"fast","control_informative",0.05,5,0.01,"","mtada_aggregated","trait2","bfdr_observed_fdp",0.05,0.979591836734694
20260880,68,500,15,3000,3000,3000,3000,"fast","control_informative",0.05,5,0.01,"","mtada_aggregated","trait2","bfdr_estimate",0.05,0.0480891675125384
20260880,68,500,15,3000,3000,3000,3000,"fast","control_informative",0.05,5,0.01,"","mtada_aggregated","trait2","bfdr_power",0.05,0.1
20260880,68,500,15,3000,3000,3000,3000,"fast","control_informative",0.05,5,0.01,"","mtada_aggregated","trait2","bfdr_discoveries",0.05,49
20260880,68,500,15,3000,3000,3000,3000,"fast","control_informative",0.05,5,0.01,"","mtada_aggregated","trait2","bfdr_observed_fdp",0.1,0.981481481481482
20260880,68,500,15,3000,3000,3000,3000,"fast","control_informative",0.05,5,0.01,"","mtada_aggregated","trait2","bfdr_estimate",0.1,0.0930819562870591
20260880,68,500,15,3000,3000,3000,3000,"fast","control_informative",0.05,5,0.01,"","mtada_aggregated","trait2","bfdr_power",0.1,0.1
20260880,68,500,15,3000,3000,3000,3000,"fast","control_informative",0.05,5,0.01,"","mtada_aggregated","trait2","bfdr_discoveries",0.1,54
20260880,68,500,15,3000,3000,3000,3000,"fast","control_informative",0.05,5,0.01,"","mtada_aggregated","trait2","bfdr_observed_fdp",0.2,0.984126984126984
20260880,68,500,15,3000,3000,3000,3000,"fast","control_informative",0.05,5,0.01,"","mtada_aggregated","trait2","bfdr_estimate",0.2,0.191626379132231
20260880,68,500,15,3000,3000,3000,3000,"fast","control_informative",0.05,5,0.01,"","mtada_aggregated","trait2","bfdr_power",0.2,0.1
20260880,68,500,15,3000,3000,3000,3000,"fast","control_informative",0.05,5,0.01,"","mtada_aggregated","trait2","bfdr_discoveries",0.2,63
20260880,68,500,15,3000,3000,3000,3000,"fast","control_informative",0.05,5,0.01,"","mtada_aggregated","pleiotropy","bfdr_observed_fdp",0.01,1
20260880,68,500,15,3000,3000,3000,3000,"fast","control_informative",0.05,5,0.01,"","mtada_aggregated","pleiotropy","bfdr_estimate",0.01,0.00236598338797933
20260880,68,500,15,3000,3000,3000,3000,"fast","control_informative",0.05,5,0.01,"","mtada_aggregated","pleiotropy","bfdr_power",0.01,0
20260880,68,500,15,3000,3000,3000,3000,"fast","control_informative",0.05,5,0.01,"","mtada_aggregated","pleiotropy","bfdr_discoveries",0.01,3
20260880,68,500,15,3000,3000,3000,3000,"fast","control_informative",0.05,5,0.01,"","mtada_aggregated","pleiotropy","bfdr_observed_fdp",0.05,1
20260880,68,500,15,3000,3000,3000,3000,"fast","control_informative",0.05,5,0.01,"","mtada_aggregated","pleiotropy","bfdr_estimate",0.05,0.0102473131322414
20260880,68,500,15,3000,3000,3000,3000,"fast","control_informative",0.05,5,0.01,"","mtada_aggregated","pleiotropy","bfdr_power",0.05,0
20260880,68,500,15,3000,3000,3000,3000,"fast","control_informative",0.05,5,0.01,"","mtada_aggregated","pleiotropy","bfdr_discoveries",0.05,4
20260880,68,500,15,3000,3000,3000,3000,"fast","control_informative",0.05,5,0.01,"","mtada_aggregated","pleiotropy","bfdr_observed_fdp",0.1,1
20260880,68,500,15,3000,3000,3000,3000,"fast","control_informative",0.05,5,0.01,"","mtada_aggregated","pleiotropy","bfdr_estimate",0.1,0.0102473131322414
20260880,68,500,15,3000,3000,3000,3000,"fast","control_informative",0.05,5,0.01,"","mtada_aggregated","pleiotropy","bfdr_power",0.1,0
20260880,68,500,15,3000,3000,3000,3000,"fast","control_informative",0.05,5,0.01,"","mtada_aggregated","pleiotropy","bfdr_discoveries",0.1,4
20260880,68,500,15,3000,3000,3000,3000,"fast","control_informative",0.05,5,0.01,"","mtada_aggregated","pleiotropy","bfdr_observed_fdp",0.2,1
20260880,68,500,15,3000,3000,3000,3000,"fast","control_informative",0.05,5,0.01,"","mtada_aggregated","pleiotropy","bfdr_estimate",0.2,0.188616202335018
20260880,68,500,15,3000,3000,3000,3000,"fast","control_informative",0.05,5,0.01,"","mtada_aggregated","pleiotropy","bfdr_power",0.2,0
20260880,68,500,15,3000,3000,3000,3000,"fast","control_informative",0.05,5,0.01,"","mtada_aggregated","pleiotropy","bfdr_discoveries",0.2,5
20260880,68,500,15,3000,3000,3000,3000,"fast","control_informative",0.05,5,0.01,"","mtada_aggregated","global","runtime_seconds",NA,0.707999999999856
20260880,68,500,15,3000,3000,3000,3000,"fast","control_informative",0.05,5,0.01,"","mtada_aggregated","pleiotropy","pi11_estimate",NA,0.00136623
20260881,69,500,15,3000,3000,3000,3000,"fast","control_informative",0.05,5,0.01,"","mirage_joint","trait1","auc",NA,0.618357894736842
20260881,69,500,15,3000,3000,3000,3000,"fast","control_informative",0.05,5,0.01,"","mirage_joint","trait2","auc",NA,0.499795918367347
20260881,69,500,15,3000,3000,3000,3000,"fast","control_informative",0.05,5,0.01,"","mirage_joint","pleiotropy","auc",NA,0.657777777777778
20260881,69,500,15,3000,3000,3000,3000,"fast","control_informative",0.05,5,0.01,"","mirage_joint","trait1","pp08_power",0.8,0.16
20260881,69,500,15,3000,3000,3000,3000,"fast","control_informative",0.05,5,0.01,"","mirage_joint","trait1","pp08_fdp",0.8,0
20260881,69,500,15,3000,3000,3000,3000,"fast","control_informative",0.05,5,0.01,"","mirage_joint","trait1","pp08_discoveries",0.8,4
20260881,69,500,15,3000,3000,3000,3000,"fast","control_informative",0.05,5,0.01,"","mirage_joint","trait2","pp08_power",0.8,0.2
20260881,69,500,15,3000,3000,3000,3000,"fast","control_informative",0.05,5,0.01,"","mirage_joint","trait2","pp08_fdp",0.8,0.333333333333333
20260881,69,500,15,3000,3000,3000,3000,"fast","control_informative",0.05,5,0.01,"","mirage_joint","trait2","pp08_discoveries",0.8,3
20260881,69,500,15,3000,3000,3000,3000,"fast","control_informative",0.05,5,0.01,"","mirage_joint","pleiotropy","pp08_power",0.8,0.2
20260881,69,500,15,3000,3000,3000,3000,"fast","control_informative",0.05,5,0.01,"","mirage_joint","pleiotropy","pp08_fdp",0.8,0.5
20260881,69,500,15,3000,3000,3000,3000,"fast","control_informative",0.05,5,0.01,"","mirage_joint","pleiotropy","pp08_discoveries",0.8,2
20260881,69,500,15,3000,3000,3000,3000,"fast","control_informative",0.05,5,0.01,"","mirage_joint","trait1","bfdr_observed_fdp",0.01,0
20260881,69,500,15,3000,3000,3000,3000,"fast","control_informative",0.05,5,0.01,"","mirage_joint","trait1","bfdr_estimate",0.01,0.000203290549944501
20260881,69,500,15,3000,3000,3000,3000,"fast","control_informative",0.05,5,0.01,"","mirage_joint","trait1","bfdr_power",0.01,0.04
20260881,69,500,15,3000,3000,3000,3000,"fast","control_informative",0.05,5,0.01,"","mirage_joint","trait1","bfdr_discoveries",0.01,1
20260881,69,500,15,3000,3000,3000,3000,"fast","control_informative",0.05,5,0.01,"","mirage_joint","trait1","bfdr_observed_fdp",0.05,0
20260881,69,500,15,3000,3000,3000,3000,"fast","control_informative",0.05,5,0.01,"","mirage_joint","trait1","bfdr_estimate",0.05,0.0300474190046852
20260881,69,500,15,3000,3000,3000,3000,"fast","control_informative",0.05,5,0.01,"","mirage_joint","trait1","bfdr_power",0.05,0.08
20260881,69,500,15,3000,3000,3000,3000,"fast","control_informative",0.05,5,0.01,"","mirage_joint","trait1","bfdr_discoveries",0.05,2
20260881,69,500,15,3000,3000,3000,3000,"fast","control_informative",0.05,5,0.01,"","mirage_joint","trait1","bfdr_observed_fdp",0.1,0
20260881,69,500,15,3000,3000,3000,3000,"fast","control_informative",0.05,5,0.01,"","mirage_joint","trait1","bfdr_estimate",0.1,0.0744043957415542
20260881,69,500,15,3000,3000,3000,3000,"fast","control_informative",0.05,5,0.01,"","mirage_joint","trait1","bfdr_power",0.1,0.16
20260881,69,500,15,3000,3000,3000,3000,"fast","control_informative",0.05,5,0.01,"","mirage_joint","trait1","bfdr_discoveries",0.1,4
20260881,69,500,15,3000,3000,3000,3000,"fast","control_informative",0.05,5,0.01,"","mirage_joint","trait1","bfdr_observed_fdp",0.2,0
20260881,69,500,15,3000,3000,3000,3000,"fast","control_informative",0.05,5,0.01,"","mirage_joint","trait1","bfdr_estimate",0.2,0.144190028740214
20260881,69,500,15,3000,3000,3000,3000,"fast","control_informative",0.05,5,0.01,"","mirage_joint","trait1","bfdr_power",0.2,0.24
20260881,69,500,15,3000,3000,3000,3000,"fast","control_informative",0.05,5,0.01,"","mirage_joint","trait1","bfdr_discoveries",0.2,6
20260881,69,500,15,3000,3000,3000,3000,"fast","control_informative",0.05,5,0.01,"","mirage_joint","trait2","bfdr_observed_fdp",0.01,0
20260881,69,500,15,3000,3000,3000,3000,"fast","control_informative",0.05,5,0.01,"","mirage_joint","trait2","bfdr_estimate",0.01,1.94579607184497e-05
20260881,69,500,15,3000,3000,3000,3000,"fast","control_informative",0.05,5,0.01,"","mirage_joint","trait2","bfdr_power",0.01,0.1
20260881,69,500,15,3000,3000,3000,3000,"fast","control_informative",0.05,5,0.01,"","mirage_joint","trait2","bfdr_discoveries",0.01,1
20260881,69,500,15,3000,3000,3000,3000,"fast","control_informative",0.05,5,0.01,"","mirage_joint","trait2","bfdr_observed_fdp",0.05,0.333333333333333
20260881,69,500,15,3000,3000,3000,3000,"fast","control_informative",0.05,5,0.01,"","mirage_joint","trait2","bfdr_estimate",0.05,0.0473895696166108
20260881,69,500,15,3000,3000,3000,3000,"fast","control_informative",0.05,5,0.01,"","mirage_joint","trait2","bfdr_power",0.05,0.2
20260881,69,500,15,3000,3000,3000,3000,"fast","control_informative",0.05,5,0.01,"","mirage_joint","trait2","bfdr_discoveries",0.05,3
20260881,69,500,15,3000,3000,3000,3000,"fast","control_informative",0.05,5,0.01,"","mirage_joint","trait2","bfdr_observed_fdp",0.1,0.333333333333333
20260881,69,500,15,3000,3000,3000,3000,"fast","control_informative",0.05,5,0.01,"","mirage_joint","trait2","bfdr_estimate",0.1,0.0473895696166108
20260881,69,500,15,3000,3000,3000,3000,"fast","control_informative",0.05,5,0.01,"","mirage_joint","trait2","bfdr_power",0.1,0.2
20260881,69,500,15,3000,3000,3000,3000,"fast","control_informative",0.05,5,0.01,"","mirage_joint","trait2","bfdr_discoveries",0.1,3
20260881,69,500,15,3000,3000,3000,3000,"fast","control_informative",0.05,5,0.01,"","mirage_joint","trait2","bfdr_observed_fdp",0.2,0.5
20260881,69,500,15,3000,3000,3000,3000,"fast","control_informative",0.05,5,0.01,"","mirage_joint","trait2","bfdr_estimate",0.2,0.174746693815738
20260881,69,500,15,3000,3000,3000,3000,"fast","control_informative",0.05,5,0.01,"","mirage_joint","trait2","bfdr_power",0.2,0.2
20260881,69,500,15,3000,3000,3000,3000,"fast","control_informative",0.05,5,0.01,"","mirage_joint","trait2","bfdr_discoveries",0.2,4
20260881,69,500,15,3000,3000,3000,3000,"fast","control_informative",0.05,5,0.01,"","mirage_joint","pleiotropy","bfdr_observed_fdp",0.01,0
20260881,69,500,15,3000,3000,3000,3000,"fast","control_informative",0.05,5,0.01,"","mirage_joint","pleiotropy","bfdr_estimate",0.01,0
20260881,69,500,15,3000,3000,3000,3000,"fast","control_informative",0.05,5,0.01,"","mirage_joint","pleiotropy","bfdr_power",0.01,0
20260881,69,500,15,3000,3000,3000,3000,"fast","control_informative",0.05,5,0.01,"","mirage_joint","pleiotropy","bfdr_discoveries",0.01,0
20260881,69,500,15,3000,3000,3000,3000,"fast","control_informative",0.05,5,0.01,"","mirage_joint","pleiotropy","bfdr_observed_fdp",0.05,0
20260881,69,500,15,3000,3000,3000,3000,"fast","control_informative",0.05,5,0.01,"","mirage_joint","pleiotropy","bfdr_estimate",0.05,0
20260881,69,500,15,3000,3000,3000,3000,"fast","control_informative",0.05,5,0.01,"","mirage_joint","pleiotropy","bfdr_power",0.05,0
20260881,69,500,15,3000,3000,3000,3000,"fast","control_informative",0.05,5,0.01,"","mirage_joint","pleiotropy","bfdr_discoveries",0.05,0
20260881,69,500,15,3000,3000,3000,3000,"fast","control_informative",0.05,5,0.01,"","mirage_joint","pleiotropy","bfdr_observed_fdp",0.1,0
20260881,69,500,15,3000,3000,3000,3000,"fast","control_informative",0.05,5,0.01,"","mirage_joint","pleiotropy","bfdr_estimate",0.1,0
20260881,69,500,15,3000,3000,3000,3000,"fast","control_informative",0.05,5,0.01,"","mirage_joint","pleiotropy","bfdr_power",0.1,0
20260881,69,500,15,3000,3000,3000,3000,"fast","control_informative",0.05,5,0.01,"","mirage_joint","pleiotropy","bfdr_discoveries",0.1,0
20260881,69,500,15,3000,3000,3000,3000,"fast","control_informative",0.05,5,0.01,"","mirage_joint","pleiotropy","bfdr_observed_fdp",0.2,0.333333333333333
20260881,69,500,15,3000,3000,3000,3000,"fast","control_informative",0.05,5,0.01,"","mirage_joint","pleiotropy","bfdr_estimate",0.2,0.175976676034184
20260881,69,500,15,3000,3000,3000,3000,"fast","control_informative",0.05,5,0.01,"","mirage_joint","pleiotropy","bfdr_power",0.2,0.4
20260881,69,500,15,3000,3000,3000,3000,"fast","control_informative",0.05,5,0.01,"","mirage_joint","pleiotropy","bfdr_discoveries",0.2,3
20260881,69,500,15,3000,3000,3000,3000,"fast","control_informative",0.05,5,0.01,"","mirage_joint","global","runtime_seconds",NA,19.0350000000001
20260881,69,500,15,3000,3000,3000,3000,"fast","control_informative",0.05,5,0.01,"","mirage_joint","pleiotropy","pi11_estimate",NA,0.0268915712609555
20260881,69,500,15,3000,3000,3000,3000,"fast","control_informative",0.05,5,0.01,"","separate_mirage","trait1","auc",NA,0.6336
20260881,69,500,15,3000,3000,3000,3000,"fast","control_informative",0.05,5,0.01,"","separate_mirage","trait2","auc",NA,0.527142857142857
20260881,69,500,15,3000,3000,3000,3000,"fast","control_informative",0.05,5,0.01,"","separate_mirage","pleiotropy","auc",NA,0.672323232323232
20260881,69,500,15,3000,3000,3000,3000,"fast","control_informative",0.05,5,0.01,"","separate_mirage","trait1","pp08_power",0.8,0.08
20260881,69,500,15,3000,3000,3000,3000,"fast","control_informative",0.05,5,0.01,"","separate_mirage","trait1","pp08_fdp",0.8,0
20260881,69,500,15,3000,3000,3000,3000,"fast","control_informative",0.05,5,0.01,"","separate_mirage","trait1","pp08_discoveries",0.8,2
20260881,69,500,15,3000,3000,3000,3000,"fast","control_informative",0.05,5,0.01,"","separate_mirage","trait2","pp08_power",0.8,0.2
20260881,69,500,15,3000,3000,3000,3000,"fast","control_informative",0.05,5,0.01,"","separate_mirage","trait2","pp08_fdp",0.8,0
20260881,69,500,15,3000,3000,3000,3000,"fast","control_informative",0.05,5,0.01,"","separate_mirage","trait2","pp08_discoveries",0.8,2
20260881,69,500,15,3000,3000,3000,3000,"fast","control_informative",0.05,5,0.01,"","separate_mirage","pleiotropy","pp08_power",0.8,0
20260881,69,500,15,3000,3000,3000,3000,"fast","control_informative",0.05,5,0.01,"","separate_mirage","pleiotropy","pp08_fdp",0.8,0
20260881,69,500,15,3000,3000,3000,3000,"fast","control_informative",0.05,5,0.01,"","separate_mirage","pleiotropy","pp08_discoveries",0.8,0
20260881,69,500,15,3000,3000,3000,3000,"fast","control_informative",0.05,5,0.01,"","separate_mirage","trait1","bfdr_observed_fdp",0.01,0
20260881,69,500,15,3000,3000,3000,3000,"fast","control_informative",0.05,5,0.01,"","separate_mirage","trait1","bfdr_estimate",0.01,0.000251073481772002
20260881,69,500,15,3000,3000,3000,3000,"fast","control_informative",0.05,5,0.01,"","separate_mirage","trait1","bfdr_power",0.01,0.04
20260881,69,500,15,3000,3000,3000,3000,"fast","control_informative",0.05,5,0.01,"","separate_mirage","trait1","bfdr_discoveries",0.01,1
20260881,69,500,15,3000,3000,3000,3000,"fast","control_informative",0.05,5,0.01,"","separate_mirage","trait1","bfdr_observed_fdp",0.05,0
20260881,69,500,15,3000,3000,3000,3000,"fast","control_informative",0.05,5,0.01,"","separate_mirage","trait1","bfdr_estimate",0.05,0.0438172307818377
20260881,69,500,15,3000,3000,3000,3000,"fast","control_informative",0.05,5,0.01,"","separate_mirage","trait1","bfdr_power",0.05,0.08
20260881,69,500,15,3000,3000,3000,3000,"fast","control_informative",0.05,5,0.01,"","separate_mirage","trait1","bfdr_discoveries",0.05,2
20260881,69,500,15,3000,3000,3000,3000,"fast","control_informative",0.05,5,0.01,"","separate_mirage","trait1","bfdr_observed_fdp",0.1,0
20260881,69,500,15,3000,3000,3000,3000,"fast","control_informative",0.05,5,0.01,"","separate_mirage","trait1","bfdr_estimate",0.1,0.0438172307818377
20260881,69,500,15,3000,3000,3000,3000,"fast","control_informative",0.05,5,0.01,"","separate_mirage","trait1","bfdr_power",0.1,0.08
20260881,69,500,15,3000,3000,3000,3000,"fast","control_informative",0.05,5,0.01,"","separate_mirage","trait1","bfdr_discoveries",0.1,2
20260881,69,500,15,3000,3000,3000,3000,"fast","control_informative",0.05,5,0.01,"","separate_mirage","trait1","bfdr_observed_fdp",0.2,0
20260881,69,500,15,3000,3000,3000,3000,"fast","control_informative",0.05,5,0.01,"","separate_mirage","trait1","bfdr_estimate",0.2,0.119725424833392
20260881,69,500,15,3000,3000,3000,3000,"fast","control_informative",0.05,5,0.01,"","separate_mirage","trait1","bfdr_power",0.2,0.12
20260881,69,500,15,3000,3000,3000,3000,"fast","control_informative",0.05,5,0.01,"","separate_mirage","trait1","bfdr_discoveries",0.2,3
20260881,69,500,15,3000,3000,3000,3000,"fast","control_informative",0.05,5,0.01,"","separate_mirage","trait2","bfdr_observed_fdp",0.01,0
20260881,69,500,15,3000,3000,3000,3000,"fast","control_informative",0.05,5,0.01,"","separate_mirage","trait2","bfdr_estimate",0.01,2.33687732547061e-05
20260881,69,500,15,3000,3000,3000,3000,"fast","control_informative",0.05,5,0.01,"","separate_mirage","trait2","bfdr_power",0.01,0.1
20260881,69,500,15,3000,3000,3000,3000,"fast","control_informative",0.05,5,0.01,"","separate_mirage","trait2","bfdr_discoveries",0.01,1
20260881,69,500,15,3000,3000,3000,3000,"fast","control_informative",0.05,5,0.01,"","separate_mirage","trait2","bfdr_observed_fdp",0.05,0
20260881,69,500,15,3000,3000,3000,3000,"fast","control_informative",0.05,5,0.01,"","separate_mirage","trait2","bfdr_estimate",0.05,0.0376411787711157
20260881,69,500,15,3000,3000,3000,3000,"fast","control_informative",0.05,5,0.01,"","separate_mirage","trait2","bfdr_power",0.05,0.2
20260881,69,500,15,3000,3000,3000,3000,"fast","control_informative",0.05,5,0.01,"","separate_mirage","trait2","bfdr_discoveries",0.05,2
20260881,69,500,15,3000,3000,3000,3000,"fast","control_informative",0.05,5,0.01,"","separate_mirage","trait2","bfdr_observed_fdp",0.1,0
20260881,69,500,15,3000,3000,3000,3000,"fast","control_informative",0.05,5,0.01,"","separate_mirage","trait2","bfdr_estimate",0.1,0.0376411787711157
20260881,69,500,15,3000,3000,3000,3000,"fast","control_informative",0.05,5,0.01,"","separate_mirage","trait2","bfdr_power",0.1,0.2
20260881,69,500,15,3000,3000,3000,3000,"fast","control_informative",0.05,5,0.01,"","separate_mirage","trait2","bfdr_discoveries",0.1,2
20260881,69,500,15,3000,3000,3000,3000,"fast","control_informative",0.05,5,0.01,"","separate_mirage","trait2","bfdr_observed_fdp",0.2,0.333333333333333
20260881,69,500,15,3000,3000,3000,3000,"fast","control_informative",0.05,5,0.01,"","separate_mirage","trait2","bfdr_estimate",0.2,0.162606954227814
20260881,69,500,15,3000,3000,3000,3000,"fast","control_informative",0.05,5,0.01,"","separate_mirage","trait2","bfdr_power",0.2,0.2
20260881,69,500,15,3000,3000,3000,3000,"fast","control_informative",0.05,5,0.01,"","separate_mirage","trait2","bfdr_discoveries",0.2,3
20260881,69,500,15,3000,3000,3000,3000,"fast","control_informative",0.05,5,0.01,"","separate_mirage","pleiotropy","bfdr_observed_fdp",0.01,0
20260881,69,500,15,3000,3000,3000,3000,"fast","control_informative",0.05,5,0.01,"","separate_mirage","pleiotropy","bfdr_estimate",0.01,0
20260881,69,500,15,3000,3000,3000,3000,"fast","control_informative",0.05,5,0.01,"","separate_mirage","pleiotropy","bfdr_power",0.01,0
20260881,69,500,15,3000,3000,3000,3000,"fast","control_informative",0.05,5,0.01,"","separate_mirage","pleiotropy","bfdr_discoveries",0.01,0
20260881,69,500,15,3000,3000,3000,3000,"fast","control_informative",0.05,5,0.01,"","separate_mirage","pleiotropy","bfdr_observed_fdp",0.05,0
20260881,69,500,15,3000,3000,3000,3000,"fast","control_informative",0.05,5,0.01,"","separate_mirage","pleiotropy","bfdr_estimate",0.05,0
20260881,69,500,15,3000,3000,3000,3000,"fast","control_informative",0.05,5,0.01,"","separate_mirage","pleiotropy","bfdr_power",0.05,0
20260881,69,500,15,3000,3000,3000,3000,"fast","control_informative",0.05,5,0.01,"","separate_mirage","pleiotropy","bfdr_discoveries",0.05,0
20260881,69,500,15,3000,3000,3000,3000,"fast","control_informative",0.05,5,0.01,"","separate_mirage","pleiotropy","bfdr_observed_fdp",0.1,0
20260881,69,500,15,3000,3000,3000,3000,"fast","control_informative",0.05,5,0.01,"","separate_mirage","pleiotropy","bfdr_estimate",0.1,0
20260881,69,500,15,3000,3000,3000,3000,"fast","control_informative",0.05,5,0.01,"","separate_mirage","pleiotropy","bfdr_power",0.1,0
20260881,69,500,15,3000,3000,3000,3000,"fast","control_informative",0.05,5,0.01,"","separate_mirage","pleiotropy","bfdr_discoveries",0.1,0
20260881,69,500,15,3000,3000,3000,3000,"fast","control_informative",0.05,5,0.01,"","separate_mirage","pleiotropy","bfdr_observed_fdp",0.2,0
20260881,69,500,15,3000,3000,3000,3000,"fast","control_informative",0.05,5,0.01,"","separate_mirage","pleiotropy","bfdr_estimate",0.2,0
20260881,69,500,15,3000,3000,3000,3000,"fast","control_informative",0.05,5,0.01,"","separate_mirage","pleiotropy","bfdr_power",0.2,0
20260881,69,500,15,3000,3000,3000,3000,"fast","control_informative",0.05,5,0.01,"","separate_mirage","pleiotropy","bfdr_discoveries",0.2,0
20260881,69,500,15,3000,3000,3000,3000,"fast","control_informative",0.05,5,0.01,"","separate_mirage","global","runtime_seconds",NA,18.604
20260881,69,500,15,3000,3000,3000,3000,"fast","control_informative",0.05,5,0.01,"","separate_mirage","pleiotropy","pi11_estimate",NA,0.001
20260881,69,500,15,3000,3000,3000,3000,"fast","control_informative",0.05,5,0.01,"","mtada_aggregated","trait1","auc",NA,0.704378947368421
20260881,69,500,15,3000,3000,3000,3000,"fast","control_informative",0.05,5,0.01,"","mtada_aggregated","trait2","auc",NA,0.689795918367347
20260881,69,500,15,3000,3000,3000,3000,"fast","control_informative",0.05,5,0.01,"","mtada_aggregated","pleiotropy","auc",NA,0.892121212121212
20260881,69,500,15,3000,3000,3000,3000,"fast","control_informative",0.05,5,0.01,"","mtada_aggregated","trait1","pp08_power",0.8,0.24
20260881,69,500,15,3000,3000,3000,3000,"fast","control_informative",0.05,5,0.01,"","mtada_aggregated","trait1","pp08_fdp",0.8,0.875
20260881,69,500,15,3000,3000,3000,3000,"fast","control_informative",0.05,5,0.01,"","mtada_aggregated","trait1","pp08_discoveries",0.8,48
20260881,69,500,15,3000,3000,3000,3000,"fast","control_informative",0.05,5,0.01,"","mtada_aggregated","trait2","pp08_power",0.8,0.3
20260881,69,500,15,3000,3000,3000,3000,"fast","control_informative",0.05,5,0.01,"","mtada_aggregated","trait2","pp08_fdp",0.8,0.903225806451613
20260881,69,500,15,3000,3000,3000,3000,"fast","control_informative",0.05,5,0.01,"","mtada_aggregated","trait2","pp08_discoveries",0.8,31
20260881,69,500,15,3000,3000,3000,3000,"fast","control_informative",0.05,5,0.01,"","mtada_aggregated","pleiotropy","pp08_power",0.8,0.2
20260881,69,500,15,3000,3000,3000,3000,"fast","control_informative",0.05,5,0.01,"","mtada_aggregated","pleiotropy","pp08_fdp",0.8,0.8
20260881,69,500,15,3000,3000,3000,3000,"fast","control_informative",0.05,5,0.01,"","mtada_aggregated","pleiotropy","pp08_discoveries",0.8,5
20260881,69,500,15,3000,3000,3000,3000,"fast","control_informative",0.05,5,0.01,"","mtada_aggregated","trait1","bfdr_observed_fdp",0.01,0.878048780487805
20260881,69,500,15,3000,3000,3000,3000,"fast","control_informative",0.05,5,0.01,"","mtada_aggregated","trait1","bfdr_estimate",0.01,0.00906834459550651
20260881,69,500,15,3000,3000,3000,3000,"fast","control_informative",0.05,5,0.01,"","mtada_aggregated","trait1","bfdr_power",0.01,0.2
20260881,69,500,15,3000,3000,3000,3000,"fast","control_informative",0.05,5,0.01,"","mtada_aggregated","trait1","bfdr_discoveries",0.01,41
20260881,69,500,15,3000,3000,3000,3000,"fast","control_informative",0.05,5,0.01,"","mtada_aggregated","trait1","bfdr_observed_fdp",0.05,0.884615384615385
20260881,69,500,15,3000,3000,3000,3000,"fast","control_informative",0.05,5,0.01,"","mtada_aggregated","trait1","bfdr_estimate",0.05,0.0496709542424086
20260881,69,500,15,3000,3000,3000,3000,"fast","control_informative",0.05,5,0.01,"","mtada_aggregated","trait1","bfdr_power",0.05,0.24
20260881,69,500,15,3000,3000,3000,3000,"fast","control_informative",0.05,5,0.01,"","mtada_aggregated","trait1","bfdr_discoveries",0.05,52
20260881,69,500,15,3000,3000,3000,3000,"fast","control_informative",0.05,5,0.01,"","mtada_aggregated","trait1","bfdr_observed_fdp",0.1,0.866666666666667
20260881,69,500,15,3000,3000,3000,3000,"fast","control_informative",0.05,5,0.01,"","mtada_aggregated","trait1","bfdr_estimate",0.1,0.0988724260581699
20260881,69,500,15,3000,3000,3000,3000,"fast","control_informative",0.05,5,0.01,"","mtada_aggregated","trait1","bfdr_power",0.1,0.32
20260881,69,500,15,3000,3000,3000,3000,"fast","control_informative",0.05,5,0.01,"","mtada_aggregated","trait1","bfdr_discoveries",0.1,60
20260881,69,500,15,3000,3000,3000,3000,"fast","control_informative",0.05,5,0.01,"","mtada_aggregated","trait1","bfdr_observed_fdp",0.2,0.859154929577465
20260881,69,500,15,3000,3000,3000,3000,"fast","control_informative",0.05,5,0.01,"","mtada_aggregated","trait1","bfdr_estimate",0.2,0.191383543765756
20260881,69,500,15,3000,3000,3000,3000,"fast","control_informative",0.05,5,0.01,"","mtada_aggregated","trait1","bfdr_power",0.2,0.4
20260881,69,500,15,3000,3000,3000,3000,"fast","control_informative",0.05,5,0.01,"","mtada_aggregated","trait1","bfdr_discoveries",0.2,71
20260881,69,500,15,3000,3000,3000,3000,"fast","control_informative",0.05,5,0.01,"","mtada_aggregated","trait2","bfdr_observed_fdp",0.01,0.875
20260881,69,500,15,3000,3000,3000,3000,"fast","control_informative",0.05,5,0.01,"","mtada_aggregated","trait2","bfdr_estimate",0.01,0.00667809474045068
20260881,69,500,15,3000,3000,3000,3000,"fast","control_informative",0.05,5,0.01,"","mtada_aggregated","trait2","bfdr_power",0.01,0.3
20260881,69,500,15,3000,3000,3000,3000,"fast","control_informative",0.05,5,0.01,"","mtada_aggregated","trait2","bfdr_discoveries",0.01,24
20260881,69,500,15,3000,3000,3000,3000,"fast","control_informative",0.05,5,0.01,"","mtada_aggregated","trait2","bfdr_observed_fdp",0.05,0.909090909090909
20260881,69,500,15,3000,3000,3000,3000,"fast","control_informative",0.05,5,0.01,"","mtada_aggregated","trait2","bfdr_estimate",0.05,0.0491952866358203
20260881,69,500,15,3000,3000,3000,3000,"fast","control_informative",0.05,5,0.01,"","mtada_aggregated","trait2","bfdr_power",0.05,0.3
20260881,69,500,15,3000,3000,3000,3000,"fast","control_informative",0.05,5,0.01,"","mtada_aggregated","trait2","bfdr_discoveries",0.05,33
20260881,69,500,15,3000,3000,3000,3000,"fast","control_informative",0.05,5,0.01,"","mtada_aggregated","trait2","bfdr_observed_fdp",0.1,0.921052631578947
20260881,69,500,15,3000,3000,3000,3000,"fast","control_informative",0.05,5,0.01,"","mtada_aggregated","trait2","bfdr_estimate",0.1,0.092080957103941
20260881,69,500,15,3000,3000,3000,3000,"fast","control_informative",0.05,5,0.01,"","mtada_aggregated","trait2","bfdr_power",0.1,0.3
20260881,69,500,15,3000,3000,3000,3000,"fast","control_informative",0.05,5,0.01,"","mtada_aggregated","trait2","bfdr_discoveries",0.1,38
20260881,69,500,15,3000,3000,3000,3000,"fast","control_informative",0.05,5,0.01,"","mtada_aggregated","trait2","bfdr_observed_fdp",0.2,0.936170212765957
20260881,69,500,15,3000,3000,3000,3000,"fast","control_informative",0.05,5,0.01,"","mtada_aggregated","trait2","bfdr_estimate",0.2,0.194664162158237
20260881,69,500,15,3000,3000,3000,3000,"fast","control_informative",0.05,5,0.01,"","mtada_aggregated","trait2","bfdr_power",0.2,0.3
20260881,69,500,15,3000,3000,3000,3000,"fast","control_informative",0.05,5,0.01,"","mtada_aggregated","trait2","bfdr_discoveries",0.2,47
20260881,69,500,15,3000,3000,3000,3000,"fast","control_informative",0.05,5,0.01,"","mtada_aggregated","pleiotropy","bfdr_observed_fdp",0.01,0.8
20260881,69,500,15,3000,3000,3000,3000,"fast","control_informative",0.05,5,0.01,"","mtada_aggregated","pleiotropy","bfdr_estimate",0.01,0.00707759632356311
20260881,69,500,15,3000,3000,3000,3000,"fast","control_informative",0.05,5,0.01,"","mtada_aggregated","pleiotropy","bfdr_power",0.01,0.2
20260881,69,500,15,3000,3000,3000,3000,"fast","control_informative",0.05,5,0.01,"","mtada_aggregated","pleiotropy","bfdr_discoveries",0.01,5
20260881,69,500,15,3000,3000,3000,3000,"fast","control_informative",0.05,5,0.01,"","mtada_aggregated","pleiotropy","bfdr_observed_fdp",0.05,0.8
20260881,69,500,15,3000,3000,3000,3000,"fast","control_informative",0.05,5,0.01,"","mtada_aggregated","pleiotropy","bfdr_estimate",0.05,0.00707759632356311
20260881,69,500,15,3000,3000,3000,3000,"fast","control_informative",0.05,5,0.01,"","mtada_aggregated","pleiotropy","bfdr_power",0.05,0.2
20260881,69,500,15,3000,3000,3000,3000,"fast","control_informative",0.05,5,0.01,"","mtada_aggregated","pleiotropy","bfdr_discoveries",0.05,5
20260881,69,500,15,3000,3000,3000,3000,"fast","control_informative",0.05,5,0.01,"","mtada_aggregated","pleiotropy","bfdr_observed_fdp",0.1,0.833333333333333
20260881,69,500,15,3000,3000,3000,3000,"fast","control_informative",0.05,5,0.01,"","mtada_aggregated","pleiotropy","bfdr_estimate",0.1,0.058243918726001
20260881,69,500,15,3000,3000,3000,3000,"fast","control_informative",0.05,5,0.01,"","mtada_aggregated","pleiotropy","bfdr_power",0.1,0.2
20260881,69,500,15,3000,3000,3000,3000,"fast","control_informative",0.05,5,0.01,"","mtada_aggregated","pleiotropy","bfdr_discoveries",0.1,6
20260881,69,500,15,3000,3000,3000,3000,"fast","control_informative",0.05,5,0.01,"","mtada_aggregated","pleiotropy","bfdr_observed_fdp",0.2,0.875
20260881,69,500,15,3000,3000,3000,3000,"fast","control_informative",0.05,5,0.01,"","mtada_aggregated","pleiotropy","bfdr_estimate",0.2,0.198836263901702
20260881,69,500,15,3000,3000,3000,3000,"fast","control_informative",0.05,5,0.01,"","mtada_aggregated","pleiotropy","bfdr_power",0.2,0.2
20260881,69,500,15,3000,3000,3000,3000,"fast","control_informative",0.05,5,0.01,"","mtada_aggregated","pleiotropy","bfdr_discoveries",0.2,8
20260881,69,500,15,3000,3000,3000,3000,"fast","control_informative",0.05,5,0.01,"","mtada_aggregated","global","runtime_seconds",NA,0.754999999999882
20260881,69,500,15,3000,3000,3000,3000,"fast","control_informative",0.05,5,0.01,"","mtada_aggregated","pleiotropy","pi11_estimate",NA,0.00337096
20260882,70,500,15,3000,3000,3000,3000,"fast","control_informative",0.05,5,0.01,"","mirage_joint","trait1","auc",NA,0.744842105263158
20260882,70,500,15,3000,3000,3000,3000,"fast","control_informative",0.05,5,0.01,"","mirage_joint","trait2","auc",NA,0.658367346938776
20260882,70,500,15,3000,3000,3000,3000,"fast","control_informative",0.05,5,0.01,"","mirage_joint","pleiotropy","auc",NA,0.76
20260882,70,500,15,3000,3000,3000,3000,"fast","control_informative",0.05,5,0.01,"","mirage_joint","trait1","pp08_power",0.8,0.24
20260882,70,500,15,3000,3000,3000,3000,"fast","control_informative",0.05,5,0.01,"","mirage_joint","trait1","pp08_fdp",0.8,0
20260882,70,500,15,3000,3000,3000,3000,"fast","control_informative",0.05,5,0.01,"","mirage_joint","trait1","pp08_discoveries",0.8,6
20260882,70,500,15,3000,3000,3000,3000,"fast","control_informative",0.05,5,0.01,"","mirage_joint","trait2","pp08_power",0.8,0
20260882,70,500,15,3000,3000,3000,3000,"fast","control_informative",0.05,5,0.01,"","mirage_joint","trait2","pp08_fdp",0.8,0
20260882,70,500,15,3000,3000,3000,3000,"fast","control_informative",0.05,5,0.01,"","mirage_joint","trait2","pp08_discoveries",0.8,0
20260882,70,500,15,3000,3000,3000,3000,"fast","control_informative",0.05,5,0.01,"","mirage_joint","pleiotropy","pp08_power",0.8,0
20260882,70,500,15,3000,3000,3000,3000,"fast","control_informative",0.05,5,0.01,"","mirage_joint","pleiotropy","pp08_fdp",0.8,0
20260882,70,500,15,3000,3000,3000,3000,"fast","control_informative",0.05,5,0.01,"","mirage_joint","pleiotropy","pp08_discoveries",0.8,0
20260882,70,500,15,3000,3000,3000,3000,"fast","control_informative",0.05,5,0.01,"","mirage_joint","trait1","bfdr_observed_fdp",0.01,0
20260882,70,500,15,3000,3000,3000,3000,"fast","control_informative",0.05,5,0.01,"","mirage_joint","trait1","bfdr_estimate",0.01,0.0059201035933221
20260882,70,500,15,3000,3000,3000,3000,"fast","control_informative",0.05,5,0.01,"","mirage_joint","trait1","bfdr_power",0.01,0.16
20260882,70,500,15,3000,3000,3000,3000,"fast","control_informative",0.05,5,0.01,"","mirage_joint","trait1","bfdr_discoveries",0.01,4
20260882,70,500,15,3000,3000,3000,3000,"fast","control_informative",0.05,5,0.01,"","mirage_joint","trait1","bfdr_observed_fdp",0.05,0
20260882,70,500,15,3000,3000,3000,3000,"fast","control_informative",0.05,5,0.01,"","mirage_joint","trait1","bfdr_estimate",0.05,0.0498384161416277
20260882,70,500,15,3000,3000,3000,3000,"fast","control_informative",0.05,5,0.01,"","mirage_joint","trait1","bfdr_power",0.05,0.24
20260882,70,500,15,3000,3000,3000,3000,"fast","control_informative",0.05,5,0.01,"","mirage_joint","trait1","bfdr_discoveries",0.05,6
20260882,70,500,15,3000,3000,3000,3000,"fast","control_informative",0.05,5,0.01,"","mirage_joint","trait1","bfdr_observed_fdp",0.1,0.142857142857143
20260882,70,500,15,3000,3000,3000,3000,"fast","control_informative",0.05,5,0.01,"","mirage_joint","trait1","bfdr_estimate",0.1,0.0813270711418305
20260882,70,500,15,3000,3000,3000,3000,"fast","control_informative",0.05,5,0.01,"","mirage_joint","trait1","bfdr_power",0.1,0.24
20260882,70,500,15,3000,3000,3000,3000,"fast","control_informative",0.05,5,0.01,"","mirage_joint","trait1","bfdr_discoveries",0.1,7
20260882,70,500,15,3000,3000,3000,3000,"fast","control_informative",0.05,5,0.01,"","mirage_joint","trait1","bfdr_observed_fdp",0.2,0.3
20260882,70,500,15,3000,3000,3000,3000,"fast","control_informative",0.05,5,0.01,"","mirage_joint","trait1","bfdr_estimate",0.2,0.183827722261966
20260882,70,500,15,3000,3000,3000,3000,"fast","control_informative",0.05,5,0.01,"","mirage_joint","trait1","bfdr_power",0.2,0.28
20260882,70,500,15,3000,3000,3000,3000,"fast","control_informative",0.05,5,0.01,"","mirage_joint","trait1","bfdr_discoveries",0.2,10
20260882,70,500,15,3000,3000,3000,3000,"fast","control_informative",0.05,5,0.01,"","mirage_joint","trait2","bfdr_observed_fdp",0.01,0
20260882,70,500,15,3000,3000,3000,3000,"fast","control_informative",0.05,5,0.01,"","mirage_joint","trait2","bfdr_estimate",0.01,0
20260882,70,500,15,3000,3000,3000,3000,"fast","control_informative",0.05,5,0.01,"","mirage_joint","trait2","bfdr_power",0.01,0
20260882,70,500,15,3000,3000,3000,3000,"fast","control_informative",0.05,5,0.01,"","mirage_joint","trait2","bfdr_discoveries",0.01,0
20260882,70,500,15,3000,3000,3000,3000,"fast","control_informative",0.05,5,0.01,"","mirage_joint","trait2","bfdr_observed_fdp",0.05,0
20260882,70,500,15,3000,3000,3000,3000,"fast","control_informative",0.05,5,0.01,"","mirage_joint","trait2","bfdr_estimate",0.05,0
20260882,70,500,15,3000,3000,3000,3000,"fast","control_informative",0.05,5,0.01,"","mirage_joint","trait2","bfdr_power",0.05,0
20260882,70,500,15,3000,3000,3000,3000,"fast","control_informative",0.05,5,0.01,"","mirage_joint","trait2","bfdr_discoveries",0.05,0
20260882,70,500,15,3000,3000,3000,3000,"fast","control_informative",0.05,5,0.01,"","mirage_joint","trait2","bfdr_observed_fdp",0.1,0
20260882,70,500,15,3000,3000,3000,3000,"fast","control_informative",0.05,5,0.01,"","mirage_joint","trait2","bfdr_estimate",0.1,0
20260882,70,500,15,3000,3000,3000,3000,"fast","control_informative",0.05,5,0.01,"","mirage_joint","trait2","bfdr_power",0.1,0
20260882,70,500,15,3000,3000,3000,3000,"fast","control_informative",0.05,5,0.01,"","mirage_joint","trait2","bfdr_discoveries",0.1,0
20260882,70,500,15,3000,3000,3000,3000,"fast","control_informative",0.05,5,0.01,"","mirage_joint","trait2","bfdr_observed_fdp",0.2,0
20260882,70,500,15,3000,3000,3000,3000,"fast","control_informative",0.05,5,0.01,"","mirage_joint","trait2","bfdr_estimate",0.2,0
20260882,70,500,15,3000,3000,3000,3000,"fast","control_informative",0.05,5,0.01,"","mirage_joint","trait2","bfdr_power",0.2,0
20260882,70,500,15,3000,3000,3000,3000,"fast","control_informative",0.05,5,0.01,"","mirage_joint","trait2","bfdr_discoveries",0.2,0
20260882,70,500,15,3000,3000,3000,3000,"fast","control_informative",0.05,5,0.01,"","mirage_joint","pleiotropy","bfdr_observed_fdp",0.01,0
20260882,70,500,15,3000,3000,3000,3000,"fast","control_informative",0.05,5,0.01,"","mirage_joint","pleiotropy","bfdr_estimate",0.01,0
20260882,70,500,15,3000,3000,3000,3000,"fast","control_informative",0.05,5,0.01,"","mirage_joint","pleiotropy","bfdr_power",0.01,0
20260882,70,500,15,3000,3000,3000,3000,"fast","control_informative",0.05,5,0.01,"","mirage_joint","pleiotropy","bfdr_discoveries",0.01,0
20260882,70,500,15,3000,3000,3000,3000,"fast","control_informative",0.05,5,0.01,"","mirage_joint","pleiotropy","bfdr_observed_fdp",0.05,0
20260882,70,500,15,3000,3000,3000,3000,"fast","control_informative",0.05,5,0.01,"","mirage_joint","pleiotropy","bfdr_estimate",0.05,0
20260882,70,500,15,3000,3000,3000,3000,"fast","control_informative",0.05,5,0.01,"","mirage_joint","pleiotropy","bfdr_power",0.05,0
20260882,70,500,15,3000,3000,3000,3000,"fast","control_informative",0.05,5,0.01,"","mirage_joint","pleiotropy","bfdr_discoveries",0.05,0
20260882,70,500,15,3000,3000,3000,3000,"fast","control_informative",0.05,5,0.01,"","mirage_joint","pleiotropy","bfdr_observed_fdp",0.1,0
20260882,70,500,15,3000,3000,3000,3000,"fast","control_informative",0.05,5,0.01,"","mirage_joint","pleiotropy","bfdr_estimate",0.1,0
20260882,70,500,15,3000,3000,3000,3000,"fast","control_informative",0.05,5,0.01,"","mirage_joint","pleiotropy","bfdr_power",0.1,0
20260882,70,500,15,3000,3000,3000,3000,"fast","control_informative",0.05,5,0.01,"","mirage_joint","pleiotropy","bfdr_discoveries",0.1,0
20260882,70,500,15,3000,3000,3000,3000,"fast","control_informative",0.05,5,0.01,"","mirage_joint","pleiotropy","bfdr_observed_fdp",0.2,0
20260882,70,500,15,3000,3000,3000,3000,"fast","control_informative",0.05,5,0.01,"","mirage_joint","pleiotropy","bfdr_estimate",0.2,0
20260882,70,500,15,3000,3000,3000,3000,"fast","control_informative",0.05,5,0.01,"","mirage_joint","pleiotropy","bfdr_power",0.2,0
20260882,70,500,15,3000,3000,3000,3000,"fast","control_informative",0.05,5,0.01,"","mirage_joint","pleiotropy","bfdr_discoveries",0.2,0
20260882,70,500,15,3000,3000,3000,3000,"fast","control_informative",0.05,5,0.01,"","mirage_joint","global","runtime_seconds",NA,18.9880000000001
20260882,70,500,15,3000,3000,3000,3000,"fast","control_informative",0.05,5,0.01,"","mirage_joint","pleiotropy","pi11_estimate",NA,0.0167348322879125
20260882,70,500,15,3000,3000,3000,3000,"fast","control_informative",0.05,5,0.01,"","separate_mirage","trait1","auc",NA,0.755789473684211
20260882,70,500,15,3000,3000,3000,3000,"fast","control_informative",0.05,5,0.01,"","separate_mirage","trait2","auc",NA,0.63530612244898
20260882,70,500,15,3000,3000,3000,3000,"fast","control_informative",0.05,5,0.01,"","separate_mirage","pleiotropy","auc",NA,0.741010101010101
20260882,70,500,15,3000,3000,3000,3000,"fast","control_informative",0.05,5,0.01,"","separate_mirage","trait1","pp08_power",0.8,0.2
20260882,70,500,15,3000,3000,3000,3000,"fast","control_informative",0.05,5,0.01,"","separate_mirage","trait1","pp08_fdp",0.8,0
20260882,70,500,15,3000,3000,3000,3000,"fast","control_informative",0.05,5,0.01,"","separate_mirage","trait1","pp08_discoveries",0.8,5
20260882,70,500,15,3000,3000,3000,3000,"fast","control_informative",0.05,5,0.01,"","separate_mirage","trait2","pp08_power",0.8,0
20260882,70,500,15,3000,3000,3000,3000,"fast","control_informative",0.05,5,0.01,"","separate_mirage","trait2","pp08_fdp",0.8,0
20260882,70,500,15,3000,3000,3000,3000,"fast","control_informative",0.05,5,0.01,"","separate_mirage","trait2","pp08_discoveries",0.8,0
20260882,70,500,15,3000,3000,3000,3000,"fast","control_informative",0.05,5,0.01,"","separate_mirage","pleiotropy","pp08_power",0.8,0
20260882,70,500,15,3000,3000,3000,3000,"fast","control_informative",0.05,5,0.01,"","separate_mirage","pleiotropy","pp08_fdp",0.8,0
20260882,70,500,15,3000,3000,3000,3000,"fast","control_informative",0.05,5,0.01,"","separate_mirage","pleiotropy","pp08_discoveries",0.8,0
20260882,70,500,15,3000,3000,3000,3000,"fast","control_informative",0.05,5,0.01,"","separate_mirage","trait1","bfdr_observed_fdp",0.01,0
20260882,70,500,15,3000,3000,3000,3000,"fast","control_informative",0.05,5,0.01,"","separate_mirage","trait1","bfdr_estimate",0.01,0.00432752493897966
20260882,70,500,15,3000,3000,3000,3000,"fast","control_informative",0.05,5,0.01,"","separate_mirage","trait1","bfdr_power",0.01,0.12
20260882,70,500,15,3000,3000,3000,3000,"fast","control_informative",0.05,5,0.01,"","separate_mirage","trait1","bfdr_discoveries",0.01,3
20260882,70,500,15,3000,3000,3000,3000,"fast","control_informative",0.05,5,0.01,"","separate_mirage","trait1","bfdr_observed_fdp",0.05,0
20260882,70,500,15,3000,3000,3000,3000,"fast","control_informative",0.05,5,0.01,"","separate_mirage","trait1","bfdr_estimate",0.05,0.0273464153366675
20260882,70,500,15,3000,3000,3000,3000,"fast","control_informative",0.05,5,0.01,"","separate_mirage","trait1","bfdr_power",0.05,0.2
20260882,70,500,15,3000,3000,3000,3000,"fast","control_informative",0.05,5,0.01,"","separate_mirage","trait1","bfdr_discoveries",0.05,5
20260882,70,500,15,3000,3000,3000,3000,"fast","control_informative",0.05,5,0.01,"","separate_mirage","trait1","bfdr_observed_fdp",0.1,0
20260882,70,500,15,3000,3000,3000,3000,"fast","control_informative",0.05,5,0.01,"","separate_mirage","trait1","bfdr_estimate",0.1,0.062332712786751
20260882,70,500,15,3000,3000,3000,3000,"fast","control_informative",0.05,5,0.01,"","separate_mirage","trait1","bfdr_power",0.1,0.24
20260882,70,500,15,3000,3000,3000,3000,"fast","control_informative",0.05,5,0.01,"","separate_mirage","trait1","bfdr_discoveries",0.1,6
20260882,70,500,15,3000,3000,3000,3000,"fast","control_informative",0.05,5,0.01,"","separate_mirage","trait1","bfdr_observed_fdp",0.2,0.142857142857143
20260882,70,500,15,3000,3000,3000,3000,"fast","control_informative",0.05,5,0.01,"","separate_mirage","trait1","bfdr_estimate",0.2,0.147754034200438
20260882,70,500,15,3000,3000,3000,3000,"fast","control_informative",0.05,5,0.01,"","separate_mirage","trait1","bfdr_power",0.2,0.24
20260882,70,500,15,3000,3000,3000,3000,"fast","control_informative",0.05,5,0.01,"","separate_mirage","trait1","bfdr_discoveries",0.2,7
20260882,70,500,15,3000,3000,3000,3000,"fast","control_informative",0.05,5,0.01,"","separate_mirage","trait2","bfdr_observed_fdp",0.01,0
20260882,70,500,15,3000,3000,3000,3000,"fast","control_informative",0.05,5,0.01,"","separate_mirage","trait2","bfdr_estimate",0.01,0
20260882,70,500,15,3000,3000,3000,3000,"fast","control_informative",0.05,5,0.01,"","separate_mirage","trait2","bfdr_power",0.01,0
20260882,70,500,15,3000,3000,3000,3000,"fast","control_informative",0.05,5,0.01,"","separate_mirage","trait2","bfdr_discoveries",0.01,0
20260882,70,500,15,3000,3000,3000,3000,"fast","control_informative",0.05,5,0.01,"","separate_mirage","trait2","bfdr_observed_fdp",0.05,0
20260882,70,500,15,3000,3000,3000,3000,"fast","control_informative",0.05,5,0.01,"","separate_mirage","trait2","bfdr_estimate",0.05,0
20260882,70,500,15,3000,3000,3000,3000,"fast","control_informative",0.05,5,0.01,"","separate_mirage","trait2","bfdr_power",0.05,0
20260882,70,500,15,3000,3000,3000,3000,"fast","control_informative",0.05,5,0.01,"","separate_mirage","trait2","bfdr_discoveries",0.05,0
20260882,70,500,15,3000,3000,3000,3000,"fast","control_informative",0.05,5,0.01,"","separate_mirage","trait2","bfdr_observed_fdp",0.1,0
20260882,70,500,15,3000,3000,3000,3000,"fast","control_informative",0.05,5,0.01,"","separate_mirage","trait2","bfdr_estimate",0.1,0
20260882,70,500,15,3000,3000,3000,3000,"fast","control_informative",0.05,5,0.01,"","separate_mirage","trait2","bfdr_power",0.1,0
20260882,70,500,15,3000,3000,3000,3000,"fast","control_informative",0.05,5,0.01,"","separate_mirage","trait2","bfdr_discoveries",0.1,0
20260882,70,500,15,3000,3000,3000,3000,"fast","control_informative",0.05,5,0.01,"","separate_mirage","trait2","bfdr_observed_fdp",0.2,0
20260882,70,500,15,3000,3000,3000,3000,"fast","control_informative",0.05,5,0.01,"","separate_mirage","trait2","bfdr_estimate",0.2,0
20260882,70,500,15,3000,3000,3000,3000,"fast","control_informative",0.05,5,0.01,"","separate_mirage","trait2","bfdr_power",0.2,0
20260882,70,500,15,3000,3000,3000,3000,"fast","control_informative",0.05,5,0.01,"","separate_mirage","trait2","bfdr_discoveries",0.2,0
20260882,70,500,15,3000,3000,3000,3000,"fast","control_informative",0.05,5,0.01,"","separate_mirage","pleiotropy","bfdr_observed_fdp",0.01,0
20260882,70,500,15,3000,3000,3000,3000,"fast","control_informative",0.05,5,0.01,"","separate_mirage","pleiotropy","bfdr_estimate",0.01,0
20260882,70,500,15,3000,3000,3000,3000,"fast","control_informative",0.05,5,0.01,"","separate_mirage","pleiotropy","bfdr_power",0.01,0
20260882,70,500,15,3000,3000,3000,3000,"fast","control_informative",0.05,5,0.01,"","separate_mirage","pleiotropy","bfdr_discoveries",0.01,0
20260882,70,500,15,3000,3000,3000,3000,"fast","control_informative",0.05,5,0.01,"","separate_mirage","pleiotropy","bfdr_observed_fdp",0.05,0
20260882,70,500,15,3000,3000,3000,3000,"fast","control_informative",0.05,5,0.01,"","separate_mirage","pleiotropy","bfdr_estimate",0.05,0
20260882,70,500,15,3000,3000,3000,3000,"fast","control_informative",0.05,5,0.01,"","separate_mirage","pleiotropy","bfdr_power",0.05,0
20260882,70,500,15,3000,3000,3000,3000,"fast","control_informative",0.05,5,0.01,"","separate_mirage","pleiotropy","bfdr_discoveries",0.05,0
20260882,70,500,15,3000,3000,3000,3000,"fast","control_informative",0.05,5,0.01,"","separate_mirage","pleiotropy","bfdr_observed_fdp",0.1,0
20260882,70,500,15,3000,3000,3000,3000,"fast","control_informative",0.05,5,0.01,"","separate_mirage","pleiotropy","bfdr_estimate",0.1,0
20260882,70,500,15,3000,3000,3000,3000,"fast","control_informative",0.05,5,0.01,"","separate_mirage","pleiotropy","bfdr_power",0.1,0
20260882,70,500,15,3000,3000,3000,3000,"fast","control_informative",0.05,5,0.01,"","separate_mirage","pleiotropy","bfdr_discoveries",0.1,0
20260882,70,500,15,3000,3000,3000,3000,"fast","control_informative",0.05,5,0.01,"","separate_mirage","pleiotropy","bfdr_observed_fdp",0.2,0
20260882,70,500,15,3000,3000,3000,3000,"fast","control_informative",0.05,5,0.01,"","separate_mirage","pleiotropy","bfdr_estimate",0.2,0
20260882,70,500,15,3000,3000,3000,3000,"fast","control_informative",0.05,5,0.01,"","separate_mirage","pleiotropy","bfdr_power",0.2,0
20260882,70,500,15,3000,3000,3000,3000,"fast","control_informative",0.05,5,0.01,"","separate_mirage","pleiotropy","bfdr_discoveries",0.2,0
20260882,70,500,15,3000,3000,3000,3000,"fast","control_informative",0.05,5,0.01,"","separate_mirage","global","runtime_seconds",NA,18.296
20260882,70,500,15,3000,3000,3000,3000,"fast","control_informative",0.05,5,0.01,"","separate_mirage","pleiotropy","pi11_estimate",NA,0.001
20260882,70,500,15,3000,3000,3000,3000,"fast","control_informative",0.05,5,0.01,"","mtada_aggregated","trait1","auc",NA,0.804631578947368
20260882,70,500,15,3000,3000,3000,3000,"fast","control_informative",0.05,5,0.01,"","mtada_aggregated","trait2","auc",NA,0.536938775510204
20260882,70,500,15,3000,3000,3000,3000,"fast","control_informative",0.05,5,0.01,"","mtada_aggregated","pleiotropy","auc",NA,0.716363636363636
20260882,70,500,15,3000,3000,3000,3000,"fast","control_informative",0.05,5,0.01,"","mtada_aggregated","trait1","pp08_power",0.8,0.36
20260882,70,500,15,3000,3000,3000,3000,"fast","control_informative",0.05,5,0.01,"","mtada_aggregated","trait1","pp08_fdp",0.8,0.816326530612245
20260882,70,500,15,3000,3000,3000,3000,"fast","control_informative",0.05,5,0.01,"","mtada_aggregated","trait1","pp08_discoveries",0.8,49
20260882,70,500,15,3000,3000,3000,3000,"fast","control_informative",0.05,5,0.01,"","mtada_aggregated","trait2","pp08_power",0.8,0
20260882,70,500,15,3000,3000,3000,3000,"fast","control_informative",0.05,5,0.01,"","mtada_aggregated","trait2","pp08_fdp",0.8,1
20260882,70,500,15,3000,3000,3000,3000,"fast","control_informative",0.05,5,0.01,"","mtada_aggregated","trait2","pp08_discoveries",0.8,35
20260882,70,500,15,3000,3000,3000,3000,"fast","control_informative",0.05,5,0.01,"","mtada_aggregated","pleiotropy","pp08_power",0.8,0
20260882,70,500,15,3000,3000,3000,3000,"fast","control_informative",0.05,5,0.01,"","mtada_aggregated","pleiotropy","pp08_fdp",0.8,1
20260882,70,500,15,3000,3000,3000,3000,"fast","control_informative",0.05,5,0.01,"","mtada_aggregated","pleiotropy","pp08_discoveries",0.8,6
20260882,70,500,15,3000,3000,3000,3000,"fast","control_informative",0.05,5,0.01,"","mtada_aggregated","trait1","bfdr_observed_fdp",0.01,0.804347826086957
20260882,70,500,15,3000,3000,3000,3000,"fast","control_informative",0.05,5,0.01,"","mtada_aggregated","trait1","bfdr_estimate",0.01,0.00962511402008802
20260882,70,500,15,3000,3000,3000,3000,"fast","control_informative",0.05,5,0.01,"","mtada_aggregated","trait1","bfdr_power",0.01,0.36
20260882,70,500,15,3000,3000,3000,3000,"fast","control_informative",0.05,5,0.01,"","mtada_aggregated","trait1","bfdr_discoveries",0.01,46
20260882,70,500,15,3000,3000,3000,3000,"fast","control_informative",0.05,5,0.01,"","mtada_aggregated","trait1","bfdr_observed_fdp",0.05,0.796296296296296
20260882,70,500,15,3000,3000,3000,3000,"fast","control_informative",0.05,5,0.01,"","mtada_aggregated","trait1","bfdr_estimate",0.05,0.0466195982686601
20260882,70,500,15,3000,3000,3000,3000,"fast","control_informative",0.05,5,0.01,"","mtada_aggregated","trait1","bfdr_power",0.05,0.44
20260882,70,500,15,3000,3000,3000,3000,"fast","control_informative",0.05,5,0.01,"","mtada_aggregated","trait1","bfdr_discoveries",0.05,54
20260882,70,500,15,3000,3000,3000,3000,"fast","control_informative",0.05,5,0.01,"","mtada_aggregated","trait1","bfdr_observed_fdp",0.1,0.8
20260882,70,500,15,3000,3000,3000,3000,"fast","control_informative",0.05,5,0.01,"","mtada_aggregated","trait1","bfdr_estimate",0.1,0.0920046634124595
20260882,70,500,15,3000,3000,3000,3000,"fast","control_informative",0.05,5,0.01,"","mtada_aggregated","trait1","bfdr_power",0.1,0.48
20260882,70,500,15,3000,3000,3000,3000,"fast","control_informative",0.05,5,0.01,"","mtada_aggregated","trait1","bfdr_discoveries",0.1,60
20260882,70,500,15,3000,3000,3000,3000,"fast","control_informative",0.05,5,0.01,"","mtada_aggregated","trait1","bfdr_observed_fdp",0.2,0.777777777777778
20260882,70,500,15,3000,3000,3000,3000,"fast","control_informative",0.05,5,0.01,"","mtada_aggregated","trait1","bfdr_estimate",0.2,0.196885225887972
20260882,70,500,15,3000,3000,3000,3000,"fast","control_informative",0.05,5,0.01,"","mtada_aggregated","trait1","bfdr_power",0.2,0.64
20260882,70,500,15,3000,3000,3000,3000,"fast","control_informative",0.05,5,0.01,"","mtada_aggregated","trait1","bfdr_discoveries",0.2,72
20260882,70,500,15,3000,3000,3000,3000,"fast","control_informative",0.05,5,0.01,"","mtada_aggregated","trait2","bfdr_observed_fdp",0.01,1
20260882,70,500,15,3000,3000,3000,3000,"fast","control_informative",0.05,5,0.01,"","mtada_aggregated","trait2","bfdr_estimate",0.01,0.00841483492758298
20260882,70,500,15,3000,3000,3000,3000,"fast","control_informative",0.05,5,0.01,"","mtada_aggregated","trait2","bfdr_power",0.01,0
20260882,70,500,15,3000,3000,3000,3000,"fast","control_informative",0.05,5,0.01,"","mtada_aggregated","trait2","bfdr_discoveries",0.01,30
20260882,70,500,15,3000,3000,3000,3000,"fast","control_informative",0.05,5,0.01,"","mtada_aggregated","trait2","bfdr_observed_fdp",0.05,1
20260882,70,500,15,3000,3000,3000,3000,"fast","control_informative",0.05,5,0.01,"","mtada_aggregated","trait2","bfdr_estimate",0.05,0.0469545528904814
20260882,70,500,15,3000,3000,3000,3000,"fast","control_informative",0.05,5,0.01,"","mtada_aggregated","trait2","bfdr_power",0.05,0
20260882,70,500,15,3000,3000,3000,3000,"fast","control_informative",0.05,5,0.01,"","mtada_aggregated","trait2","bfdr_discoveries",0.05,39
20260882,70,500,15,3000,3000,3000,3000,"fast","control_informative",0.05,5,0.01,"","mtada_aggregated","trait2","bfdr_observed_fdp",0.1,0.978260869565217
20260882,70,500,15,3000,3000,3000,3000,"fast","control_informative",0.05,5,0.01,"","mtada_aggregated","trait2","bfdr_estimate",0.1,0.0965869190517343
20260882,70,500,15,3000,3000,3000,3000,"fast","control_informative",0.05,5,0.01,"","mtada_aggregated","trait2","bfdr_power",0.1,0.1
20260882,70,500,15,3000,3000,3000,3000,"fast","control_informative",0.05,5,0.01,"","mtada_aggregated","trait2","bfdr_discoveries",0.1,46
20260882,70,500,15,3000,3000,3000,3000,"fast","control_informative",0.05,5,0.01,"","mtada_aggregated","trait2","bfdr_observed_fdp",0.2,0.982758620689655
20260882,70,500,15,3000,3000,3000,3000,"fast","control_informative",0.05,5,0.01,"","mtada_aggregated","trait2","bfdr_estimate",0.2,0.199915723315211
20260882,70,500,15,3000,3000,3000,3000,"fast","control_informative",0.05,5,0.01,"","mtada_aggregated","trait2","bfdr_power",0.2,0.1
20260882,70,500,15,3000,3000,3000,3000,"fast","control_informative",0.05,5,0.01,"","mtada_aggregated","trait2","bfdr_discoveries",0.2,58
20260882,70,500,15,3000,3000,3000,3000,"fast","control_informative",0.05,5,0.01,"","mtada_aggregated","pleiotropy","bfdr_observed_fdp",0.01,1
20260882,70,500,15,3000,3000,3000,3000,"fast","control_informative",0.05,5,0.01,"","mtada_aggregated","pleiotropy","bfdr_estimate",0.01,1.79443268022439e-08
20260882,70,500,15,3000,3000,3000,3000,"fast","control_informative",0.05,5,0.01,"","mtada_aggregated","pleiotropy","bfdr_power",0.01,0
20260882,70,500,15,3000,3000,3000,3000,"fast","control_informative",0.05,5,0.01,"","mtada_aggregated","pleiotropy","bfdr_discoveries",0.01,1
20260882,70,500,15,3000,3000,3000,3000,"fast","control_informative",0.05,5,0.01,"","mtada_aggregated","pleiotropy","bfdr_observed_fdp",0.05,1
20260882,70,500,15,3000,3000,3000,3000,"fast","control_informative",0.05,5,0.01,"","mtada_aggregated","pleiotropy","bfdr_estimate",0.05,0.0447401220620701
20260882,70,500,15,3000,3000,3000,3000,"fast","control_informative",0.05,5,0.01,"","mtada_aggregated","pleiotropy","bfdr_power",0.05,0
20260882,70,500,15,3000,3000,3000,3000,"fast","control_informative",0.05,5,0.01,"","mtada_aggregated","pleiotropy","bfdr_discoveries",0.05,4
20260882,70,500,15,3000,3000,3000,3000,"fast","control_informative",0.05,5,0.01,"","mtada_aggregated","pleiotropy","bfdr_observed_fdp",0.1,1
20260882,70,500,15,3000,3000,3000,3000,"fast","control_informative",0.05,5,0.01,"","mtada_aggregated","pleiotropy","bfdr_estimate",0.1,0.0865640728415466
20260882,70,500,15,3000,3000,3000,3000,"fast","control_informative",0.05,5,0.01,"","mtada_aggregated","pleiotropy","bfdr_power",0.1,0
20260882,70,500,15,3000,3000,3000,3000,"fast","control_informative",0.05,5,0.01,"","mtada_aggregated","pleiotropy","bfdr_discoveries",0.1,6
20260882,70,500,15,3000,3000,3000,3000,"fast","control_informative",0.05,5,0.01,"","mtada_aggregated","pleiotropy","bfdr_observed_fdp",0.2,1
20260882,70,500,15,3000,3000,3000,3000,"fast","control_informative",0.05,5,0.01,"","mtada_aggregated","pleiotropy","bfdr_estimate",0.2,0.171230073994577
20260882,70,500,15,3000,3000,3000,3000,"fast","control_informative",0.05,5,0.01,"","mtada_aggregated","pleiotropy","bfdr_power",0.2,0
20260882,70,500,15,3000,3000,3000,3000,"fast","control_informative",0.05,5,0.01,"","mtada_aggregated","pleiotropy","bfdr_discoveries",0.2,9
20260882,70,500,15,3000,3000,3000,3000,"fast","control_informative",0.05,5,0.01,"","mtada_aggregated","global","runtime_seconds",NA,0.702999999999975
20260882,70,500,15,3000,3000,3000,3000,"fast","control_informative",0.05,5,0.01,"","mtada_aggregated","pleiotropy","pi11_estimate",NA,0.00271949
20260883,71,500,15,3000,3000,3000,3000,"fast","control_informative",0.05,5,0.01,"","mirage_joint","trait1","auc",NA,0.724378947368421
20260883,71,500,15,3000,3000,3000,3000,"fast","control_informative",0.05,5,0.01,"","mirage_joint","trait2","auc",NA,0.64469387755102
20260883,71,500,15,3000,3000,3000,3000,"fast","control_informative",0.05,5,0.01,"","mirage_joint","pleiotropy","auc",NA,0.608080808080808
20260883,71,500,15,3000,3000,3000,3000,"fast","control_informative",0.05,5,0.01,"","mirage_joint","trait1","pp08_power",0.8,0.16
20260883,71,500,15,3000,3000,3000,3000,"fast","control_informative",0.05,5,0.01,"","mirage_joint","trait1","pp08_fdp",0.8,0.2
20260883,71,500,15,3000,3000,3000,3000,"fast","control_informative",0.05,5,0.01,"","mirage_joint","trait1","pp08_discoveries",0.8,5
20260883,71,500,15,3000,3000,3000,3000,"fast","control_informative",0.05,5,0.01,"","mirage_joint","trait2","pp08_power",0.8,0.1
20260883,71,500,15,3000,3000,3000,3000,"fast","control_informative",0.05,5,0.01,"","mirage_joint","trait2","pp08_fdp",0.8,0.666666666666667
20260883,71,500,15,3000,3000,3000,3000,"fast","control_informative",0.05,5,0.01,"","mirage_joint","trait2","pp08_discoveries",0.8,3
20260883,71,500,15,3000,3000,3000,3000,"fast","control_informative",0.05,5,0.01,"","mirage_joint","pleiotropy","pp08_power",0.8,0
20260883,71,500,15,3000,3000,3000,3000,"fast","control_informative",0.05,5,0.01,"","mirage_joint","pleiotropy","pp08_fdp",0.8,1
20260883,71,500,15,3000,3000,3000,3000,"fast","control_informative",0.05,5,0.01,"","mirage_joint","pleiotropy","pp08_discoveries",0.8,3
20260883,71,500,15,3000,3000,3000,3000,"fast","control_informative",0.05,5,0.01,"","mirage_joint","trait1","bfdr_observed_fdp",0.01,0
20260883,71,500,15,3000,3000,3000,3000,"fast","control_informative",0.05,5,0.01,"","mirage_joint","trait1","bfdr_estimate",0.01,0.000253171540187669
20260883,71,500,15,3000,3000,3000,3000,"fast","control_informative",0.05,5,0.01,"","mirage_joint","trait1","bfdr_power",0.01,0.04
20260883,71,500,15,3000,3000,3000,3000,"fast","control_informative",0.05,5,0.01,"","mirage_joint","trait1","bfdr_discoveries",0.01,1
20260883,71,500,15,3000,3000,3000,3000,"fast","control_informative",0.05,5,0.01,"","mirage_joint","trait1","bfdr_observed_fdp",0.05,0.25
20260883,71,500,15,3000,3000,3000,3000,"fast","control_informative",0.05,5,0.01,"","mirage_joint","trait1","bfdr_estimate",0.05,0.040821980196935
20260883,71,500,15,3000,3000,3000,3000,"fast","control_informative",0.05,5,0.01,"","mirage_joint","trait1","bfdr_power",0.05,0.12
20260883,71,500,15,3000,3000,3000,3000,"fast","control_informative",0.05,5,0.01,"","mirage_joint","trait1","bfdr_discoveries",0.05,4
20260883,71,500,15,3000,3000,3000,3000,"fast","control_informative",0.05,5,0.01,"","mirage_joint","trait1","bfdr_observed_fdp",0.1,0.166666666666667
20260883,71,500,15,3000,3000,3000,3000,"fast","control_informative",0.05,5,0.01,"","mirage_joint","trait1","bfdr_estimate",0.1,0.097882102423132
20260883,71,500,15,3000,3000,3000,3000,"fast","control_informative",0.05,5,0.01,"","mirage_joint","trait1","bfdr_power",0.1,0.2
20260883,71,500,15,3000,3000,3000,3000,"fast","control_informative",0.05,5,0.01,"","mirage_joint","trait1","bfdr_discoveries",0.1,6
20260883,71,500,15,3000,3000,3000,3000,"fast","control_informative",0.05,5,0.01,"","mirage_joint","trait1","bfdr_observed_fdp",0.2,0.375
20260883,71,500,15,3000,3000,3000,3000,"fast","control_informative",0.05,5,0.01,"","mirage_joint","trait1","bfdr_estimate",0.2,0.164590808102793
20260883,71,500,15,3000,3000,3000,3000,"fast","control_informative",0.05,5,0.01,"","mirage_joint","trait1","bfdr_power",0.2,0.2
20260883,71,500,15,3000,3000,3000,3000,"fast","control_informative",0.05,5,0.01,"","mirage_joint","trait1","bfdr_discoveries",0.2,8
20260883,71,500,15,3000,3000,3000,3000,"fast","control_informative",0.05,5,0.01,"","mirage_joint","trait2","bfdr_observed_fdp",0.01,0
20260883,71,500,15,3000,3000,3000,3000,"fast","control_informative",0.05,5,0.01,"","mirage_joint","trait2","bfdr_estimate",0.01,1.18063617515762e-06
20260883,71,500,15,3000,3000,3000,3000,"fast","control_informative",0.05,5,0.01,"","mirage_joint","trait2","bfdr_power",0.01,0.1
20260883,71,500,15,3000,3000,3000,3000,"fast","control_informative",0.05,5,0.01,"","mirage_joint","trait2","bfdr_discoveries",0.01,1
20260883,71,500,15,3000,3000,3000,3000,"fast","control_informative",0.05,5,0.01,"","mirage_joint","trait2","bfdr_observed_fdp",0.05,0.5
20260883,71,500,15,3000,3000,3000,3000,"fast","control_informative",0.05,5,0.01,"","mirage_joint","trait2","bfdr_estimate",0.05,0.0479019625252313
20260883,71,500,15,3000,3000,3000,3000,"fast","control_informative",0.05,5,0.01,"","mirage_joint","trait2","bfdr_power",0.05,0.1
20260883,71,500,15,3000,3000,3000,3000,"fast","control_informative",0.05,5,0.01,"","mirage_joint","trait2","bfdr_discoveries",0.05,2
20260883,71,500,15,3000,3000,3000,3000,"fast","control_informative",0.05,5,0.01,"","mirage_joint","trait2","bfdr_observed_fdp",0.1,0.666666666666667
20260883,71,500,15,3000,3000,3000,3000,"fast","control_informative",0.05,5,0.01,"","mirage_joint","trait2","bfdr_estimate",0.1,0.088274932257536
20260883,71,500,15,3000,3000,3000,3000,"fast","control_informative",0.05,5,0.01,"","mirage_joint","trait2","bfdr_power",0.1,0.1
20260883,71,500,15,3000,3000,3000,3000,"fast","control_informative",0.05,5,0.01,"","mirage_joint","trait2","bfdr_discoveries",0.1,3
20260883,71,500,15,3000,3000,3000,3000,"fast","control_informative",0.05,5,0.01,"","mirage_joint","trait2","bfdr_observed_fdp",0.2,0.714285714285714
20260883,71,500,15,3000,3000,3000,3000,"fast","control_informative",0.05,5,0.01,"","mirage_joint","trait2","bfdr_estimate",0.2,0.19757409382305
20260883,71,500,15,3000,3000,3000,3000,"fast","control_informative",0.05,5,0.01,"","mirage_joint","trait2","bfdr_power",0.2,0.2
20260883,71,500,15,3000,3000,3000,3000,"fast","control_informative",0.05,5,0.01,"","mirage_joint","trait2","bfdr_discoveries",0.2,7
20260883,71,500,15,3000,3000,3000,3000,"fast","control_informative",0.05,5,0.01,"","mirage_joint","pleiotropy","bfdr_observed_fdp",0.01,0
20260883,71,500,15,3000,3000,3000,3000,"fast","control_informative",0.05,5,0.01,"","mirage_joint","pleiotropy","bfdr_estimate",0.01,0
20260883,71,500,15,3000,3000,3000,3000,"fast","control_informative",0.05,5,0.01,"","mirage_joint","pleiotropy","bfdr_power",0.01,0
20260883,71,500,15,3000,3000,3000,3000,"fast","control_informative",0.05,5,0.01,"","mirage_joint","pleiotropy","bfdr_discoveries",0.01,0
20260883,71,500,15,3000,3000,3000,3000,"fast","control_informative",0.05,5,0.01,"","mirage_joint","pleiotropy","bfdr_observed_fdp",0.05,0
20260883,71,500,15,3000,3000,3000,3000,"fast","control_informative",0.05,5,0.01,"","mirage_joint","pleiotropy","bfdr_estimate",0.05,0
20260883,71,500,15,3000,3000,3000,3000,"fast","control_informative",0.05,5,0.01,"","mirage_joint","pleiotropy","bfdr_power",0.05,0
20260883,71,500,15,3000,3000,3000,3000,"fast","control_informative",0.05,5,0.01,"","mirage_joint","pleiotropy","bfdr_discoveries",0.05,0
20260883,71,500,15,3000,3000,3000,3000,"fast","control_informative",0.05,5,0.01,"","mirage_joint","pleiotropy","bfdr_observed_fdp",0.1,1
20260883,71,500,15,3000,3000,3000,3000,"fast","control_informative",0.05,5,0.01,"","mirage_joint","pleiotropy","bfdr_estimate",0.1,0.0794364131802188
20260883,71,500,15,3000,3000,3000,3000,"fast","control_informative",0.05,5,0.01,"","mirage_joint","pleiotropy","bfdr_power",0.1,0
20260883,71,500,15,3000,3000,3000,3000,"fast","control_informative",0.05,5,0.01,"","mirage_joint","pleiotropy","bfdr_discoveries",0.1,2
20260883,71,500,15,3000,3000,3000,3000,"fast","control_informative",0.05,5,0.01,"","mirage_joint","pleiotropy","bfdr_observed_fdp",0.2,0.833333333333333
20260883,71,500,15,3000,3000,3000,3000,"fast","control_informative",0.05,5,0.01,"","mirage_joint","pleiotropy","bfdr_estimate",0.2,0.187525249493857
20260883,71,500,15,3000,3000,3000,3000,"fast","control_informative",0.05,5,0.01,"","mirage_joint","pleiotropy","bfdr_power",0.2,0.2
20260883,71,500,15,3000,3000,3000,3000,"fast","control_informative",0.05,5,0.01,"","mirage_joint","pleiotropy","bfdr_discoveries",0.2,6
20260883,71,500,15,3000,3000,3000,3000,"fast","control_informative",0.05,5,0.01,"","mirage_joint","global","runtime_seconds",NA,19.048
20260883,71,500,15,3000,3000,3000,3000,"fast","control_informative",0.05,5,0.01,"","mirage_joint","pleiotropy","pi11_estimate",NA,0.0543986834695989
20260883,71,500,15,3000,3000,3000,3000,"fast","control_informative",0.05,5,0.01,"","separate_mirage","trait1","auc",NA,0.755368421052632
20260883,71,500,15,3000,3000,3000,3000,"fast","control_informative",0.05,5,0.01,"","separate_mirage","trait2","auc",NA,0.524897959183673
20260883,71,500,15,3000,3000,3000,3000,"fast","control_informative",0.05,5,0.01,"","separate_mirage","pleiotropy","auc",NA,0.633131313131313
20260883,71,500,15,3000,3000,3000,3000,"fast","control_informative",0.05,5,0.01,"","separate_mirage","trait1","pp08_power",0.8,0.12
20260883,71,500,15,3000,3000,3000,3000,"fast","control_informative",0.05,5,0.01,"","separate_mirage","trait1","pp08_fdp",0.8,0
20260883,71,500,15,3000,3000,3000,3000,"fast","control_informative",0.05,5,0.01,"","separate_mirage","trait1","pp08_discoveries",0.8,3
20260883,71,500,15,3000,3000,3000,3000,"fast","control_informative",0.05,5,0.01,"","separate_mirage","trait2","pp08_power",0.8,0.1
20260883,71,500,15,3000,3000,3000,3000,"fast","control_informative",0.05,5,0.01,"","separate_mirage","trait2","pp08_fdp",0.8,0
20260883,71,500,15,3000,3000,3000,3000,"fast","control_informative",0.05,5,0.01,"","separate_mirage","trait2","pp08_discoveries",0.8,1
20260883,71,500,15,3000,3000,3000,3000,"fast","control_informative",0.05,5,0.01,"","separate_mirage","pleiotropy","pp08_power",0.8,0
20260883,71,500,15,3000,3000,3000,3000,"fast","control_informative",0.05,5,0.01,"","separate_mirage","pleiotropy","pp08_fdp",0.8,0
20260883,71,500,15,3000,3000,3000,3000,"fast","control_informative",0.05,5,0.01,"","separate_mirage","pleiotropy","pp08_discoveries",0.8,0
20260883,71,500,15,3000,3000,3000,3000,"fast","control_informative",0.05,5,0.01,"","separate_mirage","trait1","bfdr_observed_fdp",0.01,0
20260883,71,500,15,3000,3000,3000,3000,"fast","control_informative",0.05,5,0.01,"","separate_mirage","trait1","bfdr_estimate",0.01,0.00696332820711604
20260883,71,500,15,3000,3000,3000,3000,"fast","control_informative",0.05,5,0.01,"","separate_mirage","trait1","bfdr_power",0.01,0.08
20260883,71,500,15,3000,3000,3000,3000,"fast","control_informative",0.05,5,0.01,"","separate_mirage","trait1","bfdr_discoveries",0.01,2
20260883,71,500,15,3000,3000,3000,3000,"fast","control_informative",0.05,5,0.01,"","separate_mirage","trait1","bfdr_observed_fdp",0.05,0
20260883,71,500,15,3000,3000,3000,3000,"fast","control_informative",0.05,5,0.01,"","separate_mirage","trait1","bfdr_estimate",0.05,0.00696332820711604
20260883,71,500,15,3000,3000,3000,3000,"fast","control_informative",0.05,5,0.01,"","separate_mirage","trait1","bfdr_power",0.05,0.08
20260883,71,500,15,3000,3000,3000,3000,"fast","control_informative",0.05,5,0.01,"","separate_mirage","trait1","bfdr_discoveries",0.05,2
20260883,71,500,15,3000,3000,3000,3000,"fast","control_informative",0.05,5,0.01,"","separate_mirage","trait1","bfdr_observed_fdp",0.1,0
20260883,71,500,15,3000,3000,3000,3000,"fast","control_informative",0.05,5,0.01,"","separate_mirage","trait1","bfdr_estimate",0.1,0.0501205142524091
20260883,71,500,15,3000,3000,3000,3000,"fast","control_informative",0.05,5,0.01,"","separate_mirage","trait1","bfdr_power",0.1,0.12
20260883,71,500,15,3000,3000,3000,3000,"fast","control_informative",0.05,5,0.01,"","separate_mirage","trait1","bfdr_discoveries",0.1,3
20260883,71,500,15,3000,3000,3000,3000,"fast","control_informative",0.05,5,0.01,"","separate_mirage","trait1","bfdr_observed_fdp",0.2,0
20260883,71,500,15,3000,3000,3000,3000,"fast","control_informative",0.05,5,0.01,"","separate_mirage","trait1","bfdr_estimate",0.2,0.136154210599443
20260883,71,500,15,3000,3000,3000,3000,"fast","control_informative",0.05,5,0.01,"","separate_mirage","trait1","bfdr_power",0.2,0.2
20260883,71,500,15,3000,3000,3000,3000,"fast","control_informative",0.05,5,0.01,"","separate_mirage","trait1","bfdr_discoveries",0.2,5
20260883,71,500,15,3000,3000,3000,3000,"fast","control_informative",0.05,5,0.01,"","separate_mirage","trait2","bfdr_observed_fdp",0.01,0
20260883,71,500,15,3000,3000,3000,3000,"fast","control_informative",0.05,5,0.01,"","separate_mirage","trait2","bfdr_estimate",0.01,5.40284855699014e-06
20260883,71,500,15,3000,3000,3000,3000,"fast","control_informative",0.05,5,0.01,"","separate_mirage","trait2","bfdr_power",0.01,0.1
20260883,71,500,15,3000,3000,3000,3000,"fast","control_informative",0.05,5,0.01,"","separate_mirage","trait2","bfdr_discoveries",0.01,1
20260883,71,500,15,3000,3000,3000,3000,"fast","control_informative",0.05,5,0.01,"","separate_mirage","trait2","bfdr_observed_fdp",0.05,0
20260883,71,500,15,3000,3000,3000,3000,"fast","control_informative",0.05,5,0.01,"","separate_mirage","trait2","bfdr_estimate",0.05,5.40284855699014e-06
20260883,71,500,15,3000,3000,3000,3000,"fast","control_informative",0.05,5,0.01,"","separate_mirage","trait2","bfdr_power",0.05,0.1
20260883,71,500,15,3000,3000,3000,3000,"fast","control_informative",0.05,5,0.01,"","separate_mirage","trait2","bfdr_discoveries",0.05,1
20260883,71,500,15,3000,3000,3000,3000,"fast","control_informative",0.05,5,0.01,"","separate_mirage","trait2","bfdr_observed_fdp",0.1,0
20260883,71,500,15,3000,3000,3000,3000,"fast","control_informative",0.05,5,0.01,"","separate_mirage","trait2","bfdr_estimate",0.1,5.40284855699014e-06
20260883,71,500,15,3000,3000,3000,3000,"fast","control_informative",0.05,5,0.01,"","separate_mirage","trait2","bfdr_power",0.1,0.1
20260883,71,500,15,3000,3000,3000,3000,"fast","control_informative",0.05,5,0.01,"","separate_mirage","trait2","bfdr_discoveries",0.1,1
20260883,71,500,15,3000,3000,3000,3000,"fast","control_informative",0.05,5,0.01,"","separate_mirage","trait2","bfdr_observed_fdp",0.2,0.5
20260883,71,500,15,3000,3000,3000,3000,"fast","control_informative",0.05,5,0.01,"","separate_mirage","trait2","bfdr_estimate",0.2,0.191300038836021
20260883,71,500,15,3000,3000,3000,3000,"fast","control_informative",0.05,5,0.01,"","separate_mirage","trait2","bfdr_power",0.2,0.1
20260883,71,500,15,3000,3000,3000,3000,"fast","control_informative",0.05,5,0.01,"","separate_mirage","trait2","bfdr_discoveries",0.2,2
20260883,71,500,15,3000,3000,3000,3000,"fast","control_informative",0.05,5,0.01,"","separate_mirage","pleiotropy","bfdr_observed_fdp",0.01,0
20260883,71,500,15,3000,3000,3000,3000,"fast","control_informative",0.05,5,0.01,"","separate_mirage","pleiotropy","bfdr_estimate",0.01,0
20260883,71,500,15,3000,3000,3000,3000,"fast","control_informative",0.05,5,0.01,"","separate_mirage","pleiotropy","bfdr_power",0.01,0
20260883,71,500,15,3000,3000,3000,3000,"fast","control_informative",0.05,5,0.01,"","separate_mirage","pleiotropy","bfdr_discoveries",0.01,0
20260883,71,500,15,3000,3000,3000,3000,"fast","control_informative",0.05,5,0.01,"","separate_mirage","pleiotropy","bfdr_observed_fdp",0.05,0
20260883,71,500,15,3000,3000,3000,3000,"fast","control_informative",0.05,5,0.01,"","separate_mirage","pleiotropy","bfdr_estimate",0.05,0
20260883,71,500,15,3000,3000,3000,3000,"fast","control_informative",0.05,5,0.01,"","separate_mirage","pleiotropy","bfdr_power",0.05,0
20260883,71,500,15,3000,3000,3000,3000,"fast","control_informative",0.05,5,0.01,"","separate_mirage","pleiotropy","bfdr_discoveries",0.05,0
20260883,71,500,15,3000,3000,3000,3000,"fast","control_informative",0.05,5,0.01,"","separate_mirage","pleiotropy","bfdr_observed_fdp",0.1,0
20260883,71,500,15,3000,3000,3000,3000,"fast","control_informative",0.05,5,0.01,"","separate_mirage","pleiotropy","bfdr_estimate",0.1,0
20260883,71,500,15,3000,3000,3000,3000,"fast","control_informative",0.05,5,0.01,"","separate_mirage","pleiotropy","bfdr_power",0.1,0
20260883,71,500,15,3000,3000,3000,3000,"fast","control_informative",0.05,5,0.01,"","separate_mirage","pleiotropy","bfdr_discoveries",0.1,0
20260883,71,500,15,3000,3000,3000,3000,"fast","control_informative",0.05,5,0.01,"","separate_mirage","pleiotropy","bfdr_observed_fdp",0.2,0
20260883,71,500,15,3000,3000,3000,3000,"fast","control_informative",0.05,5,0.01,"","separate_mirage","pleiotropy","bfdr_estimate",0.2,0
20260883,71,500,15,3000,3000,3000,3000,"fast","control_informative",0.05,5,0.01,"","separate_mirage","pleiotropy","bfdr_power",0.2,0
20260883,71,500,15,3000,3000,3000,3000,"fast","control_informative",0.05,5,0.01,"","separate_mirage","pleiotropy","bfdr_discoveries",0.2,0
20260883,71,500,15,3000,3000,3000,3000,"fast","control_informative",0.05,5,0.01,"","separate_mirage","global","runtime_seconds",NA,18.3809999999999
20260883,71,500,15,3000,3000,3000,3000,"fast","control_informative",0.05,5,0.01,"","separate_mirage","pleiotropy","pi11_estimate",NA,0.001
20260883,71,500,15,3000,3000,3000,3000,"fast","control_informative",0.05,5,0.01,"","mtada_aggregated","trait1","auc",NA,0.78181052631579
20260883,71,500,15,3000,3000,3000,3000,"fast","control_informative",0.05,5,0.01,"","mtada_aggregated","trait2","auc",NA,0.751020408163265
20260883,71,500,15,3000,3000,3000,3000,"fast","control_informative",0.05,5,0.01,"","mtada_aggregated","pleiotropy","auc",NA,0.722424242424242
20260883,71,500,15,3000,3000,3000,3000,"fast","control_informative",0.05,5,0.01,"","mtada_aggregated","trait1","pp08_power",0.8,0.36
20260883,71,500,15,3000,3000,3000,3000,"fast","control_informative",0.05,5,0.01,"","mtada_aggregated","trait1","pp08_fdp",0.8,0.830188679245283
20260883,71,500,15,3000,3000,3000,3000,"fast","control_informative",0.05,5,0.01,"","mtada_aggregated","trait1","pp08_discoveries",0.8,53
20260883,71,500,15,3000,3000,3000,3000,"fast","control_informative",0.05,5,0.01,"","mtada_aggregated","trait2","pp08_power",0.8,0.2
20260883,71,500,15,3000,3000,3000,3000,"fast","control_informative",0.05,5,0.01,"","mtada_aggregated","trait2","pp08_fdp",0.8,0.957446808510638
20260883,71,500,15,3000,3000,3000,3000,"fast","control_informative",0.05,5,0.01,"","mtada_aggregated","trait2","pp08_discoveries",0.8,47
20260883,71,500,15,3000,3000,3000,3000,"fast","control_informative",0.05,5,0.01,"","mtada_aggregated","pleiotropy","pp08_power",0.8,0
20260883,71,500,15,3000,3000,3000,3000,"fast","control_informative",0.05,5,0.01,"","mtada_aggregated","pleiotropy","pp08_fdp",0.8,1
20260883,71,500,15,3000,3000,3000,3000,"fast","control_informative",0.05,5,0.01,"","mtada_aggregated","pleiotropy","pp08_discoveries",0.8,7
20260883,71,500,15,3000,3000,3000,3000,"fast","control_informative",0.05,5,0.01,"","mtada_aggregated","trait1","bfdr_observed_fdp",0.01,0.822222222222222
20260883,71,500,15,3000,3000,3000,3000,"fast","control_informative",0.05,5,0.01,"","mtada_aggregated","trait1","bfdr_estimate",0.01,0.00865204161917198
20260883,71,500,15,3000,3000,3000,3000,"fast","control_informative",0.05,5,0.01,"","mtada_aggregated","trait1","bfdr_power",0.01,0.32
20260883,71,500,15,3000,3000,3000,3000,"fast","control_informative",0.05,5,0.01,"","mtada_aggregated","trait1","bfdr_discoveries",0.01,45
20260883,71,500,15,3000,3000,3000,3000,"fast","control_informative",0.05,5,0.01,"","mtada_aggregated","trait1","bfdr_observed_fdp",0.05,0.844827586206897
20260883,71,500,15,3000,3000,3000,3000,"fast","control_informative",0.05,5,0.01,"","mtada_aggregated","trait1","bfdr_estimate",0.05,0.0487424173574022
20260883,71,500,15,3000,3000,3000,3000,"fast","control_informative",0.05,5,0.01,"","mtada_aggregated","trait1","bfdr_power",0.05,0.36
20260883,71,500,15,3000,3000,3000,3000,"fast","control_informative",0.05,5,0.01,"","mtada_aggregated","trait1","bfdr_discoveries",0.05,58
20260883,71,500,15,3000,3000,3000,3000,"fast","control_informative",0.05,5,0.01,"","mtada_aggregated","trait1","bfdr_observed_fdp",0.1,0.861538461538462
20260883,71,500,15,3000,3000,3000,3000,"fast","control_informative",0.05,5,0.01,"","mtada_aggregated","trait1","bfdr_estimate",0.1,0.0934882090096556
20260883,71,500,15,3000,3000,3000,3000,"fast","control_informative",0.05,5,0.01,"","mtada_aggregated","trait1","bfdr_power",0.1,0.36
20260883,71,500,15,3000,3000,3000,3000,"fast","control_informative",0.05,5,0.01,"","mtada_aggregated","trait1","bfdr_discoveries",0.1,65
20260883,71,500,15,3000,3000,3000,3000,"fast","control_informative",0.05,5,0.01,"","mtada_aggregated","trait1","bfdr_observed_fdp",0.2,0.87012987012987
20260883,71,500,15,3000,3000,3000,3000,"fast","control_informative",0.05,5,0.01,"","mtada_aggregated","trait1","bfdr_estimate",0.2,0.198580997510256
20260883,71,500,15,3000,3000,3000,3000,"fast","control_informative",0.05,5,0.01,"","mtada_aggregated","trait1","bfdr_power",0.2,0.4
20260883,71,500,15,3000,3000,3000,3000,"fast","control_informative",0.05,5,0.01,"","mtada_aggregated","trait1","bfdr_discoveries",0.2,77
20260883,71,500,15,3000,3000,3000,3000,"fast","control_informative",0.05,5,0.01,"","mtada_aggregated","trait2","bfdr_observed_fdp",0.01,0.954545454545455
20260883,71,500,15,3000,3000,3000,3000,"fast","control_informative",0.05,5,0.01,"","mtada_aggregated","trait2","bfdr_estimate",0.01,0.00978348623535446
20260883,71,500,15,3000,3000,3000,3000,"fast","control_informative",0.05,5,0.01,"","mtada_aggregated","trait2","bfdr_power",0.01,0.2
20260883,71,500,15,3000,3000,3000,3000,"fast","control_informative",0.05,5,0.01,"","mtada_aggregated","trait2","bfdr_discoveries",0.01,44
20260883,71,500,15,3000,3000,3000,3000,"fast","control_informative",0.05,5,0.01,"","mtada_aggregated","trait2","bfdr_observed_fdp",0.05,0.943396226415094
20260883,71,500,15,3000,3000,3000,3000,"fast","control_informative",0.05,5,0.01,"","mtada_aggregated","trait2","bfdr_estimate",0.05,0.0475570890165751
20260883,71,500,15,3000,3000,3000,3000,"fast","control_informative",0.05,5,0.01,"","mtada_aggregated","trait2","bfdr_power",0.05,0.3
20260883,71,500,15,3000,3000,3000,3000,"fast","control_informative",0.05,5,0.01,"","mtada_aggregated","trait2","bfdr_discoveries",0.05,53
20260883,71,500,15,3000,3000,3000,3000,"fast","control_informative",0.05,5,0.01,"","mtada_aggregated","trait2","bfdr_observed_fdp",0.1,0.948275862068966
20260883,71,500,15,3000,3000,3000,3000,"fast","control_informative",0.05,5,0.01,"","mtada_aggregated","trait2","bfdr_estimate",0.1,0.0941358802219235
20260883,71,500,15,3000,3000,3000,3000,"fast","control_informative",0.05,5,0.01,"","mtada_aggregated","trait2","bfdr_power",0.1,0.3
20260883,71,500,15,3000,3000,3000,3000,"fast","control_informative",0.05,5,0.01,"","mtada_aggregated","trait2","bfdr_discoveries",0.1,58
20260883,71,500,15,3000,3000,3000,3000,"fast","control_informative",0.05,5,0.01,"","mtada_aggregated","trait2","bfdr_observed_fdp",0.2,0.955882352941177
20260883,71,500,15,3000,3000,3000,3000,"fast","control_informative",0.05,5,0.01,"","mtada_aggregated","trait2","bfdr_estimate",0.2,0.1969138354845
20260883,71,500,15,3000,3000,3000,3000,"fast","control_informative",0.05,5,0.01,"","mtada_aggregated","trait2","bfdr_power",0.2,0.3
20260883,71,500,15,3000,3000,3000,3000,"fast","control_informative",0.05,5,0.01,"","mtada_aggregated","trait2","bfdr_discoveries",0.2,68
20260883,71,500,15,3000,3000,3000,3000,"fast","control_informative",0.05,5,0.01,"","mtada_aggregated","pleiotropy","bfdr_observed_fdp",0.01,1
20260883,71,500,15,3000,3000,3000,3000,"fast","control_informative",0.05,5,0.01,"","mtada_aggregated","pleiotropy","bfdr_estimate",0.01,0.00436752650548352
20260883,71,500,15,3000,3000,3000,3000,"fast","control_informative",0.05,5,0.01,"","mtada_aggregated","pleiotropy","bfdr_power",0.01,0
20260883,71,500,15,3000,3000,3000,3000,"fast","control_informative",0.05,5,0.01,"","mtada_aggregated","pleiotropy","bfdr_discoveries",0.01,6
20260883,71,500,15,3000,3000,3000,3000,"fast","control_informative",0.05,5,0.01,"","mtada_aggregated","pleiotropy","bfdr_observed_fdp",0.05,1
20260883,71,500,15,3000,3000,3000,3000,"fast","control_informative",0.05,5,0.01,"","mtada_aggregated","pleiotropy","bfdr_estimate",0.05,0.0223639912874447
20260883,71,500,15,3000,3000,3000,3000,"fast","control_informative",0.05,5,0.01,"","mtada_aggregated","pleiotropy","bfdr_power",0.05,0
20260883,71,500,15,3000,3000,3000,3000,"fast","control_informative",0.05,5,0.01,"","mtada_aggregated","pleiotropy","bfdr_discoveries",0.05,7
20260883,71,500,15,3000,3000,3000,3000,"fast","control_informative",0.05,5,0.01,"","mtada_aggregated","pleiotropy","bfdr_observed_fdp",0.1,1
20260883,71,500,15,3000,3000,3000,3000,"fast","control_informative",0.05,5,0.01,"","mtada_aggregated","pleiotropy","bfdr_estimate",0.1,0.0812293488562305
20260883,71,500,15,3000,3000,3000,3000,"fast","control_informative",0.05,5,0.01,"","mtada_aggregated","pleiotropy","bfdr_power",0.1,0
20260883,71,500,15,3000,3000,3000,3000,"fast","control_informative",0.05,5,0.01,"","mtada_aggregated","pleiotropy","bfdr_discoveries",0.1,8
20260883,71,500,15,3000,3000,3000,3000,"fast","control_informative",0.05,5,0.01,"","mtada_aggregated","pleiotropy","bfdr_observed_fdp",0.2,1
20260883,71,500,15,3000,3000,3000,3000,"fast","control_informative",0.05,5,0.01,"","mtada_aggregated","pleiotropy","bfdr_estimate",0.2,0.149220284512715
20260883,71,500,15,3000,3000,3000,3000,"fast","control_informative",0.05,5,0.01,"","mtada_aggregated","pleiotropy","bfdr_power",0.2,0
20260883,71,500,15,3000,3000,3000,3000,"fast","control_informative",0.05,5,0.01,"","mtada_aggregated","pleiotropy","bfdr_discoveries",0.2,9
20260883,71,500,15,3000,3000,3000,3000,"fast","control_informative",0.05,5,0.01,"","mtada_aggregated","global","runtime_seconds",NA,0.751999999999953
20260883,71,500,15,3000,3000,3000,3000,"fast","control_informative",0.05,5,0.01,"","mtada_aggregated","pleiotropy","pi11_estimate",NA,0.00280324
20260884,72,500,15,3000,3000,3000,3000,"fast","control_informative",0.05,5,0.01,"","mirage_joint","trait1","auc",NA,0.811115789473684
20260884,72,500,15,3000,3000,3000,3000,"fast","control_informative",0.05,5,0.01,"","mirage_joint","trait2","auc",NA,0.68530612244898
20260884,72,500,15,3000,3000,3000,3000,"fast","control_informative",0.05,5,0.01,"","mirage_joint","pleiotropy","auc",NA,0.525252525252525
20260884,72,500,15,3000,3000,3000,3000,"fast","control_informative",0.05,5,0.01,"","mirage_joint","trait1","pp08_power",0.8,0.24
20260884,72,500,15,3000,3000,3000,3000,"fast","control_informative",0.05,5,0.01,"","mirage_joint","trait1","pp08_fdp",0.8,0.142857142857143
20260884,72,500,15,3000,3000,3000,3000,"fast","control_informative",0.05,5,0.01,"","mirage_joint","trait1","pp08_discoveries",0.8,7
20260884,72,500,15,3000,3000,3000,3000,"fast","control_informative",0.05,5,0.01,"","mirage_joint","trait2","pp08_power",0.8,0.1
20260884,72,500,15,3000,3000,3000,3000,"fast","control_informative",0.05,5,0.01,"","mirage_joint","trait2","pp08_fdp",0.8,0
20260884,72,500,15,3000,3000,3000,3000,"fast","control_informative",0.05,5,0.01,"","mirage_joint","trait2","pp08_discoveries",0.8,1
20260884,72,500,15,3000,3000,3000,3000,"fast","control_informative",0.05,5,0.01,"","mirage_joint","pleiotropy","pp08_power",0.8,0
20260884,72,500,15,3000,3000,3000,3000,"fast","control_informative",0.05,5,0.01,"","mirage_joint","pleiotropy","pp08_fdp",0.8,0
20260884,72,500,15,3000,3000,3000,3000,"fast","control_informative",0.05,5,0.01,"","mirage_joint","pleiotropy","pp08_discoveries",0.8,0
20260884,72,500,15,3000,3000,3000,3000,"fast","control_informative",0.05,5,0.01,"","mirage_joint","trait1","bfdr_observed_fdp",0.01,0
20260884,72,500,15,3000,3000,3000,3000,"fast","control_informative",0.05,5,0.01,"","mirage_joint","trait1","bfdr_estimate",0.01,0.00183996848065537
20260884,72,500,15,3000,3000,3000,3000,"fast","control_informative",0.05,5,0.01,"","mirage_joint","trait1","bfdr_power",0.01,0.12
20260884,72,500,15,3000,3000,3000,3000,"fast","control_informative",0.05,5,0.01,"","mirage_joint","trait1","bfdr_discoveries",0.01,3
20260884,72,500,15,3000,3000,3000,3000,"fast","control_informative",0.05,5,0.01,"","mirage_joint","trait1","bfdr_observed_fdp",0.05,0.166666666666667
20260884,72,500,15,3000,3000,3000,3000,"fast","control_informative",0.05,5,0.01,"","mirage_joint","trait1","bfdr_estimate",0.05,0.0396792782742357
20260884,72,500,15,3000,3000,3000,3000,"fast","control_informative",0.05,5,0.01,"","mirage_joint","trait1","bfdr_power",0.05,0.2
20260884,72,500,15,3000,3000,3000,3000,"fast","control_informative",0.05,5,0.01,"","mirage_joint","trait1","bfdr_discoveries",0.05,6
20260884,72,500,15,3000,3000,3000,3000,"fast","control_informative",0.05,5,0.01,"","mirage_joint","trait1","bfdr_observed_fdp",0.1,0.222222222222222
20260884,72,500,15,3000,3000,3000,3000,"fast","control_informative",0.05,5,0.01,"","mirage_joint","trait1","bfdr_estimate",0.1,0.0980715149301948
20260884,72,500,15,3000,3000,3000,3000,"fast","control_informative",0.05,5,0.01,"","mirage_joint","trait1","bfdr_power",0.1,0.28
20260884,72,500,15,3000,3000,3000,3000,"fast","control_informative",0.05,5,0.01,"","mirage_joint","trait1","bfdr_discoveries",0.1,9
20260884,72,500,15,3000,3000,3000,3000,"fast","control_informative",0.05,5,0.01,"","mirage_joint","trait1","bfdr_observed_fdp",0.2,0.466666666666667
20260884,72,500,15,3000,3000,3000,3000,"fast","control_informative",0.05,5,0.01,"","mirage_joint","trait1","bfdr_estimate",0.2,0.191601085595638
20260884,72,500,15,3000,3000,3000,3000,"fast","control_informative",0.05,5,0.01,"","mirage_joint","trait1","bfdr_power",0.2,0.32
20260884,72,500,15,3000,3000,3000,3000,"fast","control_informative",0.05,5,0.01,"","mirage_joint","trait1","bfdr_discoveries",0.2,15
20260884,72,500,15,3000,3000,3000,3000,"fast","control_informative",0.05,5,0.01,"","mirage_joint","trait2","bfdr_observed_fdp",0.01,0
20260884,72,500,15,3000,3000,3000,3000,"fast","control_informative",0.05,5,0.01,"","mirage_joint","trait2","bfdr_estimate",0.01,3.69528296850774e-09
20260884,72,500,15,3000,3000,3000,3000,"fast","control_informative",0.05,5,0.01,"","mirage_joint","trait2","bfdr_power",0.01,0.1
20260884,72,500,15,3000,3000,3000,3000,"fast","control_informative",0.05,5,0.01,"","mirage_joint","trait2","bfdr_discoveries",0.01,1
20260884,72,500,15,3000,3000,3000,3000,"fast","control_informative",0.05,5,0.01,"","mirage_joint","trait2","bfdr_observed_fdp",0.05,0
20260884,72,500,15,3000,3000,3000,3000,"fast","control_informative",0.05,5,0.01,"","mirage_joint","trait2","bfdr_estimate",0.05,3.69528296850774e-09
20260884,72,500,15,3000,3000,3000,3000,"fast","control_informative",0.05,5,0.01,"","mirage_joint","trait2","bfdr_power",0.05,0.1
20260884,72,500,15,3000,3000,3000,3000,"fast","control_informative",0.05,5,0.01,"","mirage_joint","trait2","bfdr_discoveries",0.05,1
20260884,72,500,15,3000,3000,3000,3000,"fast","control_informative",0.05,5,0.01,"","mirage_joint","trait2","bfdr_observed_fdp",0.1,0
20260884,72,500,15,3000,3000,3000,3000,"fast","control_informative",0.05,5,0.01,"","mirage_joint","trait2","bfdr_estimate",0.1,3.69528296850774e-09
20260884,72,500,15,3000,3000,3000,3000,"fast","control_informative",0.05,5,0.01,"","mirage_joint","trait2","bfdr_power",0.1,0.1
20260884,72,500,15,3000,3000,3000,3000,"fast","control_informative",0.05,5,0.01,"","mirage_joint","trait2","bfdr_discoveries",0.1,1
20260884,72,500,15,3000,3000,3000,3000,"fast","control_informative",0.05,5,0.01,"","mirage_joint","trait2","bfdr_observed_fdp",0.2,0
20260884,72,500,15,3000,3000,3000,3000,"fast","control_informative",0.05,5,0.01,"","mirage_joint","trait2","bfdr_estimate",0.2,0.160187463139625
20260884,72,500,15,3000,3000,3000,3000,"fast","control_informative",0.05,5,0.01,"","mirage_joint","trait2","bfdr_power",0.2,0.2
20260884,72,500,15,3000,3000,3000,3000,"fast","control_informative",0.05,5,0.01,"","mirage_joint","trait2","bfdr_discoveries",0.2,2
20260884,72,500,15,3000,3000,3000,3000,"fast","control_informative",0.05,5,0.01,"","mirage_joint","pleiotropy","bfdr_observed_fdp",0.01,0
20260884,72,500,15,3000,3000,3000,3000,"fast","control_informative",0.05,5,0.01,"","mirage_joint","pleiotropy","bfdr_estimate",0.01,0
20260884,72,500,15,3000,3000,3000,3000,"fast","control_informative",0.05,5,0.01,"","mirage_joint","pleiotropy","bfdr_power",0.01,0
20260884,72,500,15,3000,3000,3000,3000,"fast","control_informative",0.05,5,0.01,"","mirage_joint","pleiotropy","bfdr_discoveries",0.01,0
20260884,72,500,15,3000,3000,3000,3000,"fast","control_informative",0.05,5,0.01,"","mirage_joint","pleiotropy","bfdr_observed_fdp",0.05,0
20260884,72,500,15,3000,3000,3000,3000,"fast","control_informative",0.05,5,0.01,"","mirage_joint","pleiotropy","bfdr_estimate",0.05,0
20260884,72,500,15,3000,3000,3000,3000,"fast","control_informative",0.05,5,0.01,"","mirage_joint","pleiotropy","bfdr_power",0.05,0
20260884,72,500,15,3000,3000,3000,3000,"fast","control_informative",0.05,5,0.01,"","mirage_joint","pleiotropy","bfdr_discoveries",0.05,0
20260884,72,500,15,3000,3000,3000,3000,"fast","control_informative",0.05,5,0.01,"","mirage_joint","pleiotropy","bfdr_observed_fdp",0.1,0
20260884,72,500,15,3000,3000,3000,3000,"fast","control_informative",0.05,5,0.01,"","mirage_joint","pleiotropy","bfdr_estimate",0.1,0
20260884,72,500,15,3000,3000,3000,3000,"fast","control_informative",0.05,5,0.01,"","mirage_joint","pleiotropy","bfdr_power",0.1,0
20260884,72,500,15,3000,3000,3000,3000,"fast","control_informative",0.05,5,0.01,"","mirage_joint","pleiotropy","bfdr_discoveries",0.1,0
20260884,72,500,15,3000,3000,3000,3000,"fast","control_informative",0.05,5,0.01,"","mirage_joint","pleiotropy","bfdr_observed_fdp",0.2,0
20260884,72,500,15,3000,3000,3000,3000,"fast","control_informative",0.05,5,0.01,"","mirage_joint","pleiotropy","bfdr_estimate",0.2,0
20260884,72,500,15,3000,3000,3000,3000,"fast","control_informative",0.05,5,0.01,"","mirage_joint","pleiotropy","bfdr_power",0.2,0
20260884,72,500,15,3000,3000,3000,3000,"fast","control_informative",0.05,5,0.01,"","mirage_joint","pleiotropy","bfdr_discoveries",0.2,0
20260884,72,500,15,3000,3000,3000,3000,"fast","control_informative",0.05,5,0.01,"","mirage_joint","global","runtime_seconds",NA,19.2730000000001
20260884,72,500,15,3000,3000,3000,3000,"fast","control_informative",0.05,5,0.01,"","mirage_joint","pleiotropy","pi11_estimate",NA,0.0697899268512084
20260884,72,500,15,3000,3000,3000,3000,"fast","control_informative",0.05,5,0.01,"","separate_mirage","trait1","auc",NA,0.813305263157895
20260884,72,500,15,3000,3000,3000,3000,"fast","control_informative",0.05,5,0.01,"","separate_mirage","trait2","auc",NA,0.662244897959184
20260884,72,500,15,3000,3000,3000,3000,"fast","control_informative",0.05,5,0.01,"","separate_mirage","pleiotropy","auc",NA,0.548282828282828
20260884,72,500,15,3000,3000,3000,3000,"fast","control_informative",0.05,5,0.01,"","separate_mirage","trait1","pp08_power",0.8,0.16
20260884,72,500,15,3000,3000,3000,3000,"fast","control_informative",0.05,5,0.01,"","separate_mirage","trait1","pp08_fdp",0.8,0
20260884,72,500,15,3000,3000,3000,3000,"fast","control_informative",0.05,5,0.01,"","separate_mirage","trait1","pp08_discoveries",0.8,4
20260884,72,500,15,3000,3000,3000,3000,"fast","control_informative",0.05,5,0.01,"","separate_mirage","trait2","pp08_power",0.8,0.1
20260884,72,500,15,3000,3000,3000,3000,"fast","control_informative",0.05,5,0.01,"","separate_mirage","trait2","pp08_fdp",0.8,0
20260884,72,500,15,3000,3000,3000,3000,"fast","control_informative",0.05,5,0.01,"","separate_mirage","trait2","pp08_discoveries",0.8,1
20260884,72,500,15,3000,3000,3000,3000,"fast","control_informative",0.05,5,0.01,"","separate_mirage","pleiotropy","pp08_power",0.8,0
20260884,72,500,15,3000,3000,3000,3000,"fast","control_informative",0.05,5,0.01,"","separate_mirage","pleiotropy","pp08_fdp",0.8,0
20260884,72,500,15,3000,3000,3000,3000,"fast","control_informative",0.05,5,0.01,"","separate_mirage","pleiotropy","pp08_discoveries",0.8,0
20260884,72,500,15,3000,3000,3000,3000,"fast","control_informative",0.05,5,0.01,"","separate_mirage","trait1","bfdr_observed_fdp",0.01,0
20260884,72,500,15,3000,3000,3000,3000,"fast","control_informative",0.05,5,0.01,"","separate_mirage","trait1","bfdr_estimate",0.01,0.00828712203429038
20260884,72,500,15,3000,3000,3000,3000,"fast","control_informative",0.05,5,0.01,"","separate_mirage","trait1","bfdr_power",0.01,0.12
20260884,72,500,15,3000,3000,3000,3000,"fast","control_informative",0.05,5,0.01,"","separate_mirage","trait1","bfdr_discoveries",0.01,3
20260884,72,500,15,3000,3000,3000,3000,"fast","control_informative",0.05,5,0.01,"","separate_mirage","trait1","bfdr_observed_fdp",0.05,0
20260884,72,500,15,3000,3000,3000,3000,"fast","control_informative",0.05,5,0.01,"","separate_mirage","trait1","bfdr_estimate",0.05,0.0313499591005994
20260884,72,500,15,3000,3000,3000,3000,"fast","control_informative",0.05,5,0.01,"","separate_mirage","trait1","bfdr_power",0.05,0.16
20260884,72,500,15,3000,3000,3000,3000,"fast","control_informative",0.05,5,0.01,"","separate_mirage","trait1","bfdr_discoveries",0.05,4
20260884,72,500,15,3000,3000,3000,3000,"fast","control_informative",0.05,5,0.01,"","separate_mirage","trait1","bfdr_observed_fdp",0.1,0.2
20260884,72,500,15,3000,3000,3000,3000,"fast","control_informative",0.05,5,0.01,"","separate_mirage","trait1","bfdr_estimate",0.1,0.0764907494242617
20260884,72,500,15,3000,3000,3000,3000,"fast","control_informative",0.05,5,0.01,"","separate_mirage","trait1","bfdr_power",0.1,0.16
20260884,72,500,15,3000,3000,3000,3000,"fast","control_informative",0.05,5,0.01,"","separate_mirage","trait1","bfdr_discoveries",0.1,5
20260884,72,500,15,3000,3000,3000,3000,"fast","control_informative",0.05,5,0.01,"","separate_mirage","trait1","bfdr_observed_fdp",0.2,0.25
20260884,72,500,15,3000,3000,3000,3000,"fast","control_informative",0.05,5,0.01,"","separate_mirage","trait1","bfdr_estimate",0.2,0.175649009225463
20260884,72,500,15,3000,3000,3000,3000,"fast","control_informative",0.05,5,0.01,"","separate_mirage","trait1","bfdr_power",0.2,0.24
20260884,72,500,15,3000,3000,3000,3000,"fast","control_informative",0.05,5,0.01,"","separate_mirage","trait1","bfdr_discoveries",0.2,8
20260884,72,500,15,3000,3000,3000,3000,"fast","control_informative",0.05,5,0.01,"","separate_mirage","trait2","bfdr_observed_fdp",0.01,0
20260884,72,500,15,3000,3000,3000,3000,"fast","control_informative",0.05,5,0.01,"","separate_mirage","trait2","bfdr_estimate",0.01,4.43501424474135e-09
20260884,72,500,15,3000,3000,3000,3000,"fast","control_informative",0.05,5,0.01,"","separate_mirage","trait2","bfdr_power",0.01,0.1
20260884,72,500,15,3000,3000,3000,3000,"fast","control_informative",0.05,5,0.01,"","separate_mirage","trait2","bfdr_discoveries",0.01,1
20260884,72,500,15,3000,3000,3000,3000,"fast","control_informative",0.05,5,0.01,"","separate_mirage","trait2","bfdr_observed_fdp",0.05,0
20260884,72,500,15,3000,3000,3000,3000,"fast","control_informative",0.05,5,0.01,"","separate_mirage","trait2","bfdr_estimate",0.05,4.43501424474135e-09
20260884,72,500,15,3000,3000,3000,3000,"fast","control_informative",0.05,5,0.01,"","separate_mirage","trait2","bfdr_power",0.05,0.1
20260884,72,500,15,3000,3000,3000,3000,"fast","control_informative",0.05,5,0.01,"","separate_mirage","trait2","bfdr_discoveries",0.05,1
20260884,72,500,15,3000,3000,3000,3000,"fast","control_informative",0.05,5,0.01,"","separate_mirage","trait2","bfdr_observed_fdp",0.1,0
20260884,72,500,15,3000,3000,3000,3000,"fast","control_informative",0.05,5,0.01,"","separate_mirage","trait2","bfdr_estimate",0.1,4.43501424474135e-09
20260884,72,500,15,3000,3000,3000,3000,"fast","control_informative",0.05,5,0.01,"","separate_mirage","trait2","bfdr_power",0.1,0.1
20260884,72,500,15,3000,3000,3000,3000,"fast","control_informative",0.05,5,0.01,"","separate_mirage","trait2","bfdr_discoveries",0.1,1
20260884,72,500,15,3000,3000,3000,3000,"fast","control_informative",0.05,5,0.01,"","separate_mirage","trait2","bfdr_observed_fdp",0.2,0
20260884,72,500,15,3000,3000,3000,3000,"fast","control_informative",0.05,5,0.01,"","separate_mirage","trait2","bfdr_estimate",0.2,4.43501424474135e-09
20260884,72,500,15,3000,3000,3000,3000,"fast","control_informative",0.05,5,0.01,"","separate_mirage","trait2","bfdr_power",0.2,0.1
20260884,72,500,15,3000,3000,3000,3000,"fast","control_informative",0.05,5,0.01,"","separate_mirage","trait2","bfdr_discoveries",0.2,1
20260884,72,500,15,3000,3000,3000,3000,"fast","control_informative",0.05,5,0.01,"","separate_mirage","pleiotropy","bfdr_observed_fdp",0.01,0
20260884,72,500,15,3000,3000,3000,3000,"fast","control_informative",0.05,5,0.01,"","separate_mirage","pleiotropy","bfdr_estimate",0.01,0
20260884,72,500,15,3000,3000,3000,3000,"fast","control_informative",0.05,5,0.01,"","separate_mirage","pleiotropy","bfdr_power",0.01,0
20260884,72,500,15,3000,3000,3000,3000,"fast","control_informative",0.05,5,0.01,"","separate_mirage","pleiotropy","bfdr_discoveries",0.01,0
20260884,72,500,15,3000,3000,3000,3000,"fast","control_informative",0.05,5,0.01,"","separate_mirage","pleiotropy","bfdr_observed_fdp",0.05,0
20260884,72,500,15,3000,3000,3000,3000,"fast","control_informative",0.05,5,0.01,"","separate_mirage","pleiotropy","bfdr_estimate",0.05,0
20260884,72,500,15,3000,3000,3000,3000,"fast","control_informative",0.05,5,0.01,"","separate_mirage","pleiotropy","bfdr_power",0.05,0
20260884,72,500,15,3000,3000,3000,3000,"fast","control_informative",0.05,5,0.01,"","separate_mirage","pleiotropy","bfdr_discoveries",0.05,0
20260884,72,500,15,3000,3000,3000,3000,"fast","control_informative",0.05,5,0.01,"","separate_mirage","pleiotropy","bfdr_observed_fdp",0.1,0
20260884,72,500,15,3000,3000,3000,3000,"fast","control_informative",0.05,5,0.01,"","separate_mirage","pleiotropy","bfdr_estimate",0.1,0
20260884,72,500,15,3000,3000,3000,3000,"fast","control_informative",0.05,5,0.01,"","separate_mirage","pleiotropy","bfdr_power",0.1,0
20260884,72,500,15,3000,3000,3000,3000,"fast","control_informative",0.05,5,0.01,"","separate_mirage","pleiotropy","bfdr_discoveries",0.1,0
20260884,72,500,15,3000,3000,3000,3000,"fast","control_informative",0.05,5,0.01,"","separate_mirage","pleiotropy","bfdr_observed_fdp",0.2,0
20260884,72,500,15,3000,3000,3000,3000,"fast","control_informative",0.05,5,0.01,"","separate_mirage","pleiotropy","bfdr_estimate",0.2,0
20260884,72,500,15,3000,3000,3000,3000,"fast","control_informative",0.05,5,0.01,"","separate_mirage","pleiotropy","bfdr_power",0.2,0
20260884,72,500,15,3000,3000,3000,3000,"fast","control_informative",0.05,5,0.01,"","separate_mirage","pleiotropy","bfdr_discoveries",0.2,0
20260884,72,500,15,3000,3000,3000,3000,"fast","control_informative",0.05,5,0.01,"","separate_mirage","global","runtime_seconds",NA,18.7370000000001
20260884,72,500,15,3000,3000,3000,3000,"fast","control_informative",0.05,5,0.01,"","separate_mirage","pleiotropy","pi11_estimate",NA,0.001
20260884,72,500,15,3000,3000,3000,3000,"fast","control_informative",0.05,5,0.01,"","mtada_aggregated","trait1","auc",NA,0.808463157894737
20260884,72,500,15,3000,3000,3000,3000,"fast","control_informative",0.05,5,0.01,"","mtada_aggregated","trait2","auc",NA,0.53
20260884,72,500,15,3000,3000,3000,3000,"fast","control_informative",0.05,5,0.01,"","mtada_aggregated","pleiotropy","auc",NA,0.451717171717172
20260884,72,500,15,3000,3000,3000,3000,"fast","control_informative",0.05,5,0.01,"","mtada_aggregated","trait1","pp08_power",0.8,0.4
20260884,72,500,15,3000,3000,3000,3000,"fast","control_informative",0.05,5,0.01,"","mtada_aggregated","trait1","pp08_fdp",0.8,0.72972972972973
20260884,72,500,15,3000,3000,3000,3000,"fast","control_informative",0.05,5,0.01,"","mtada_aggregated","trait1","pp08_discoveries",0.8,37
20260884,72,500,15,3000,3000,3000,3000,"fast","control_informative",0.05,5,0.01,"","mtada_aggregated","trait2","pp08_power",0.8,0.2
20260884,72,500,15,3000,3000,3000,3000,"fast","control_informative",0.05,5,0.01,"","mtada_aggregated","trait2","pp08_fdp",0.8,0.948717948717949
20260884,72,500,15,3000,3000,3000,3000,"fast","control_informative",0.05,5,0.01,"","mtada_aggregated","trait2","pp08_discoveries",0.8,39
20260884,72,500,15,3000,3000,3000,3000,"fast","control_informative",0.05,5,0.01,"","mtada_aggregated","pleiotropy","pp08_power",0.8,0
20260884,72,500,15,3000,3000,3000,3000,"fast","control_informative",0.05,5,0.01,"","mtada_aggregated","pleiotropy","pp08_fdp",0.8,1
20260884,72,500,15,3000,3000,3000,3000,"fast","control_informative",0.05,5,0.01,"","mtada_aggregated","pleiotropy","pp08_discoveries",0.8,2
20260884,72,500,15,3000,3000,3000,3000,"fast","control_informative",0.05,5,0.01,"","mtada_aggregated","trait1","bfdr_observed_fdp",0.01,0.714285714285714
20260884,72,500,15,3000,3000,3000,3000,"fast","control_informative",0.05,5,0.01,"","mtada_aggregated","trait1","bfdr_estimate",0.01,0.00803667711352543
20260884,72,500,15,3000,3000,3000,3000,"fast","control_informative",0.05,5,0.01,"","mtada_aggregated","trait1","bfdr_power",0.01,0.4
20260884,72,500,15,3000,3000,3000,3000,"fast","control_informative",0.05,5,0.01,"","mtada_aggregated","trait1","bfdr_discoveries",0.01,35
20260884,72,500,15,3000,3000,3000,3000,"fast","control_informative",0.05,5,0.01,"","mtada_aggregated","trait1","bfdr_observed_fdp",0.05,0.761904761904762
20260884,72,500,15,3000,3000,3000,3000,"fast","control_informative",0.05,5,0.01,"","mtada_aggregated","trait1","bfdr_estimate",0.05,0.0438697740970615
20260884,72,500,15,3000,3000,3000,3000,"fast","control_informative",0.05,5,0.01,"","mtada_aggregated","trait1","bfdr_power",0.05,0.4
20260884,72,500,15,3000,3000,3000,3000,"fast","control_informative",0.05,5,0.01,"","mtada_aggregated","trait1","bfdr_discoveries",0.05,42
20260884,72,500,15,3000,3000,3000,3000,"fast","control_informative",0.05,5,0.01,"","mtada_aggregated","trait1","bfdr_observed_fdp",0.1,0.775510204081633
20260884,72,500,15,3000,3000,3000,3000,"fast","control_informative",0.05,5,0.01,"","mtada_aggregated","trait1","bfdr_estimate",0.1,0.0934236084805713
20260884,72,500,15,3000,3000,3000,3000,"fast","control_informative",0.05,5,0.01,"","mtada_aggregated","trait1","bfdr_power",0.1,0.44
20260884,72,500,15,3000,3000,3000,3000,"fast","control_informative",0.05,5,0.01,"","mtada_aggregated","trait1","bfdr_discoveries",0.1,49
20260884,72,500,15,3000,3000,3000,3000,"fast","control_informative",0.05,5,0.01,"","mtada_aggregated","trait1","bfdr_observed_fdp",0.2,0.80327868852459
20260884,72,500,15,3000,3000,3000,3000,"fast","control_informative",0.05,5,0.01,"","mtada_aggregated","trait1","bfdr_estimate",0.2,0.19540054617559
20260884,72,500,15,3000,3000,3000,3000,"fast","control_informative",0.05,5,0.01,"","mtada_aggregated","trait1","bfdr_power",0.2,0.48
20260884,72,500,15,3000,3000,3000,3000,"fast","control_informative",0.05,5,0.01,"","mtada_aggregated","trait1","bfdr_discoveries",0.2,61
20260884,72,500,15,3000,3000,3000,3000,"fast","control_informative",0.05,5,0.01,"","mtada_aggregated","trait2","bfdr_observed_fdp",0.01,0.945945945945946
20260884,72,500,15,3000,3000,3000,3000,"fast","control_informative",0.05,5,0.01,"","mtada_aggregated","trait2","bfdr_estimate",0.01,0.00688120162992244
20260884,72,500,15,3000,3000,3000,3000,"fast","control_informative",0.05,5,0.01,"","mtada_aggregated","trait2","bfdr_power",0.01,0.2
20260884,72,500,15,3000,3000,3000,3000,"fast","control_informative",0.05,5,0.01,"","mtada_aggregated","trait2","bfdr_discoveries",0.01,37
20260884,72,500,15,3000,3000,3000,3000,"fast","control_informative",0.05,5,0.01,"","mtada_aggregated","trait2","bfdr_observed_fdp",0.05,0.954545454545455
20260884,72,500,15,3000,3000,3000,3000,"fast","control_informative",0.05,5,0.01,"","mtada_aggregated","trait2","bfdr_estimate",0.05,0.0488108688408595
20260884,72,500,15,3000,3000,3000,3000,"fast","control_informative",0.05,5,0.01,"","mtada_aggregated","trait2","bfdr_power",0.05,0.2
20260884,72,500,15,3000,3000,3000,3000,"fast","control_informative",0.05,5,0.01,"","mtada_aggregated","trait2","bfdr_discoveries",0.05,44
20260884,72,500,15,3000,3000,3000,3000,"fast","control_informative",0.05,5,0.01,"","mtada_aggregated","trait2","bfdr_observed_fdp",0.1,0.959183673469388
20260884,72,500,15,3000,3000,3000,3000,"fast","control_informative",0.05,5,0.01,"","mtada_aggregated","trait2","bfdr_estimate",0.1,0.0922129384146947
20260884,72,500,15,3000,3000,3000,3000,"fast","control_informative",0.05,5,0.01,"","mtada_aggregated","trait2","bfdr_power",0.1,0.2
20260884,72,500,15,3000,3000,3000,3000,"fast","control_informative",0.05,5,0.01,"","mtada_aggregated","trait2","bfdr_discoveries",0.1,49
20260884,72,500,15,3000,3000,3000,3000,"fast","control_informative",0.05,5,0.01,"","mtada_aggregated","trait2","bfdr_observed_fdp",0.2,0.966101694915254
20260884,72,500,15,3000,3000,3000,3000,"fast","control_informative",0.05,5,0.01,"","mtada_aggregated","trait2","bfdr_estimate",0.2,0.196576628467191
20260884,72,500,15,3000,3000,3000,3000,"fast","control_informative",0.05,5,0.01,"","mtada_aggregated","trait2","bfdr_power",0.2,0.2
20260884,72,500,15,3000,3000,3000,3000,"fast","control_informative",0.05,5,0.01,"","mtada_aggregated","trait2","bfdr_discoveries",0.2,59
20260884,72,500,15,3000,3000,3000,3000,"fast","control_informative",0.05,5,0.01,"","mtada_aggregated","pleiotropy","bfdr_observed_fdp",0.01,1
20260884,72,500,15,3000,3000,3000,3000,"fast","control_informative",0.05,5,0.01,"","mtada_aggregated","pleiotropy","bfdr_estimate",0.01,1.94334908897309e-05
20260884,72,500,15,3000,3000,3000,3000,"fast","control_informative",0.05,5,0.01,"","mtada_aggregated","pleiotropy","bfdr_power",0.01,0
20260884,72,500,15,3000,3000,3000,3000,"fast","control_informative",0.05,5,0.01,"","mtada_aggregated","pleiotropy","bfdr_discoveries",0.01,1
20260884,72,500,15,3000,3000,3000,3000,"fast","control_informative",0.05,5,0.01,"","mtada_aggregated","pleiotropy","bfdr_observed_fdp",0.05,1
20260884,72,500,15,3000,3000,3000,3000,"fast","control_informative",0.05,5,0.01,"","mtada_aggregated","pleiotropy","bfdr_estimate",0.05,0.0407969636238716
20260884,72,500,15,3000,3000,3000,3000,"fast","control_informative",0.05,5,0.01,"","mtada_aggregated","pleiotropy","bfdr_power",0.05,0
20260884,72,500,15,3000,3000,3000,3000,"fast","control_informative",0.05,5,0.01,"","mtada_aggregated","pleiotropy","bfdr_discoveries",0.05,2
20260884,72,500,15,3000,3000,3000,3000,"fast","control_informative",0.05,5,0.01,"","mtada_aggregated","pleiotropy","bfdr_observed_fdp",0.1,1
20260884,72,500,15,3000,3000,3000,3000,"fast","control_informative",0.05,5,0.01,"","mtada_aggregated","pleiotropy","bfdr_estimate",0.1,0.0407969636238716
20260884,72,500,15,3000,3000,3000,3000,"fast","control_informative",0.05,5,0.01,"","mtada_aggregated","pleiotropy","bfdr_power",0.1,0
20260884,72,500,15,3000,3000,3000,3000,"fast","control_informative",0.05,5,0.01,"","mtada_aggregated","pleiotropy","bfdr_discoveries",0.1,2
20260884,72,500,15,3000,3000,3000,3000,"fast","control_informative",0.05,5,0.01,"","mtada_aggregated","pleiotropy","bfdr_observed_fdp",0.2,1
20260884,72,500,15,3000,3000,3000,3000,"fast","control_informative",0.05,5,0.01,"","mtada_aggregated","pleiotropy","bfdr_estimate",0.2,0.185244354125355
20260884,72,500,15,3000,3000,3000,3000,"fast","control_informative",0.05,5,0.01,"","mtada_aggregated","pleiotropy","bfdr_power",0.2,0
20260884,72,500,15,3000,3000,3000,3000,"fast","control_informative",0.05,5,0.01,"","mtada_aggregated","pleiotropy","bfdr_discoveries",0.2,3
20260884,72,500,15,3000,3000,3000,3000,"fast","control_informative",0.05,5,0.01,"","mtada_aggregated","global","runtime_seconds",NA,0.718000000000075
20260884,72,500,15,3000,3000,3000,3000,"fast","control_informative",0.05,5,0.01,"","mtada_aggregated","pleiotropy","pi11_estimate",NA,0.00120593
20260885,73,500,15,3000,3000,3000,3000,"fast","control_informative",0.05,5,0.01,"","mirage_joint","trait1","auc",NA,0.694905263157895
20260885,73,500,15,3000,3000,3000,3000,"fast","control_informative",0.05,5,0.01,"","mirage_joint","trait2","auc",NA,0.456530612244898
20260885,73,500,15,3000,3000,3000,3000,"fast","control_informative",0.05,5,0.01,"","mirage_joint","pleiotropy","auc",NA,0.618181818181818
20260885,73,500,15,3000,3000,3000,3000,"fast","control_informative",0.05,5,0.01,"","mirage_joint","trait1","pp08_power",0.8,0.12
20260885,73,500,15,3000,3000,3000,3000,"fast","control_informative",0.05,5,0.01,"","mirage_joint","trait1","pp08_fdp",0.8,0.25
20260885,73,500,15,3000,3000,3000,3000,"fast","control_informative",0.05,5,0.01,"","mirage_joint","trait1","pp08_discoveries",0.8,4
20260885,73,500,15,3000,3000,3000,3000,"fast","control_informative",0.05,5,0.01,"","mirage_joint","trait2","pp08_power",0.8,0
20260885,73,500,15,3000,3000,3000,3000,"fast","control_informative",0.05,5,0.01,"","mirage_joint","trait2","pp08_fdp",0.8,0
20260885,73,500,15,3000,3000,3000,3000,"fast","control_informative",0.05,5,0.01,"","mirage_joint","trait2","pp08_discoveries",0.8,0
20260885,73,500,15,3000,3000,3000,3000,"fast","control_informative",0.05,5,0.01,"","mirage_joint","pleiotropy","pp08_power",0.8,0
20260885,73,500,15,3000,3000,3000,3000,"fast","control_informative",0.05,5,0.01,"","mirage_joint","pleiotropy","pp08_fdp",0.8,0
20260885,73,500,15,3000,3000,3000,3000,"fast","control_informative",0.05,5,0.01,"","mirage_joint","pleiotropy","pp08_discoveries",0.8,0
20260885,73,500,15,3000,3000,3000,3000,"fast","control_informative",0.05,5,0.01,"","mirage_joint","trait1","bfdr_observed_fdp",0.01,0
20260885,73,500,15,3000,3000,3000,3000,"fast","control_informative",0.05,5,0.01,"","mirage_joint","trait1","bfdr_estimate",0.01,0.00349299348254101
20260885,73,500,15,3000,3000,3000,3000,"fast","control_informative",0.05,5,0.01,"","mirage_joint","trait1","bfdr_power",0.01,0.08
20260885,73,500,15,3000,3000,3000,3000,"fast","control_informative",0.05,5,0.01,"","mirage_joint","trait1","bfdr_discoveries",0.01,2
20260885,73,500,15,3000,3000,3000,3000,"fast","control_informative",0.05,5,0.01,"","mirage_joint","trait1","bfdr_observed_fdp",0.05,0.25
20260885,73,500,15,3000,3000,3000,3000,"fast","control_informative",0.05,5,0.01,"","mirage_joint","trait1","bfdr_estimate",0.05,0.0350105294691472
20260885,73,500,15,3000,3000,3000,3000,"fast","control_informative",0.05,5,0.01,"","mirage_joint","trait1","bfdr_power",0.05,0.12
20260885,73,500,15,3000,3000,3000,3000,"fast","control_informative",0.05,5,0.01,"","mirage_joint","trait1","bfdr_discoveries",0.05,4
20260885,73,500,15,3000,3000,3000,3000,"fast","control_informative",0.05,5,0.01,"","mirage_joint","trait1","bfdr_observed_fdp",0.1,0.25
20260885,73,500,15,3000,3000,3000,3000,"fast","control_informative",0.05,5,0.01,"","mirage_joint","trait1","bfdr_estimate",0.1,0.0350105294691472
20260885,73,500,15,3000,3000,3000,3000,"fast","control_informative",0.05,5,0.01,"","mirage_joint","trait1","bfdr_power",0.1,0.12
20260885,73,500,15,3000,3000,3000,3000,"fast","control_informative",0.05,5,0.01,"","mirage_joint","trait1","bfdr_discoveries",0.1,4
20260885,73,500,15,3000,3000,3000,3000,"fast","control_informative",0.05,5,0.01,"","mirage_joint","trait1","bfdr_observed_fdp",0.2,0.333333333333333
20260885,73,500,15,3000,3000,3000,3000,"fast","control_informative",0.05,5,0.01,"","mirage_joint","trait1","bfdr_estimate",0.2,0.184490225205615
20260885,73,500,15,3000,3000,3000,3000,"fast","control_informative",0.05,5,0.01,"","mirage_joint","trait1","bfdr_power",0.2,0.16
20260885,73,500,15,3000,3000,3000,3000,"fast","control_informative",0.05,5,0.01,"","mirage_joint","trait1","bfdr_discoveries",0.2,6
20260885,73,500,15,3000,3000,3000,3000,"fast","control_informative",0.05,5,0.01,"","mirage_joint","trait2","bfdr_observed_fdp",0.01,0
20260885,73,500,15,3000,3000,3000,3000,"fast","control_informative",0.05,5,0.01,"","mirage_joint","trait2","bfdr_estimate",0.01,0
20260885,73,500,15,3000,3000,3000,3000,"fast","control_informative",0.05,5,0.01,"","mirage_joint","trait2","bfdr_power",0.01,0
20260885,73,500,15,3000,3000,3000,3000,"fast","control_informative",0.05,5,0.01,"","mirage_joint","trait2","bfdr_discoveries",0.01,0
20260885,73,500,15,3000,3000,3000,3000,"fast","control_informative",0.05,5,0.01,"","mirage_joint","trait2","bfdr_observed_fdp",0.05,0
20260885,73,500,15,3000,3000,3000,3000,"fast","control_informative",0.05,5,0.01,"","mirage_joint","trait2","bfdr_estimate",0.05,0
20260885,73,500,15,3000,3000,3000,3000,"fast","control_informative",0.05,5,0.01,"","mirage_joint","trait2","bfdr_power",0.05,0
20260885,73,500,15,3000,3000,3000,3000,"fast","control_informative",0.05,5,0.01,"","mirage_joint","trait2","bfdr_discoveries",0.05,0
20260885,73,500,15,3000,3000,3000,3000,"fast","control_informative",0.05,5,0.01,"","mirage_joint","trait2","bfdr_observed_fdp",0.1,0
20260885,73,500,15,3000,3000,3000,3000,"fast","control_informative",0.05,5,0.01,"","mirage_joint","trait2","bfdr_estimate",0.1,0
20260885,73,500,15,3000,3000,3000,3000,"fast","control_informative",0.05,5,0.01,"","mirage_joint","trait2","bfdr_power",0.1,0
20260885,73,500,15,3000,3000,3000,3000,"fast","control_informative",0.05,5,0.01,"","mirage_joint","trait2","bfdr_discoveries",0.1,0
20260885,73,500,15,3000,3000,3000,3000,"fast","control_informative",0.05,5,0.01,"","mirage_joint","trait2","bfdr_observed_fdp",0.2,0
20260885,73,500,15,3000,3000,3000,3000,"fast","control_informative",0.05,5,0.01,"","mirage_joint","trait2","bfdr_estimate",0.2,0
20260885,73,500,15,3000,3000,3000,3000,"fast","control_informative",0.05,5,0.01,"","mirage_joint","trait2","bfdr_power",0.2,0
20260885,73,500,15,3000,3000,3000,3000,"fast","control_informative",0.05,5,0.01,"","mirage_joint","trait2","bfdr_discoveries",0.2,0
20260885,73,500,15,3000,3000,3000,3000,"fast","control_informative",0.05,5,0.01,"","mirage_joint","pleiotropy","bfdr_observed_fdp",0.01,0
20260885,73,500,15,3000,3000,3000,3000,"fast","control_informative",0.05,5,0.01,"","mirage_joint","pleiotropy","bfdr_estimate",0.01,0
20260885,73,500,15,3000,3000,3000,3000,"fast","control_informative",0.05,5,0.01,"","mirage_joint","pleiotropy","bfdr_power",0.01,0
20260885,73,500,15,3000,3000,3000,3000,"fast","control_informative",0.05,5,0.01,"","mirage_joint","pleiotropy","bfdr_discoveries",0.01,0
20260885,73,500,15,3000,3000,3000,3000,"fast","control_informative",0.05,5,0.01,"","mirage_joint","pleiotropy","bfdr_observed_fdp",0.05,0
20260885,73,500,15,3000,3000,3000,3000,"fast","control_informative",0.05,5,0.01,"","mirage_joint","pleiotropy","bfdr_estimate",0.05,0
20260885,73,500,15,3000,3000,3000,3000,"fast","control_informative",0.05,5,0.01,"","mirage_joint","pleiotropy","bfdr_power",0.05,0
20260885,73,500,15,3000,3000,3000,3000,"fast","control_informative",0.05,5,0.01,"","mirage_joint","pleiotropy","bfdr_discoveries",0.05,0
20260885,73,500,15,3000,3000,3000,3000,"fast","control_informative",0.05,5,0.01,"","mirage_joint","pleiotropy","bfdr_observed_fdp",0.1,0
20260885,73,500,15,3000,3000,3000,3000,"fast","control_informative",0.05,5,0.01,"","mirage_joint","pleiotropy","bfdr_estimate",0.1,0
20260885,73,500,15,3000,3000,3000,3000,"fast","control_informative",0.05,5,0.01,"","mirage_joint","pleiotropy","bfdr_power",0.1,0
20260885,73,500,15,3000,3000,3000,3000,"fast","control_informative",0.05,5,0.01,"","mirage_joint","pleiotropy","bfdr_discoveries",0.1,0
20260885,73,500,15,3000,3000,3000,3000,"fast","control_informative",0.05,5,0.01,"","mirage_joint","pleiotropy","bfdr_observed_fdp",0.2,0
20260885,73,500,15,3000,3000,3000,3000,"fast","control_informative",0.05,5,0.01,"","mirage_joint","pleiotropy","bfdr_estimate",0.2,0
20260885,73,500,15,3000,3000,3000,3000,"fast","control_informative",0.05,5,0.01,"","mirage_joint","pleiotropy","bfdr_power",0.2,0
20260885,73,500,15,3000,3000,3000,3000,"fast","control_informative",0.05,5,0.01,"","mirage_joint","pleiotropy","bfdr_discoveries",0.2,0
20260885,73,500,15,3000,3000,3000,3000,"fast","control_informative",0.05,5,0.01,"","mirage_joint","global","runtime_seconds",NA,19.9340000000002
20260885,73,500,15,3000,3000,3000,3000,"fast","control_informative",0.05,5,0.01,"","mirage_joint","pleiotropy","pi11_estimate",NA,0.027571368781036
20260885,73,500,15,3000,3000,3000,3000,"fast","control_informative",0.05,5,0.01,"","separate_mirage","trait1","auc",NA,0.696926315789474
20260885,73,500,15,3000,3000,3000,3000,"fast","control_informative",0.05,5,0.01,"","separate_mirage","trait2","auc",NA,0.537551020408163
20260885,73,500,15,3000,3000,3000,3000,"fast","control_informative",0.05,5,0.01,"","separate_mirage","pleiotropy","auc",NA,0.646060606060606
20260885,73,500,15,3000,3000,3000,3000,"fast","control_informative",0.05,5,0.01,"","separate_mirage","trait1","pp08_power",0.8,0.12
20260885,73,500,15,3000,3000,3000,3000,"fast","control_informative",0.05,5,0.01,"","separate_mirage","trait1","pp08_fdp",0.8,0.25
20260885,73,500,15,3000,3000,3000,3000,"fast","control_informative",0.05,5,0.01,"","separate_mirage","trait1","pp08_discoveries",0.8,4
20260885,73,500,15,3000,3000,3000,3000,"fast","control_informative",0.05,5,0.01,"","separate_mirage","trait2","pp08_power",0.8,0
20260885,73,500,15,3000,3000,3000,3000,"fast","control_informative",0.05,5,0.01,"","separate_mirage","trait2","pp08_fdp",0.8,0
20260885,73,500,15,3000,3000,3000,3000,"fast","control_informative",0.05,5,0.01,"","separate_mirage","trait2","pp08_discoveries",0.8,0
20260885,73,500,15,3000,3000,3000,3000,"fast","control_informative",0.05,5,0.01,"","separate_mirage","pleiotropy","pp08_power",0.8,0
20260885,73,500,15,3000,3000,3000,3000,"fast","control_informative",0.05,5,0.01,"","separate_mirage","pleiotropy","pp08_fdp",0.8,0
20260885,73,500,15,3000,3000,3000,3000,"fast","control_informative",0.05,5,0.01,"","separate_mirage","pleiotropy","pp08_discoveries",0.8,0
20260885,73,500,15,3000,3000,3000,3000,"fast","control_informative",0.05,5,0.01,"","separate_mirage","trait1","bfdr_observed_fdp",0.01,0
20260885,73,500,15,3000,3000,3000,3000,"fast","control_informative",0.05,5,0.01,"","separate_mirage","trait1","bfdr_estimate",0.01,0.00495427555621369
20260885,73,500,15,3000,3000,3000,3000,"fast","control_informative",0.05,5,0.01,"","separate_mirage","trait1","bfdr_power",0.01,0.08
20260885,73,500,15,3000,3000,3000,3000,"fast","control_informative",0.05,5,0.01,"","separate_mirage","trait1","bfdr_discoveries",0.01,2
20260885,73,500,15,3000,3000,3000,3000,"fast","control_informative",0.05,5,0.01,"","separate_mirage","trait1","bfdr_observed_fdp",0.05,0.25
20260885,73,500,15,3000,3000,3000,3000,"fast","control_informative",0.05,5,0.01,"","separate_mirage","trait1","bfdr_estimate",0.05,0.0335059358036296
20260885,73,500,15,3000,3000,3000,3000,"fast","control_informative",0.05,5,0.01,"","separate_mirage","trait1","bfdr_power",0.05,0.12
20260885,73,500,15,3000,3000,3000,3000,"fast","control_informative",0.05,5,0.01,"","separate_mirage","trait1","bfdr_discoveries",0.05,4
20260885,73,500,15,3000,3000,3000,3000,"fast","control_informative",0.05,5,0.01,"","separate_mirage","trait1","bfdr_observed_fdp",0.1,0.25
20260885,73,500,15,3000,3000,3000,3000,"fast","control_informative",0.05,5,0.01,"","separate_mirage","trait1","bfdr_estimate",0.1,0.0335059358036296
20260885,73,500,15,3000,3000,3000,3000,"fast","control_informative",0.05,5,0.01,"","separate_mirage","trait1","bfdr_power",0.1,0.12
20260885,73,500,15,3000,3000,3000,3000,"fast","control_informative",0.05,5,0.01,"","separate_mirage","trait1","bfdr_discoveries",0.1,4
20260885,73,500,15,3000,3000,3000,3000,"fast","control_informative",0.05,5,0.01,"","separate_mirage","trait1","bfdr_observed_fdp",0.2,0.4
20260885,73,500,15,3000,3000,3000,3000,"fast","control_informative",0.05,5,0.01,"","separate_mirage","trait1","bfdr_estimate",0.2,0.133464369436646
20260885,73,500,15,3000,3000,3000,3000,"fast","control_informative",0.05,5,0.01,"","separate_mirage","trait1","bfdr_power",0.2,0.12
20260885,73,500,15,3000,3000,3000,3000,"fast","control_informative",0.05,5,0.01,"","separate_mirage","trait1","bfdr_discoveries",0.2,5
20260885,73,500,15,3000,3000,3000,3000,"fast","control_informative",0.05,5,0.01,"","separate_mirage","trait2","bfdr_observed_fdp",0.01,0
20260885,73,500,15,3000,3000,3000,3000,"fast","control_informative",0.05,5,0.01,"","separate_mirage","trait2","bfdr_estimate",0.01,0
20260885,73,500,15,3000,3000,3000,3000,"fast","control_informative",0.05,5,0.01,"","separate_mirage","trait2","bfdr_power",0.01,0
20260885,73,500,15,3000,3000,3000,3000,"fast","control_informative",0.05,5,0.01,"","separate_mirage","trait2","bfdr_discoveries",0.01,0
20260885,73,500,15,3000,3000,3000,3000,"fast","control_informative",0.05,5,0.01,"","separate_mirage","trait2","bfdr_observed_fdp",0.05,0
20260885,73,500,15,3000,3000,3000,3000,"fast","control_informative",0.05,5,0.01,"","separate_mirage","trait2","bfdr_estimate",0.05,0
20260885,73,500,15,3000,3000,3000,3000,"fast","control_informative",0.05,5,0.01,"","separate_mirage","trait2","bfdr_power",0.05,0
20260885,73,500,15,3000,3000,3000,3000,"fast","control_informative",0.05,5,0.01,"","separate_mirage","trait2","bfdr_discoveries",0.05,0
20260885,73,500,15,3000,3000,3000,3000,"fast","control_informative",0.05,5,0.01,"","separate_mirage","trait2","bfdr_observed_fdp",0.1,0
20260885,73,500,15,3000,3000,3000,3000,"fast","control_informative",0.05,5,0.01,"","separate_mirage","trait2","bfdr_estimate",0.1,0
20260885,73,500,15,3000,3000,3000,3000,"fast","control_informative",0.05,5,0.01,"","separate_mirage","trait2","bfdr_power",0.1,0
20260885,73,500,15,3000,3000,3000,3000,"fast","control_informative",0.05,5,0.01,"","separate_mirage","trait2","bfdr_discoveries",0.1,0
20260885,73,500,15,3000,3000,3000,3000,"fast","control_informative",0.05,5,0.01,"","separate_mirage","trait2","bfdr_observed_fdp",0.2,0
20260885,73,500,15,3000,3000,3000,3000,"fast","control_informative",0.05,5,0.01,"","separate_mirage","trait2","bfdr_estimate",0.2,0
20260885,73,500,15,3000,3000,3000,3000,"fast","control_informative",0.05,5,0.01,"","separate_mirage","trait2","bfdr_power",0.2,0
20260885,73,500,15,3000,3000,3000,3000,"fast","control_informative",0.05,5,0.01,"","separate_mirage","trait2","bfdr_discoveries",0.2,0
20260885,73,500,15,3000,3000,3000,3000,"fast","control_informative",0.05,5,0.01,"","separate_mirage","pleiotropy","bfdr_observed_fdp",0.01,0
20260885,73,500,15,3000,3000,3000,3000,"fast","control_informative",0.05,5,0.01,"","separate_mirage","pleiotropy","bfdr_estimate",0.01,0
20260885,73,500,15,3000,3000,3000,3000,"fast","control_informative",0.05,5,0.01,"","separate_mirage","pleiotropy","bfdr_power",0.01,0
20260885,73,500,15,3000,3000,3000,3000,"fast","control_informative",0.05,5,0.01,"","separate_mirage","pleiotropy","bfdr_discoveries",0.01,0
20260885,73,500,15,3000,3000,3000,3000,"fast","control_informative",0.05,5,0.01,"","separate_mirage","pleiotropy","bfdr_observed_fdp",0.05,0
20260885,73,500,15,3000,3000,3000,3000,"fast","control_informative",0.05,5,0.01,"","separate_mirage","pleiotropy","bfdr_estimate",0.05,0
20260885,73,500,15,3000,3000,3000,3000,"fast","control_informative",0.05,5,0.01,"","separate_mirage","pleiotropy","bfdr_power",0.05,0
20260885,73,500,15,3000,3000,3000,3000,"fast","control_informative",0.05,5,0.01,"","separate_mirage","pleiotropy","bfdr_discoveries",0.05,0
20260885,73,500,15,3000,3000,3000,3000,"fast","control_informative",0.05,5,0.01,"","separate_mirage","pleiotropy","bfdr_observed_fdp",0.1,0
20260885,73,500,15,3000,3000,3000,3000,"fast","control_informative",0.05,5,0.01,"","separate_mirage","pleiotropy","bfdr_estimate",0.1,0
20260885,73,500,15,3000,3000,3000,3000,"fast","control_informative",0.05,5,0.01,"","separate_mirage","pleiotropy","bfdr_power",0.1,0
20260885,73,500,15,3000,3000,3000,3000,"fast","control_informative",0.05,5,0.01,"","separate_mirage","pleiotropy","bfdr_discoveries",0.1,0
20260885,73,500,15,3000,3000,3000,3000,"fast","control_informative",0.05,5,0.01,"","separate_mirage","pleiotropy","bfdr_observed_fdp",0.2,0
20260885,73,500,15,3000,3000,3000,3000,"fast","control_informative",0.05,5,0.01,"","separate_mirage","pleiotropy","bfdr_estimate",0.2,0
20260885,73,500,15,3000,3000,3000,3000,"fast","control_informative",0.05,5,0.01,"","separate_mirage","pleiotropy","bfdr_power",0.2,0
20260885,73,500,15,3000,3000,3000,3000,"fast","control_informative",0.05,5,0.01,"","separate_mirage","pleiotropy","bfdr_discoveries",0.2,0
20260885,73,500,15,3000,3000,3000,3000,"fast","control_informative",0.05,5,0.01,"","separate_mirage","global","runtime_seconds",NA,18.55
20260885,73,500,15,3000,3000,3000,3000,"fast","control_informative",0.05,5,0.01,"","separate_mirage","pleiotropy","pi11_estimate",NA,0.001
20260885,73,500,15,3000,3000,3000,3000,"fast","control_informative",0.05,5,0.01,"","mtada_aggregated","trait1","auc",NA,0.707621052631579
20260885,73,500,15,3000,3000,3000,3000,"fast","control_informative",0.05,5,0.01,"","mtada_aggregated","trait2","auc",NA,0.444489795918367
20260885,73,500,15,3000,3000,3000,3000,"fast","control_informative",0.05,5,0.01,"","mtada_aggregated","pleiotropy","auc",NA,0.49050505050505
20260885,73,500,15,3000,3000,3000,3000,"fast","control_informative",0.05,5,0.01,"","mtada_aggregated","trait1","pp08_power",0.8,0.4
20260885,73,500,15,3000,3000,3000,3000,"fast","control_informative",0.05,5,0.01,"","mtada_aggregated","trait1","pp08_fdp",0.8,0.777777777777778
20260885,73,500,15,3000,3000,3000,3000,"fast","control_informative",0.05,5,0.01,"","mtada_aggregated","trait1","pp08_discoveries",0.8,45
20260885,73,500,15,3000,3000,3000,3000,"fast","control_informative",0.05,5,0.01,"","mtada_aggregated","trait2","pp08_power",0.8,0
20260885,73,500,15,3000,3000,3000,3000,"fast","control_informative",0.05,5,0.01,"","mtada_aggregated","trait2","pp08_fdp",0.8,1
20260885,73,500,15,3000,3000,3000,3000,"fast","control_informative",0.05,5,0.01,"","mtada_aggregated","trait2","pp08_discoveries",0.8,46
20260885,73,500,15,3000,3000,3000,3000,"fast","control_informative",0.05,5,0.01,"","mtada_aggregated","pleiotropy","pp08_power",0.8,0
20260885,73,500,15,3000,3000,3000,3000,"fast","control_informative",0.05,5,0.01,"","mtada_aggregated","pleiotropy","pp08_fdp",0.8,1
20260885,73,500,15,3000,3000,3000,3000,"fast","control_informative",0.05,5,0.01,"","mtada_aggregated","pleiotropy","pp08_discoveries",0.8,3
20260885,73,500,15,3000,3000,3000,3000,"fast","control_informative",0.05,5,0.01,"","mtada_aggregated","trait1","bfdr_observed_fdp",0.01,0.789473684210526
20260885,73,500,15,3000,3000,3000,3000,"fast","control_informative",0.05,5,0.01,"","mtada_aggregated","trait1","bfdr_estimate",0.01,0.0089626362409423
20260885,73,500,15,3000,3000,3000,3000,"fast","control_informative",0.05,5,0.01,"","mtada_aggregated","trait1","bfdr_power",0.01,0.32
20260885,73,500,15,3000,3000,3000,3000,"fast","control_informative",0.05,5,0.01,"","mtada_aggregated","trait1","bfdr_discoveries",0.01,38
20260885,73,500,15,3000,3000,3000,3000,"fast","control_informative",0.05,5,0.01,"","mtada_aggregated","trait1","bfdr_observed_fdp",0.05,0.803921568627451
20260885,73,500,15,3000,3000,3000,3000,"fast","control_informative",0.05,5,0.01,"","mtada_aggregated","trait1","bfdr_estimate",0.05,0.049809277970695
20260885,73,500,15,3000,3000,3000,3000,"fast","control_informative",0.05,5,0.01,"","mtada_aggregated","trait1","bfdr_power",0.05,0.4
20260885,73,500,15,3000,3000,3000,3000,"fast","control_informative",0.05,5,0.01,"","mtada_aggregated","trait1","bfdr_discoveries",0.05,51
20260885,73,500,15,3000,3000,3000,3000,"fast","control_informative",0.05,5,0.01,"","mtada_aggregated","trait1","bfdr_observed_fdp",0.1,0.8
20260885,73,500,15,3000,3000,3000,3000,"fast","control_informative",0.05,5,0.01,"","mtada_aggregated","trait1","bfdr_estimate",0.1,0.0955220780298727
20260885,73,500,15,3000,3000,3000,3000,"fast","control_informative",0.05,5,0.01,"","mtada_aggregated","trait1","bfdr_power",0.1,0.48
20260885,73,500,15,3000,3000,3000,3000,"fast","control_informative",0.05,5,0.01,"","mtada_aggregated","trait1","bfdr_discoveries",0.1,60
20260885,73,500,15,3000,3000,3000,3000,"fast","control_informative",0.05,5,0.01,"","mtada_aggregated","trait1","bfdr_observed_fdp",0.2,0.837837837837838
20260885,73,500,15,3000,3000,3000,3000,"fast","control_informative",0.05,5,0.01,"","mtada_aggregated","trait1","bfdr_estimate",0.2,0.199889584238406
20260885,73,500,15,3000,3000,3000,3000,"fast","control_informative",0.05,5,0.01,"","mtada_aggregated","trait1","bfdr_power",0.2,0.48
20260885,73,500,15,3000,3000,3000,3000,"fast","control_informative",0.05,5,0.01,"","mtada_aggregated","trait1","bfdr_discoveries",0.2,74
20260885,73,500,15,3000,3000,3000,3000,"fast","control_informative",0.05,5,0.01,"","mtada_aggregated","trait2","bfdr_observed_fdp",0.01,1
20260885,73,500,15,3000,3000,3000,3000,"fast","control_informative",0.05,5,0.01,"","mtada_aggregated","trait2","bfdr_estimate",0.01,0.00952117809785206
20260885,73,500,15,3000,3000,3000,3000,"fast","control_informative",0.05,5,0.01,"","mtada_aggregated","trait2","bfdr_power",0.01,0
20260885,73,500,15,3000,3000,3000,3000,"fast","control_informative",0.05,5,0.01,"","mtada_aggregated","trait2","bfdr_discoveries",0.01,38
20260885,73,500,15,3000,3000,3000,3000,"fast","control_informative",0.05,5,0.01,"","mtada_aggregated","trait2","bfdr_observed_fdp",0.05,1
20260885,73,500,15,3000,3000,3000,3000,"fast","control_informative",0.05,5,0.01,"","mtada_aggregated","trait2","bfdr_estimate",0.05,0.0479906760856773
20260885,73,500,15,3000,3000,3000,3000,"fast","control_informative",0.05,5,0.01,"","mtada_aggregated","trait2","bfdr_power",0.05,0
20260885,73,500,15,3000,3000,3000,3000,"fast","control_informative",0.05,5,0.01,"","mtada_aggregated","trait2","bfdr_discoveries",0.05,50
20260885,73,500,15,3000,3000,3000,3000,"fast","control_informative",0.05,5,0.01,"","mtada_aggregated","trait2","bfdr_observed_fdp",0.1,0.982142857142857
20260885,73,500,15,3000,3000,3000,3000,"fast","control_informative",0.05,5,0.01,"","mtada_aggregated","trait2","bfdr_estimate",0.1,0.0978083139633121
20260885,73,500,15,3000,3000,3000,3000,"fast","control_informative",0.05,5,0.01,"","mtada_aggregated","trait2","bfdr_power",0.1,0.1
20260885,73,500,15,3000,3000,3000,3000,"fast","control_informative",0.05,5,0.01,"","mtada_aggregated","trait2","bfdr_discoveries",0.1,56
20260885,73,500,15,3000,3000,3000,3000,"fast","control_informative",0.05,5,0.01,"","mtada_aggregated","trait2","bfdr_observed_fdp",0.2,0.984848484848485
20260885,73,500,15,3000,3000,3000,3000,"fast","control_informative",0.05,5,0.01,"","mtada_aggregated","trait2","bfdr_estimate",0.2,0.19402546169907
20260885,73,500,15,3000,3000,3000,3000,"fast","control_informative",0.05,5,0.01,"","mtada_aggregated","trait2","bfdr_power",0.2,0.1
20260885,73,500,15,3000,3000,3000,3000,"fast","control_informative",0.05,5,0.01,"","mtada_aggregated","trait2","bfdr_discoveries",0.2,66
20260885,73,500,15,3000,3000,3000,3000,"fast","control_informative",0.05,5,0.01,"","mtada_aggregated","pleiotropy","bfdr_observed_fdp",0.01,0
20260885,73,500,15,3000,3000,3000,3000,"fast","control_informative",0.05,5,0.01,"","mtada_aggregated","pleiotropy","bfdr_estimate",0.01,0
20260885,73,500,15,3000,3000,3000,3000,"fast","control_informative",0.05,5,0.01,"","mtada_aggregated","pleiotropy","bfdr_power",0.01,0
20260885,73,500,15,3000,3000,3000,3000,"fast","control_informative",0.05,5,0.01,"","mtada_aggregated","pleiotropy","bfdr_discoveries",0.01,0
20260885,73,500,15,3000,3000,3000,3000,"fast","control_informative",0.05,5,0.01,"","mtada_aggregated","pleiotropy","bfdr_observed_fdp",0.05,1
20260885,73,500,15,3000,3000,3000,3000,"fast","control_informative",0.05,5,0.01,"","mtada_aggregated","pleiotropy","bfdr_estimate",0.05,0.0285725358715068
20260885,73,500,15,3000,3000,3000,3000,"fast","control_informative",0.05,5,0.01,"","mtada_aggregated","pleiotropy","bfdr_power",0.05,0
20260885,73,500,15,3000,3000,3000,3000,"fast","control_informative",0.05,5,0.01,"","mtada_aggregated","pleiotropy","bfdr_discoveries",0.05,1
20260885,73,500,15,3000,3000,3000,3000,"fast","control_informative",0.05,5,0.01,"","mtada_aggregated","pleiotropy","bfdr_observed_fdp",0.1,1
20260885,73,500,15,3000,3000,3000,3000,"fast","control_informative",0.05,5,0.01,"","mtada_aggregated","pleiotropy","bfdr_estimate",0.1,0.0731089887829306
20260885,73,500,15,3000,3000,3000,3000,"fast","control_informative",0.05,5,0.01,"","mtada_aggregated","pleiotropy","bfdr_power",0.1,0
20260885,73,500,15,3000,3000,3000,3000,"fast","control_informative",0.05,5,0.01,"","mtada_aggregated","pleiotropy","bfdr_discoveries",0.1,2
20260885,73,500,15,3000,3000,3000,3000,"fast","control_informative",0.05,5,0.01,"","mtada_aggregated","pleiotropy","bfdr_observed_fdp",0.2,1
20260885,73,500,15,3000,3000,3000,3000,"fast","control_informative",0.05,5,0.01,"","mtada_aggregated","pleiotropy","bfdr_estimate",0.2,0.170385243494465
20260885,73,500,15,3000,3000,3000,3000,"fast","control_informative",0.05,5,0.01,"","mtada_aggregated","pleiotropy","bfdr_power",0.2,0
20260885,73,500,15,3000,3000,3000,3000,"fast","control_informative",0.05,5,0.01,"","mtada_aggregated","pleiotropy","bfdr_discoveries",0.2,4
20260885,73,500,15,3000,3000,3000,3000,"fast","control_informative",0.05,5,0.01,"","mtada_aggregated","global","runtime_seconds",NA,0.701000000000022
20260885,73,500,15,3000,3000,3000,3000,"fast","control_informative",0.05,5,0.01,"","mtada_aggregated","pleiotropy","pi11_estimate",NA,0.00116971
20260886,74,500,15,3000,3000,3000,3000,"fast","control_informative",0.05,5,0.01,"","mirage_joint","trait1","auc",NA,0.752252631578947
20260886,74,500,15,3000,3000,3000,3000,"fast","control_informative",0.05,5,0.01,"","mirage_joint","trait2","auc",NA,0.820204081632653
20260886,74,500,15,3000,3000,3000,3000,"fast","control_informative",0.05,5,0.01,"","mirage_joint","pleiotropy","auc",NA,0.772121212121212
20260886,74,500,15,3000,3000,3000,3000,"fast","control_informative",0.05,5,0.01,"","mirage_joint","trait1","pp08_power",0.8,0.16
20260886,74,500,15,3000,3000,3000,3000,"fast","control_informative",0.05,5,0.01,"","mirage_joint","trait1","pp08_fdp",0.8,0.2
20260886,74,500,15,3000,3000,3000,3000,"fast","control_informative",0.05,5,0.01,"","mirage_joint","trait1","pp08_discoveries",0.8,5
20260886,74,500,15,3000,3000,3000,3000,"fast","control_informative",0.05,5,0.01,"","mirage_joint","trait2","pp08_power",0.8,0.1
20260886,74,500,15,3000,3000,3000,3000,"fast","control_informative",0.05,5,0.01,"","mirage_joint","trait2","pp08_fdp",0.8,0
20260886,74,500,15,3000,3000,3000,3000,"fast","control_informative",0.05,5,0.01,"","mirage_joint","trait2","pp08_discoveries",0.8,1
20260886,74,500,15,3000,3000,3000,3000,"fast","control_informative",0.05,5,0.01,"","mirage_joint","pleiotropy","pp08_power",0.8,0.2
20260886,74,500,15,3000,3000,3000,3000,"fast","control_informative",0.05,5,0.01,"","mirage_joint","pleiotropy","pp08_fdp",0.8,0
20260886,74,500,15,3000,3000,3000,3000,"fast","control_informative",0.05,5,0.01,"","mirage_joint","pleiotropy","pp08_discoveries",0.8,1
20260886,74,500,15,3000,3000,3000,3000,"fast","control_informative",0.05,5,0.01,"","mirage_joint","trait1","bfdr_observed_fdp",0.01,0
20260886,74,500,15,3000,3000,3000,3000,"fast","control_informative",0.05,5,0.01,"","mirage_joint","trait1","bfdr_estimate",0.01,0.00845085773615717
20260886,74,500,15,3000,3000,3000,3000,"fast","control_informative",0.05,5,0.01,"","mirage_joint","trait1","bfdr_power",0.01,0.12
20260886,74,500,15,3000,3000,3000,3000,"fast","control_informative",0.05,5,0.01,"","mirage_joint","trait1","bfdr_discoveries",0.01,3
20260886,74,500,15,3000,3000,3000,3000,"fast","control_informative",0.05,5,0.01,"","mirage_joint","trait1","bfdr_observed_fdp",0.05,0.25
20260886,74,500,15,3000,3000,3000,3000,"fast","control_informative",0.05,5,0.01,"","mirage_joint","trait1","bfdr_estimate",0.05,0.020863790248972
20260886,74,500,15,3000,3000,3000,3000,"fast","control_informative",0.05,5,0.01,"","mirage_joint","trait1","bfdr_power",0.05,0.12
20260886,74,500,15,3000,3000,3000,3000,"fast","control_informative",0.05,5,0.01,"","mirage_joint","trait1","bfdr_discoveries",0.05,4
20260886,74,500,15,3000,3000,3000,3000,"fast","control_informative",0.05,5,0.01,"","mirage_joint","trait1","bfdr_observed_fdp",0.1,0.2
20260886,74,500,15,3000,3000,3000,3000,"fast","control_informative",0.05,5,0.01,"","mirage_joint","trait1","bfdr_estimate",0.1,0.0501145864234769
20260886,74,500,15,3000,3000,3000,3000,"fast","control_informative",0.05,5,0.01,"","mirage_joint","trait1","bfdr_power",0.1,0.16
20260886,74,500,15,3000,3000,3000,3000,"fast","control_informative",0.05,5,0.01,"","mirage_joint","trait1","bfdr_discoveries",0.1,5
20260886,74,500,15,3000,3000,3000,3000,"fast","control_informative",0.05,5,0.01,"","mirage_joint","trait1","bfdr_observed_fdp",0.2,0.25
20260886,74,500,15,3000,3000,3000,3000,"fast","control_informative",0.05,5,0.01,"","mirage_joint","trait1","bfdr_estimate",0.2,0.183692340914997
20260886,74,500,15,3000,3000,3000,3000,"fast","control_informative",0.05,5,0.01,"","mirage_joint","trait1","bfdr_power",0.2,0.24
20260886,74,500,15,3000,3000,3000,3000,"fast","control_informative",0.05,5,0.01,"","mirage_joint","trait1","bfdr_discoveries",0.2,8
20260886,74,500,15,3000,3000,3000,3000,"fast","control_informative",0.05,5,0.01,"","mirage_joint","trait2","bfdr_observed_fdp",0.01,0
20260886,74,500,15,3000,3000,3000,3000,"fast","control_informative",0.05,5,0.01,"","mirage_joint","trait2","bfdr_estimate",0.01,3.38204927619046e-07
20260886,74,500,15,3000,3000,3000,3000,"fast","control_informative",0.05,5,0.01,"","mirage_joint","trait2","bfdr_power",0.01,0.1
20260886,74,500,15,3000,3000,3000,3000,"fast","control_informative",0.05,5,0.01,"","mirage_joint","trait2","bfdr_discoveries",0.01,1
20260886,74,500,15,3000,3000,3000,3000,"fast","control_informative",0.05,5,0.01,"","mirage_joint","trait2","bfdr_observed_fdp",0.05,0
20260886,74,500,15,3000,3000,3000,3000,"fast","control_informative",0.05,5,0.01,"","mirage_joint","trait2","bfdr_estimate",0.05,3.38204927619046e-07
20260886,74,500,15,3000,3000,3000,3000,"fast","control_informative",0.05,5,0.01,"","mirage_joint","trait2","bfdr_power",0.05,0.1
20260886,74,500,15,3000,3000,3000,3000,"fast","control_informative",0.05,5,0.01,"","mirage_joint","trait2","bfdr_discoveries",0.05,1
20260886,74,500,15,3000,3000,3000,3000,"fast","control_informative",0.05,5,0.01,"","mirage_joint","trait2","bfdr_observed_fdp",0.1,0
20260886,74,500,15,3000,3000,3000,3000,"fast","control_informative",0.05,5,0.01,"","mirage_joint","trait2","bfdr_estimate",0.1,3.38204927619046e-07
20260886,74,500,15,3000,3000,3000,3000,"fast","control_informative",0.05,5,0.01,"","mirage_joint","trait2","bfdr_power",0.1,0.1
20260886,74,500,15,3000,3000,3000,3000,"fast","control_informative",0.05,5,0.01,"","mirage_joint","trait2","bfdr_discoveries",0.1,1
20260886,74,500,15,3000,3000,3000,3000,"fast","control_informative",0.05,5,0.01,"","mirage_joint","trait2","bfdr_observed_fdp",0.2,0.5
20260886,74,500,15,3000,3000,3000,3000,"fast","control_informative",0.05,5,0.01,"","mirage_joint","trait2","bfdr_estimate",0.2,0.1243071199577
20260886,74,500,15,3000,3000,3000,3000,"fast","control_informative",0.05,5,0.01,"","mirage_joint","trait2","bfdr_power",0.2,0.1
20260886,74,500,15,3000,3000,3000,3000,"fast","control_informative",0.05,5,0.01,"","mirage_joint","trait2","bfdr_discoveries",0.2,2
20260886,74,500,15,3000,3000,3000,3000,"fast","control_informative",0.05,5,0.01,"","mirage_joint","pleiotropy","bfdr_observed_fdp",0.01,0
20260886,74,500,15,3000,3000,3000,3000,"fast","control_informative",0.05,5,0.01,"","mirage_joint","pleiotropy","bfdr_estimate",0.01,1.50036478080429e-05
20260886,74,500,15,3000,3000,3000,3000,"fast","control_informative",0.05,5,0.01,"","mirage_joint","pleiotropy","bfdr_power",0.01,0.2
20260886,74,500,15,3000,3000,3000,3000,"fast","control_informative",0.05,5,0.01,"","mirage_joint","pleiotropy","bfdr_discoveries",0.01,1
20260886,74,500,15,3000,3000,3000,3000,"fast","control_informative",0.05,5,0.01,"","mirage_joint","pleiotropy","bfdr_observed_fdp",0.05,0
20260886,74,500,15,3000,3000,3000,3000,"fast","control_informative",0.05,5,0.01,"","mirage_joint","pleiotropy","bfdr_estimate",0.05,1.50036478080429e-05
20260886,74,500,15,3000,3000,3000,3000,"fast","control_informative",0.05,5,0.01,"","mirage_joint","pleiotropy","bfdr_power",0.05,0.2
20260886,74,500,15,3000,3000,3000,3000,"fast","control_informative",0.05,5,0.01,"","mirage_joint","pleiotropy","bfdr_discoveries",0.05,1
20260886,74,500,15,3000,3000,3000,3000,"fast","control_informative",0.05,5,0.01,"","mirage_joint","pleiotropy","bfdr_observed_fdp",0.1,0
20260886,74,500,15,3000,3000,3000,3000,"fast","control_informative",0.05,5,0.01,"","mirage_joint","pleiotropy","bfdr_estimate",0.1,1.50036478080429e-05
20260886,74,500,15,3000,3000,3000,3000,"fast","control_informative",0.05,5,0.01,"","mirage_joint","pleiotropy","bfdr_power",0.1,0.2
20260886,74,500,15,3000,3000,3000,3000,"fast","control_informative",0.05,5,0.01,"","mirage_joint","pleiotropy","bfdr_discoveries",0.1,1
20260886,74,500,15,3000,3000,3000,3000,"fast","control_informative",0.05,5,0.01,"","mirage_joint","pleiotropy","bfdr_observed_fdp",0.2,0.5
20260886,74,500,15,3000,3000,3000,3000,"fast","control_informative",0.05,5,0.01,"","mirage_joint","pleiotropy","bfdr_estimate",0.2,0.124512861414162
20260886,74,500,15,3000,3000,3000,3000,"fast","control_informative",0.05,5,0.01,"","mirage_joint","pleiotropy","bfdr_power",0.2,0.2
20260886,74,500,15,3000,3000,3000,3000,"fast","control_informative",0.05,5,0.01,"","mirage_joint","pleiotropy","bfdr_discoveries",0.2,2
20260886,74,500,15,3000,3000,3000,3000,"fast","control_informative",0.05,5,0.01,"","mirage_joint","global","runtime_seconds",NA,18.9259999999999
20260886,74,500,15,3000,3000,3000,3000,"fast","control_informative",0.05,5,0.01,"","mirage_joint","pleiotropy","pi11_estimate",NA,0.0424712720798847
20260886,74,500,15,3000,3000,3000,3000,"fast","control_informative",0.05,5,0.01,"","separate_mirage","trait1","auc",NA,0.739957894736842
20260886,74,500,15,3000,3000,3000,3000,"fast","control_informative",0.05,5,0.01,"","separate_mirage","trait2","auc",NA,0.730816326530612
20260886,74,500,15,3000,3000,3000,3000,"fast","control_informative",0.05,5,0.01,"","separate_mirage","pleiotropy","auc",NA,0.778989898989899
20260886,74,500,15,3000,3000,3000,3000,"fast","control_informative",0.05,5,0.01,"","separate_mirage","trait1","pp08_power",0.8,0.16
20260886,74,500,15,3000,3000,3000,3000,"fast","control_informative",0.05,5,0.01,"","separate_mirage","trait1","pp08_fdp",0.8,0
20260886,74,500,15,3000,3000,3000,3000,"fast","control_informative",0.05,5,0.01,"","separate_mirage","trait1","pp08_discoveries",0.8,4
20260886,74,500,15,3000,3000,3000,3000,"fast","control_informative",0.05,5,0.01,"","separate_mirage","trait2","pp08_power",0.8,0.1
20260886,74,500,15,3000,3000,3000,3000,"fast","control_informative",0.05,5,0.01,"","separate_mirage","trait2","pp08_fdp",0.8,0
20260886,74,500,15,3000,3000,3000,3000,"fast","control_informative",0.05,5,0.01,"","separate_mirage","trait2","pp08_discoveries",0.8,1
20260886,74,500,15,3000,3000,3000,3000,"fast","control_informative",0.05,5,0.01,"","separate_mirage","pleiotropy","pp08_power",0.8,0.2
20260886,74,500,15,3000,3000,3000,3000,"fast","control_informative",0.05,5,0.01,"","separate_mirage","pleiotropy","pp08_fdp",0.8,0
20260886,74,500,15,3000,3000,3000,3000,"fast","control_informative",0.05,5,0.01,"","separate_mirage","pleiotropy","pp08_discoveries",0.8,1
20260886,74,500,15,3000,3000,3000,3000,"fast","control_informative",0.05,5,0.01,"","separate_mirage","trait1","bfdr_observed_fdp",0.01,0
20260886,74,500,15,3000,3000,3000,3000,"fast","control_informative",0.05,5,0.01,"","separate_mirage","trait1","bfdr_estimate",0.01,0.00596285048865774
20260886,74,500,15,3000,3000,3000,3000,"fast","control_informative",0.05,5,0.01,"","separate_mirage","trait1","bfdr_power",0.01,0.08
20260886,74,500,15,3000,3000,3000,3000,"fast","control_informative",0.05,5,0.01,"","separate_mirage","trait1","bfdr_discoveries",0.01,2
20260886,74,500,15,3000,3000,3000,3000,"fast","control_informative",0.05,5,0.01,"","separate_mirage","trait1","bfdr_observed_fdp",0.05,0
20260886,74,500,15,3000,3000,3000,3000,"fast","control_informative",0.05,5,0.01,"","separate_mirage","trait1","bfdr_estimate",0.05,0.0268231600531978
20260886,74,500,15,3000,3000,3000,3000,"fast","control_informative",0.05,5,0.01,"","separate_mirage","trait1","bfdr_power",0.05,0.12
20260886,74,500,15,3000,3000,3000,3000,"fast","control_informative",0.05,5,0.01,"","separate_mirage","trait1","bfdr_discoveries",0.05,3
20260886,74,500,15,3000,3000,3000,3000,"fast","control_informative",0.05,5,0.01,"","separate_mirage","trait1","bfdr_observed_fdp",0.1,0.2
20260886,74,500,15,3000,3000,3000,3000,"fast","control_informative",0.05,5,0.01,"","separate_mirage","trait1","bfdr_estimate",0.1,0.0967369451125431
20260886,74,500,15,3000,3000,3000,3000,"fast","control_informative",0.05,5,0.01,"","separate_mirage","trait1","bfdr_power",0.1,0.16
20260886,74,500,15,3000,3000,3000,3000,"fast","control_informative",0.05,5,0.01,"","separate_mirage","trait1","bfdr_discoveries",0.1,5
20260886,74,500,15,3000,3000,3000,3000,"fast","control_informative",0.05,5,0.01,"","separate_mirage","trait1","bfdr_observed_fdp",0.2,0.333333333333333
20260886,74,500,15,3000,3000,3000,3000,"fast","control_informative",0.05,5,0.01,"","separate_mirage","trait1","bfdr_estimate",0.2,0.158562062581861
20260886,74,500,15,3000,3000,3000,3000,"fast","control_informative",0.05,5,0.01,"","separate_mirage","trait1","bfdr_power",0.2,0.16
20260886,74,500,15,3000,3000,3000,3000,"fast","control_informative",0.05,5,0.01,"","separate_mirage","trait1","bfdr_discoveries",0.2,6
20260886,74,500,15,3000,3000,3000,3000,"fast","control_informative",0.05,5,0.01,"","separate_mirage","trait2","bfdr_observed_fdp",0.01,0
20260886,74,500,15,3000,3000,3000,3000,"fast","control_informative",0.05,5,0.01,"","separate_mirage","trait2","bfdr_estimate",0.01,4.42325582072911e-06
20260886,74,500,15,3000,3000,3000,3000,"fast","control_informative",0.05,5,0.01,"","separate_mirage","trait2","bfdr_power",0.01,0.1
20260886,74,500,15,3000,3000,3000,3000,"fast","control_informative",0.05,5,0.01,"","separate_mirage","trait2","bfdr_discoveries",0.01,1
20260886,74,500,15,3000,3000,3000,3000,"fast","control_informative",0.05,5,0.01,"","separate_mirage","trait2","bfdr_observed_fdp",0.05,0
20260886,74,500,15,3000,3000,3000,3000,"fast","control_informative",0.05,5,0.01,"","separate_mirage","trait2","bfdr_estimate",0.05,4.42325582072911e-06
20260886,74,500,15,3000,3000,3000,3000,"fast","control_informative",0.05,5,0.01,"","separate_mirage","trait2","bfdr_power",0.05,0.1
20260886,74,500,15,3000,3000,3000,3000,"fast","control_informative",0.05,5,0.01,"","separate_mirage","trait2","bfdr_discoveries",0.05,1
20260886,74,500,15,3000,3000,3000,3000,"fast","control_informative",0.05,5,0.01,"","separate_mirage","trait2","bfdr_observed_fdp",0.1,0
20260886,74,500,15,3000,3000,3000,3000,"fast","control_informative",0.05,5,0.01,"","separate_mirage","trait2","bfdr_estimate",0.1,4.42325582072911e-06
20260886,74,500,15,3000,3000,3000,3000,"fast","control_informative",0.05,5,0.01,"","separate_mirage","trait2","bfdr_power",0.1,0.1
20260886,74,500,15,3000,3000,3000,3000,"fast","control_informative",0.05,5,0.01,"","separate_mirage","trait2","bfdr_discoveries",0.1,1
20260886,74,500,15,3000,3000,3000,3000,"fast","control_informative",0.05,5,0.01,"","separate_mirage","trait2","bfdr_observed_fdp",0.2,0
20260886,74,500,15,3000,3000,3000,3000,"fast","control_informative",0.05,5,0.01,"","separate_mirage","trait2","bfdr_estimate",0.2,0.180134314928603
20260886,74,500,15,3000,3000,3000,3000,"fast","control_informative",0.05,5,0.01,"","separate_mirage","trait2","bfdr_power",0.2,0.2
20260886,74,500,15,3000,3000,3000,3000,"fast","control_informative",0.05,5,0.01,"","separate_mirage","trait2","bfdr_discoveries",0.2,2
20260886,74,500,15,3000,3000,3000,3000,"fast","control_informative",0.05,5,0.01,"","separate_mirage","pleiotropy","bfdr_observed_fdp",0.01,0
20260886,74,500,15,3000,3000,3000,3000,"fast","control_informative",0.05,5,0.01,"","separate_mirage","pleiotropy","bfdr_estimate",0.01,0
20260886,74,500,15,3000,3000,3000,3000,"fast","control_informative",0.05,5,0.01,"","separate_mirage","pleiotropy","bfdr_power",0.01,0
20260886,74,500,15,3000,3000,3000,3000,"fast","control_informative",0.05,5,0.01,"","separate_mirage","pleiotropy","bfdr_discoveries",0.01,0
20260886,74,500,15,3000,3000,3000,3000,"fast","control_informative",0.05,5,0.01,"","separate_mirage","pleiotropy","bfdr_observed_fdp",0.05,0
20260886,74,500,15,3000,3000,3000,3000,"fast","control_informative",0.05,5,0.01,"","separate_mirage","pleiotropy","bfdr_estimate",0.05,0.0118529622366094
20260886,74,500,15,3000,3000,3000,3000,"fast","control_informative",0.05,5,0.01,"","separate_mirage","pleiotropy","bfdr_power",0.05,0.2
20260886,74,500,15,3000,3000,3000,3000,"fast","control_informative",0.05,5,0.01,"","separate_mirage","pleiotropy","bfdr_discoveries",0.05,1
20260886,74,500,15,3000,3000,3000,3000,"fast","control_informative",0.05,5,0.01,"","separate_mirage","pleiotropy","bfdr_observed_fdp",0.1,0
20260886,74,500,15,3000,3000,3000,3000,"fast","control_informative",0.05,5,0.01,"","separate_mirage","pleiotropy","bfdr_estimate",0.1,0.0118529622366094
20260886,74,500,15,3000,3000,3000,3000,"fast","control_informative",0.05,5,0.01,"","separate_mirage","pleiotropy","bfdr_power",0.1,0.2
20260886,74,500,15,3000,3000,3000,3000,"fast","control_informative",0.05,5,0.01,"","separate_mirage","pleiotropy","bfdr_discoveries",0.1,1
20260886,74,500,15,3000,3000,3000,3000,"fast","control_informative",0.05,5,0.01,"","separate_mirage","pleiotropy","bfdr_observed_fdp",0.2,0
20260886,74,500,15,3000,3000,3000,3000,"fast","control_informative",0.05,5,0.01,"","separate_mirage","pleiotropy","bfdr_estimate",0.2,0.0118529622366094
20260886,74,500,15,3000,3000,3000,3000,"fast","control_informative",0.05,5,0.01,"","separate_mirage","pleiotropy","bfdr_power",0.2,0.2
20260886,74,500,15,3000,3000,3000,3000,"fast","control_informative",0.05,5,0.01,"","separate_mirage","pleiotropy","bfdr_discoveries",0.2,1
20260886,74,500,15,3000,3000,3000,3000,"fast","control_informative",0.05,5,0.01,"","separate_mirage","global","runtime_seconds",NA,18.366
20260886,74,500,15,3000,3000,3000,3000,"fast","control_informative",0.05,5,0.01,"","separate_mirage","pleiotropy","pi11_estimate",NA,0.001
20260886,74,500,15,3000,3000,3000,3000,"fast","control_informative",0.05,5,0.01,"","mtada_aggregated","trait1","auc",NA,0.678905263157895
20260886,74,500,15,3000,3000,3000,3000,"fast","control_informative",0.05,5,0.01,"","mtada_aggregated","trait2","auc",NA,0.672040816326531
20260886,74,500,15,3000,3000,3000,3000,"fast","control_informative",0.05,5,0.01,"","mtada_aggregated","pleiotropy","auc",NA,0.80040404040404
20260886,74,500,15,3000,3000,3000,3000,"fast","control_informative",0.05,5,0.01,"","mtada_aggregated","trait1","pp08_power",0.8,0.28
20260886,74,500,15,3000,3000,3000,3000,"fast","control_informative",0.05,5,0.01,"","mtada_aggregated","trait1","pp08_fdp",0.8,0.879310344827586
20260886,74,500,15,3000,3000,3000,3000,"fast","control_informative",0.05,5,0.01,"","mtada_aggregated","trait1","pp08_discoveries",0.8,58
20260886,74,500,15,3000,3000,3000,3000,"fast","control_informative",0.05,5,0.01,"","mtada_aggregated","trait2","pp08_power",0.8,0.1
20260886,74,500,15,3000,3000,3000,3000,"fast","control_informative",0.05,5,0.01,"","mtada_aggregated","trait2","pp08_fdp",0.8,0.975
20260886,74,500,15,3000,3000,3000,3000,"fast","control_informative",0.05,5,0.01,"","mtada_aggregated","trait2","pp08_discoveries",0.8,40
20260886,74,500,15,3000,3000,3000,3000,"fast","control_informative",0.05,5,0.01,"","mtada_aggregated","pleiotropy","pp08_power",0.8,0.2
20260886,74,500,15,3000,3000,3000,3000,"fast","control_informative",0.05,5,0.01,"","mtada_aggregated","pleiotropy","pp08_fdp",0.8,0.833333333333333
20260886,74,500,15,3000,3000,3000,3000,"fast","control_informative",0.05,5,0.01,"","mtada_aggregated","pleiotropy","pp08_discoveries",0.8,6
20260886,74,500,15,3000,3000,3000,3000,"fast","control_informative",0.05,5,0.01,"","mtada_aggregated","trait1","bfdr_observed_fdp",0.01,0.884615384615385
20260886,74,500,15,3000,3000,3000,3000,"fast","control_informative",0.05,5,0.01,"","mtada_aggregated","trait1","bfdr_estimate",0.01,0.00956971479292485
20260886,74,500,15,3000,3000,3000,3000,"fast","control_informative",0.05,5,0.01,"","mtada_aggregated","trait1","bfdr_power",0.01,0.24
20260886,74,500,15,3000,3000,3000,3000,"fast","control_informative",0.05,5,0.01,"","mtada_aggregated","trait1","bfdr_discoveries",0.01,52
20260886,74,500,15,3000,3000,3000,3000,"fast","control_informative",0.05,5,0.01,"","mtada_aggregated","trait1","bfdr_observed_fdp",0.05,0.854838709677419
20260886,74,500,15,3000,3000,3000,3000,"fast","control_informative",0.05,5,0.01,"","mtada_aggregated","trait1","bfdr_estimate",0.05,0.0443754896461517
20260886,74,500,15,3000,3000,3000,3000,"fast","control_informative",0.05,5,0.01,"","mtada_aggregated","trait1","bfdr_power",0.05,0.36
20260886,74,500,15,3000,3000,3000,3000,"fast","control_informative",0.05,5,0.01,"","mtada_aggregated","trait1","bfdr_discoveries",0.05,62
20260886,74,500,15,3000,3000,3000,3000,"fast","control_informative",0.05,5,0.01,"","mtada_aggregated","trait1","bfdr_observed_fdp",0.1,0.869565217391304
20260886,74,500,15,3000,3000,3000,3000,"fast","control_informative",0.05,5,0.01,"","mtada_aggregated","trait1","bfdr_estimate",0.1,0.0949486472015177
20260886,74,500,15,3000,3000,3000,3000,"fast","control_informative",0.05,5,0.01,"","mtada_aggregated","trait1","bfdr_power",0.1,0.36
20260886,74,500,15,3000,3000,3000,3000,"fast","control_informative",0.05,5,0.01,"","mtada_aggregated","trait1","bfdr_discoveries",0.1,69
20260886,74,500,15,3000,3000,3000,3000,"fast","control_informative",0.05,5,0.01,"","mtada_aggregated","trait1","bfdr_observed_fdp",0.2,0.876543209876543
20260886,74,500,15,3000,3000,3000,3000,"fast","control_informative",0.05,5,0.01,"","mtada_aggregated","trait1","bfdr_estimate",0.2,0.195531492487184
20260886,74,500,15,3000,3000,3000,3000,"fast","control_informative",0.05,5,0.01,"","mtada_aggregated","trait1","bfdr_power",0.2,0.4
20260886,74,500,15,3000,3000,3000,3000,"fast","control_informative",0.05,5,0.01,"","mtada_aggregated","trait1","bfdr_discoveries",0.2,81
20260886,74,500,15,3000,3000,3000,3000,"fast","control_informative",0.05,5,0.01,"","mtada_aggregated","trait2","bfdr_observed_fdp",0.01,0.972972972972973
20260886,74,500,15,3000,3000,3000,3000,"fast","control_informative",0.05,5,0.01,"","mtada_aggregated","trait2","bfdr_estimate",0.01,0.00655543829586768
20260886,74,500,15,3000,3000,3000,3000,"fast","control_informative",0.05,5,0.01,"","mtada_aggregated","trait2","bfdr_power",0.01,0.1
20260886,74,500,15,3000,3000,3000,3000,"fast","control_informative",0.05,5,0.01,"","mtada_aggregated","trait2","bfdr_discoveries",0.01,37
20260886,74,500,15,3000,3000,3000,3000,"fast","control_informative",0.05,5,0.01,"","mtada_aggregated","trait2","bfdr_observed_fdp",0.05,0.976744186046512
20260886,74,500,15,3000,3000,3000,3000,"fast","control_informative",0.05,5,0.01,"","mtada_aggregated","trait2","bfdr_estimate",0.05,0.043391628962821
20260886,74,500,15,3000,3000,3000,3000,"fast","control_informative",0.05,5,0.01,"","mtada_aggregated","trait2","bfdr_power",0.05,0.1
20260886,74,500,15,3000,3000,3000,3000,"fast","control_informative",0.05,5,0.01,"","mtada_aggregated","trait2","bfdr_discoveries",0.05,43
20260886,74,500,15,3000,3000,3000,3000,"fast","control_informative",0.05,5,0.01,"","mtada_aggregated","trait2","bfdr_observed_fdp",0.1,0.978723404255319
20260886,74,500,15,3000,3000,3000,3000,"fast","control_informative",0.05,5,0.01,"","mtada_aggregated","trait2","bfdr_estimate",0.1,0.088535205721868
20260886,74,500,15,3000,3000,3000,3000,"fast","control_informative",0.05,5,0.01,"","mtada_aggregated","trait2","bfdr_power",0.1,0.1
20260886,74,500,15,3000,3000,3000,3000,"fast","control_informative",0.05,5,0.01,"","mtada_aggregated","trait2","bfdr_discoveries",0.1,47
20260886,74,500,15,3000,3000,3000,3000,"fast","control_informative",0.05,5,0.01,"","mtada_aggregated","trait2","bfdr_observed_fdp",0.2,0.963636363636364
20260886,74,500,15,3000,3000,3000,3000,"fast","control_informative",0.05,5,0.01,"","mtada_aggregated","trait2","bfdr_estimate",0.2,0.191563841742333
20260886,74,500,15,3000,3000,3000,3000,"fast","control_informative",0.05,5,0.01,"","mtada_aggregated","trait2","bfdr_power",0.2,0.2
20260886,74,500,15,3000,3000,3000,3000,"fast","control_informative",0.05,5,0.01,"","mtada_aggregated","trait2","bfdr_discoveries",0.2,55
20260886,74,500,15,3000,3000,3000,3000,"fast","control_informative",0.05,5,0.01,"","mtada_aggregated","pleiotropy","bfdr_observed_fdp",0.01,0.8
20260886,74,500,15,3000,3000,3000,3000,"fast","control_informative",0.05,5,0.01,"","mtada_aggregated","pleiotropy","bfdr_estimate",0.01,0.0043083511021067
20260886,74,500,15,3000,3000,3000,3000,"fast","control_informative",0.05,5,0.01,"","mtada_aggregated","pleiotropy","bfdr_power",0.01,0.2
20260886,74,500,15,3000,3000,3000,3000,"fast","control_informative",0.05,5,0.01,"","mtada_aggregated","pleiotropy","bfdr_discoveries",0.01,5
20260886,74,500,15,3000,3000,3000,3000,"fast","control_informative",0.05,5,0.01,"","mtada_aggregated","pleiotropy","bfdr_observed_fdp",0.05,0.833333333333333
20260886,74,500,15,3000,3000,3000,3000,"fast","control_informative",0.05,5,0.01,"","mtada_aggregated","pleiotropy","bfdr_estimate",0.05,0.0310651560903528
20260886,74,500,15,3000,3000,3000,3000,"fast","control_informative",0.05,5,0.01,"","mtada_aggregated","pleiotropy","bfdr_power",0.05,0.2
20260886,74,500,15,3000,3000,3000,3000,"fast","control_informative",0.05,5,0.01,"","mtada_aggregated","pleiotropy","bfdr_discoveries",0.05,6
20260886,74,500,15,3000,3000,3000,3000,"fast","control_informative",0.05,5,0.01,"","mtada_aggregated","pleiotropy","bfdr_observed_fdp",0.1,0.857142857142857
20260886,74,500,15,3000,3000,3000,3000,"fast","control_informative",0.05,5,0.01,"","mtada_aggregated","pleiotropy","bfdr_estimate",0.1,0.099276941861134
20260886,74,500,15,3000,3000,3000,3000,"fast","control_informative",0.05,5,0.01,"","mtada_aggregated","pleiotropy","bfdr_power",0.1,0.2
20260886,74,500,15,3000,3000,3000,3000,"fast","control_informative",0.05,5,0.01,"","mtada_aggregated","pleiotropy","bfdr_discoveries",0.1,7
20260886,74,500,15,3000,3000,3000,3000,"fast","control_informative",0.05,5,0.01,"","mtada_aggregated","pleiotropy","bfdr_observed_fdp",0.2,0.875
20260886,74,500,15,3000,3000,3000,3000,"fast","control_informative",0.05,5,0.01,"","mtada_aggregated","pleiotropy","bfdr_estimate",0.2,0.186200301518611
20260886,74,500,15,3000,3000,3000,3000,"fast","control_informative",0.05,5,0.01,"","mtada_aggregated","pleiotropy","bfdr_power",0.2,0.2
20260886,74,500,15,3000,3000,3000,3000,"fast","control_informative",0.05,5,0.01,"","mtada_aggregated","pleiotropy","bfdr_discoveries",0.2,8
20260886,74,500,15,3000,3000,3000,3000,"fast","control_informative",0.05,5,0.01,"","mtada_aggregated","global","runtime_seconds",NA,0.735999999999876
20260886,74,500,15,3000,3000,3000,3000,"fast","control_informative",0.05,5,0.01,"","mtada_aggregated","pleiotropy","pi11_estimate",NA,0.00230247
20260887,75,500,15,3000,3000,3000,3000,"fast","control_informative",0.05,5,0.01,"","mirage_joint","trait1","auc",NA,0.682694736842105
20260887,75,500,15,3000,3000,3000,3000,"fast","control_informative",0.05,5,0.01,"","mirage_joint","trait2","auc",NA,0.649387755102041
20260887,75,500,15,3000,3000,3000,3000,"fast","control_informative",0.05,5,0.01,"","mirage_joint","pleiotropy","auc",NA,0.615353535353535
20260887,75,500,15,3000,3000,3000,3000,"fast","control_informative",0.05,5,0.01,"","mirage_joint","trait1","pp08_power",0.8,0.08
20260887,75,500,15,3000,3000,3000,3000,"fast","control_informative",0.05,5,0.01,"","mirage_joint","trait1","pp08_fdp",0.8,0.5
20260887,75,500,15,3000,3000,3000,3000,"fast","control_informative",0.05,5,0.01,"","mirage_joint","trait1","pp08_discoveries",0.8,4
20260887,75,500,15,3000,3000,3000,3000,"fast","control_informative",0.05,5,0.01,"","mirage_joint","trait2","pp08_power",0.8,0.1
20260887,75,500,15,3000,3000,3000,3000,"fast","control_informative",0.05,5,0.01,"","mirage_joint","trait2","pp08_fdp",0.8,0.5
20260887,75,500,15,3000,3000,3000,3000,"fast","control_informative",0.05,5,0.01,"","mirage_joint","trait2","pp08_discoveries",0.8,2
20260887,75,500,15,3000,3000,3000,3000,"fast","control_informative",0.05,5,0.01,"","mirage_joint","pleiotropy","pp08_power",0.8,0
20260887,75,500,15,3000,3000,3000,3000,"fast","control_informative",0.05,5,0.01,"","mirage_joint","pleiotropy","pp08_fdp",0.8,0
20260887,75,500,15,3000,3000,3000,3000,"fast","control_informative",0.05,5,0.01,"","mirage_joint","pleiotropy","pp08_discoveries",0.8,0
20260887,75,500,15,3000,3000,3000,3000,"fast","control_informative",0.05,5,0.01,"","mirage_joint","trait1","bfdr_observed_fdp",0.01,0
20260887,75,500,15,3000,3000,3000,3000,"fast","control_informative",0.05,5,0.01,"","mirage_joint","trait1","bfdr_estimate",0.01,1.94209981430049e-10
20260887,75,500,15,3000,3000,3000,3000,"fast","control_informative",0.05,5,0.01,"","mirage_joint","trait1","bfdr_power",0.01,0.04
20260887,75,500,15,3000,3000,3000,3000,"fast","control_informative",0.05,5,0.01,"","mirage_joint","trait1","bfdr_discoveries",0.01,1
20260887,75,500,15,3000,3000,3000,3000,"fast","control_informative",0.05,5,0.01,"","mirage_joint","trait1","bfdr_observed_fdp",0.05,0.5
20260887,75,500,15,3000,3000,3000,3000,"fast","control_informative",0.05,5,0.01,"","mirage_joint","trait1","bfdr_estimate",0.05,0.0134087321214063
20260887,75,500,15,3000,3000,3000,3000,"fast","control_informative",0.05,5,0.01,"","mirage_joint","trait1","bfdr_power",0.05,0.04
20260887,75,500,15,3000,3000,3000,3000,"fast","control_informative",0.05,5,0.01,"","mirage_joint","trait1","bfdr_discoveries",0.05,2
20260887,75,500,15,3000,3000,3000,3000,"fast","control_informative",0.05,5,0.01,"","mirage_joint","trait1","bfdr_observed_fdp",0.1,0.333333333333333
20260887,75,500,15,3000,3000,3000,3000,"fast","control_informative",0.05,5,0.01,"","mirage_joint","trait1","bfdr_estimate",0.1,0.0677353871928777
20260887,75,500,15,3000,3000,3000,3000,"fast","control_informative",0.05,5,0.01,"","mirage_joint","trait1","bfdr_power",0.1,0.08
20260887,75,500,15,3000,3000,3000,3000,"fast","control_informative",0.05,5,0.01,"","mirage_joint","trait1","bfdr_discoveries",0.1,3
20260887,75,500,15,3000,3000,3000,3000,"fast","control_informative",0.05,5,0.01,"","mirage_joint","trait1","bfdr_observed_fdp",0.2,0.714285714285714
20260887,75,500,15,3000,3000,3000,3000,"fast","control_informative",0.05,5,0.01,"","mirage_joint","trait1","bfdr_estimate",0.2,0.196961061445408
20260887,75,500,15,3000,3000,3000,3000,"fast","control_informative",0.05,5,0.01,"","mirage_joint","trait1","bfdr_power",0.2,0.08
20260887,75,500,15,3000,3000,3000,3000,"fast","control_informative",0.05,5,0.01,"","mirage_joint","trait1","bfdr_discoveries",0.2,7
20260887,75,500,15,3000,3000,3000,3000,"fast","control_informative",0.05,5,0.01,"","mirage_joint","trait2","bfdr_observed_fdp",0.01,0
20260887,75,500,15,3000,3000,3000,3000,"fast","control_informative",0.05,5,0.01,"","mirage_joint","trait2","bfdr_estimate",0.01,2.62715635912514e-07
20260887,75,500,15,3000,3000,3000,3000,"fast","control_informative",0.05,5,0.01,"","mirage_joint","trait2","bfdr_power",0.01,0.1
20260887,75,500,15,3000,3000,3000,3000,"fast","control_informative",0.05,5,0.01,"","mirage_joint","trait2","bfdr_discoveries",0.01,1
20260887,75,500,15,3000,3000,3000,3000,"fast","control_informative",0.05,5,0.01,"","mirage_joint","trait2","bfdr_observed_fdp",0.05,0
20260887,75,500,15,3000,3000,3000,3000,"fast","control_informative",0.05,5,0.01,"","mirage_joint","trait2","bfdr_estimate",0.05,2.62715635912514e-07
20260887,75,500,15,3000,3000,3000,3000,"fast","control_informative",0.05,5,0.01,"","mirage_joint","trait2","bfdr_power",0.05,0.1
20260887,75,500,15,3000,3000,3000,3000,"fast","control_informative",0.05,5,0.01,"","mirage_joint","trait2","bfdr_discoveries",0.05,1
20260887,75,500,15,3000,3000,3000,3000,"fast","control_informative",0.05,5,0.01,"","mirage_joint","trait2","bfdr_observed_fdp",0.1,0.5
20260887,75,500,15,3000,3000,3000,3000,"fast","control_informative",0.05,5,0.01,"","mirage_joint","trait2","bfdr_estimate",0.1,0.072342996448377
20260887,75,500,15,3000,3000,3000,3000,"fast","control_informative",0.05,5,0.01,"","mirage_joint","trait2","bfdr_power",0.1,0.1
20260887,75,500,15,3000,3000,3000,3000,"fast","control_informative",0.05,5,0.01,"","mirage_joint","trait2","bfdr_discoveries",0.1,2
20260887,75,500,15,3000,3000,3000,3000,"fast","control_informative",0.05,5,0.01,"","mirage_joint","trait2","bfdr_observed_fdp",0.2,0.5
20260887,75,500,15,3000,3000,3000,3000,"fast","control_informative",0.05,5,0.01,"","mirage_joint","trait2","bfdr_estimate",0.2,0.072342996448377
20260887,75,500,15,3000,3000,3000,3000,"fast","control_informative",0.05,5,0.01,"","mirage_joint","trait2","bfdr_power",0.2,0.1
20260887,75,500,15,3000,3000,3000,3000,"fast","control_informative",0.05,5,0.01,"","mirage_joint","trait2","bfdr_discoveries",0.2,2
20260887,75,500,15,3000,3000,3000,3000,"fast","control_informative",0.05,5,0.01,"","mirage_joint","pleiotropy","bfdr_observed_fdp",0.01,0
20260887,75,500,15,3000,3000,3000,3000,"fast","control_informative",0.05,5,0.01,"","mirage_joint","pleiotropy","bfdr_estimate",0.01,0
20260887,75,500,15,3000,3000,3000,3000,"fast","control_informative",0.05,5,0.01,"","mirage_joint","pleiotropy","bfdr_power",0.01,0
20260887,75,500,15,3000,3000,3000,3000,"fast","control_informative",0.05,5,0.01,"","mirage_joint","pleiotropy","bfdr_discoveries",0.01,0
20260887,75,500,15,3000,3000,3000,3000,"fast","control_informative",0.05,5,0.01,"","mirage_joint","pleiotropy","bfdr_observed_fdp",0.05,0
20260887,75,500,15,3000,3000,3000,3000,"fast","control_informative",0.05,5,0.01,"","mirage_joint","pleiotropy","bfdr_estimate",0.05,0
20260887,75,500,15,3000,3000,3000,3000,"fast","control_informative",0.05,5,0.01,"","mirage_joint","pleiotropy","bfdr_power",0.05,0
20260887,75,500,15,3000,3000,3000,3000,"fast","control_informative",0.05,5,0.01,"","mirage_joint","pleiotropy","bfdr_discoveries",0.05,0
20260887,75,500,15,3000,3000,3000,3000,"fast","control_informative",0.05,5,0.01,"","mirage_joint","pleiotropy","bfdr_observed_fdp",0.1,0
20260887,75,500,15,3000,3000,3000,3000,"fast","control_informative",0.05,5,0.01,"","mirage_joint","pleiotropy","bfdr_estimate",0.1,0
20260887,75,500,15,3000,3000,3000,3000,"fast","control_informative",0.05,5,0.01,"","mirage_joint","pleiotropy","bfdr_power",0.1,0
20260887,75,500,15,3000,3000,3000,3000,"fast","control_informative",0.05,5,0.01,"","mirage_joint","pleiotropy","bfdr_discoveries",0.1,0
20260887,75,500,15,3000,3000,3000,3000,"fast","control_informative",0.05,5,0.01,"","mirage_joint","pleiotropy","bfdr_observed_fdp",0.2,0
20260887,75,500,15,3000,3000,3000,3000,"fast","control_informative",0.05,5,0.01,"","mirage_joint","pleiotropy","bfdr_estimate",0.2,0
20260887,75,500,15,3000,3000,3000,3000,"fast","control_informative",0.05,5,0.01,"","mirage_joint","pleiotropy","bfdr_power",0.2,0
20260887,75,500,15,3000,3000,3000,3000,"fast","control_informative",0.05,5,0.01,"","mirage_joint","pleiotropy","bfdr_discoveries",0.2,0
20260887,75,500,15,3000,3000,3000,3000,"fast","control_informative",0.05,5,0.01,"","mirage_joint","global","runtime_seconds",NA,18.9950000000001
20260887,75,500,15,3000,3000,3000,3000,"fast","control_informative",0.05,5,0.01,"","mirage_joint","pleiotropy","pi11_estimate",NA,0.0527761758516407
20260887,75,500,15,3000,3000,3000,3000,"fast","control_informative",0.05,5,0.01,"","separate_mirage","trait1","auc",NA,0.690778947368421
20260887,75,500,15,3000,3000,3000,3000,"fast","control_informative",0.05,5,0.01,"","separate_mirage","trait2","auc",NA,0.672244897959184
20260887,75,500,15,3000,3000,3000,3000,"fast","control_informative",0.05,5,0.01,"","separate_mirage","pleiotropy","auc",NA,0.635959595959596
20260887,75,500,15,3000,3000,3000,3000,"fast","control_informative",0.05,5,0.01,"","separate_mirage","trait1","pp08_power",0.8,0.04
20260887,75,500,15,3000,3000,3000,3000,"fast","control_informative",0.05,5,0.01,"","separate_mirage","trait1","pp08_fdp",0.8,0.5
20260887,75,500,15,3000,3000,3000,3000,"fast","control_informative",0.05,5,0.01,"","separate_mirage","trait1","pp08_discoveries",0.8,2
20260887,75,500,15,3000,3000,3000,3000,"fast","control_informative",0.05,5,0.01,"","separate_mirage","trait2","pp08_power",0.8,0.1
20260887,75,500,15,3000,3000,3000,3000,"fast","control_informative",0.05,5,0.01,"","separate_mirage","trait2","pp08_fdp",0.8,0
20260887,75,500,15,3000,3000,3000,3000,"fast","control_informative",0.05,5,0.01,"","separate_mirage","trait2","pp08_discoveries",0.8,1
20260887,75,500,15,3000,3000,3000,3000,"fast","control_informative",0.05,5,0.01,"","separate_mirage","pleiotropy","pp08_power",0.8,0
20260887,75,500,15,3000,3000,3000,3000,"fast","control_informative",0.05,5,0.01,"","separate_mirage","pleiotropy","pp08_fdp",0.8,0
20260887,75,500,15,3000,3000,3000,3000,"fast","control_informative",0.05,5,0.01,"","separate_mirage","pleiotropy","pp08_discoveries",0.8,0
20260887,75,500,15,3000,3000,3000,3000,"fast","control_informative",0.05,5,0.01,"","separate_mirage","trait1","bfdr_observed_fdp",0.01,0.5
20260887,75,500,15,3000,3000,3000,3000,"fast","control_informative",0.05,5,0.01,"","separate_mirage","trait1","bfdr_estimate",0.01,0.00594947346456953
20260887,75,500,15,3000,3000,3000,3000,"fast","control_informative",0.05,5,0.01,"","separate_mirage","trait1","bfdr_power",0.01,0.04
20260887,75,500,15,3000,3000,3000,3000,"fast","control_informative",0.05,5,0.01,"","separate_mirage","trait1","bfdr_discoveries",0.01,2
20260887,75,500,15,3000,3000,3000,3000,"fast","control_informative",0.05,5,0.01,"","separate_mirage","trait1","bfdr_observed_fdp",0.05,0.5
20260887,75,500,15,3000,3000,3000,3000,"fast","control_informative",0.05,5,0.01,"","separate_mirage","trait1","bfdr_estimate",0.05,0.00594947346456953
20260887,75,500,15,3000,3000,3000,3000,"fast","control_informative",0.05,5,0.01,"","separate_mirage","trait1","bfdr_power",0.05,0.04
20260887,75,500,15,3000,3000,3000,3000,"fast","control_informative",0.05,5,0.01,"","separate_mirage","trait1","bfdr_discoveries",0.05,2
20260887,75,500,15,3000,3000,3000,3000,"fast","control_informative",0.05,5,0.01,"","separate_mirage","trait1","bfdr_observed_fdp",0.1,0.666666666666667
20260887,75,500,15,3000,3000,3000,3000,"fast","control_informative",0.05,5,0.01,"","separate_mirage","trait1","bfdr_estimate",0.1,0.0793770292656623
20260887,75,500,15,3000,3000,3000,3000,"fast","control_informative",0.05,5,0.01,"","separate_mirage","trait1","bfdr_power",0.1,0.04
20260887,75,500,15,3000,3000,3000,3000,"fast","control_informative",0.05,5,0.01,"","separate_mirage","trait1","bfdr_discoveries",0.1,3
20260887,75,500,15,3000,3000,3000,3000,"fast","control_informative",0.05,5,0.01,"","separate_mirage","trait1","bfdr_observed_fdp",0.2,0.6
20260887,75,500,15,3000,3000,3000,3000,"fast","control_informative",0.05,5,0.01,"","separate_mirage","trait1","bfdr_estimate",0.2,0.196894400152234
20260887,75,500,15,3000,3000,3000,3000,"fast","control_informative",0.05,5,0.01,"","separate_mirage","trait1","bfdr_power",0.2,0.08
20260887,75,500,15,3000,3000,3000,3000,"fast","control_informative",0.05,5,0.01,"","separate_mirage","trait1","bfdr_discoveries",0.2,5
20260887,75,500,15,3000,3000,3000,3000,"fast","control_informative",0.05,5,0.01,"","separate_mirage","trait2","bfdr_observed_fdp",0.01,0
20260887,75,500,15,3000,3000,3000,3000,"fast","control_informative",0.05,5,0.01,"","separate_mirage","trait2","bfdr_estimate",0.01,3.89399413269764e-07
20260887,75,500,15,3000,3000,3000,3000,"fast","control_informative",0.05,5,0.01,"","separate_mirage","trait2","bfdr_power",0.01,0.1
20260887,75,500,15,3000,3000,3000,3000,"fast","control_informative",0.05,5,0.01,"","separate_mirage","trait2","bfdr_discoveries",0.01,1
20260887,75,500,15,3000,3000,3000,3000,"fast","control_informative",0.05,5,0.01,"","separate_mirage","trait2","bfdr_observed_fdp",0.05,0
20260887,75,500,15,3000,3000,3000,3000,"fast","control_informative",0.05,5,0.01,"","separate_mirage","trait2","bfdr_estimate",0.05,3.89399413269764e-07
20260887,75,500,15,3000,3000,3000,3000,"fast","control_informative",0.05,5,0.01,"","separate_mirage","trait2","bfdr_power",0.05,0.1
20260887,75,500,15,3000,3000,3000,3000,"fast","control_informative",0.05,5,0.01,"","separate_mirage","trait2","bfdr_discoveries",0.05,1
20260887,75,500,15,3000,3000,3000,3000,"fast","control_informative",0.05,5,0.01,"","separate_mirage","trait2","bfdr_observed_fdp",0.1,0
20260887,75,500,15,3000,3000,3000,3000,"fast","control_informative",0.05,5,0.01,"","separate_mirage","trait2","bfdr_estimate",0.1,3.89399413269764e-07
20260887,75,500,15,3000,3000,3000,3000,"fast","control_informative",0.05,5,0.01,"","separate_mirage","trait2","bfdr_power",0.1,0.1
20260887,75,500,15,3000,3000,3000,3000,"fast","control_informative",0.05,5,0.01,"","separate_mirage","trait2","bfdr_discoveries",0.1,1
20260887,75,500,15,3000,3000,3000,3000,"fast","control_informative",0.05,5,0.01,"","separate_mirage","trait2","bfdr_observed_fdp",0.2,0.5
20260887,75,500,15,3000,3000,3000,3000,"fast","control_informative",0.05,5,0.01,"","separate_mirage","trait2","bfdr_estimate",0.2,0.175490564826878
20260887,75,500,15,3000,3000,3000,3000,"fast","control_informative",0.05,5,0.01,"","separate_mirage","trait2","bfdr_power",0.2,0.1
20260887,75,500,15,3000,3000,3000,3000,"fast","control_informative",0.05,5,0.01,"","separate_mirage","trait2","bfdr_discoveries",0.2,2
20260887,75,500,15,3000,3000,3000,3000,"fast","control_informative",0.05,5,0.01,"","separate_mirage","pleiotropy","bfdr_observed_fdp",0.01,0
20260887,75,500,15,3000,3000,3000,3000,"fast","control_informative",0.05,5,0.01,"","separate_mirage","pleiotropy","bfdr_estimate",0.01,0
20260887,75,500,15,3000,3000,3000,3000,"fast","control_informative",0.05,5,0.01,"","separate_mirage","pleiotropy","bfdr_power",0.01,0
20260887,75,500,15,3000,3000,3000,3000,"fast","control_informative",0.05,5,0.01,"","separate_mirage","pleiotropy","bfdr_discoveries",0.01,0
20260887,75,500,15,3000,3000,3000,3000,"fast","control_informative",0.05,5,0.01,"","separate_mirage","pleiotropy","bfdr_observed_fdp",0.05,0
20260887,75,500,15,3000,3000,3000,3000,"fast","control_informative",0.05,5,0.01,"","separate_mirage","pleiotropy","bfdr_estimate",0.05,0
20260887,75,500,15,3000,3000,3000,3000,"fast","control_informative",0.05,5,0.01,"","separate_mirage","pleiotropy","bfdr_power",0.05,0
20260887,75,500,15,3000,3000,3000,3000,"fast","control_informative",0.05,5,0.01,"","separate_mirage","pleiotropy","bfdr_discoveries",0.05,0
20260887,75,500,15,3000,3000,3000,3000,"fast","control_informative",0.05,5,0.01,"","separate_mirage","pleiotropy","bfdr_observed_fdp",0.1,0
20260887,75,500,15,3000,3000,3000,3000,"fast","control_informative",0.05,5,0.01,"","separate_mirage","pleiotropy","bfdr_estimate",0.1,0
20260887,75,500,15,3000,3000,3000,3000,"fast","control_informative",0.05,5,0.01,"","separate_mirage","pleiotropy","bfdr_power",0.1,0
20260887,75,500,15,3000,3000,3000,3000,"fast","control_informative",0.05,5,0.01,"","separate_mirage","pleiotropy","bfdr_discoveries",0.1,0
20260887,75,500,15,3000,3000,3000,3000,"fast","control_informative",0.05,5,0.01,"","separate_mirage","pleiotropy","bfdr_observed_fdp",0.2,0
20260887,75,500,15,3000,3000,3000,3000,"fast","control_informative",0.05,5,0.01,"","separate_mirage","pleiotropy","bfdr_estimate",0.2,0
20260887,75,500,15,3000,3000,3000,3000,"fast","control_informative",0.05,5,0.01,"","separate_mirage","pleiotropy","bfdr_power",0.2,0
20260887,75,500,15,3000,3000,3000,3000,"fast","control_informative",0.05,5,0.01,"","separate_mirage","pleiotropy","bfdr_discoveries",0.2,0
20260887,75,500,15,3000,3000,3000,3000,"fast","control_informative",0.05,5,0.01,"","separate_mirage","global","runtime_seconds",NA,18.3920000000001
20260887,75,500,15,3000,3000,3000,3000,"fast","control_informative",0.05,5,0.01,"","separate_mirage","pleiotropy","pi11_estimate",NA,0.001
20260887,75,500,15,3000,3000,3000,3000,"fast","control_informative",0.05,5,0.01,"","mtada_aggregated","trait1","auc",NA,0.715242105263158
20260887,75,500,15,3000,3000,3000,3000,"fast","control_informative",0.05,5,0.01,"","mtada_aggregated","trait2","auc",NA,0.668163265306122
20260887,75,500,15,3000,3000,3000,3000,"fast","control_informative",0.05,5,0.01,"","mtada_aggregated","pleiotropy","auc",NA,0.733333333333333
20260887,75,500,15,3000,3000,3000,3000,"fast","control_informative",0.05,5,0.01,"","mtada_aggregated","trait1","pp08_power",0.8,0.16
20260887,75,500,15,3000,3000,3000,3000,"fast","control_informative",0.05,5,0.01,"","mtada_aggregated","trait1","pp08_fdp",0.8,0.914893617021277
20260887,75,500,15,3000,3000,3000,3000,"fast","control_informative",0.05,5,0.01,"","mtada_aggregated","trait1","pp08_discoveries",0.8,47
20260887,75,500,15,3000,3000,3000,3000,"fast","control_informative",0.05,5,0.01,"","mtada_aggregated","trait2","pp08_power",0.8,0.2
20260887,75,500,15,3000,3000,3000,3000,"fast","control_informative",0.05,5,0.01,"","mtada_aggregated","trait2","pp08_fdp",0.8,0.952380952380952
20260887,75,500,15,3000,3000,3000,3000,"fast","control_informative",0.05,5,0.01,"","mtada_aggregated","trait2","pp08_discoveries",0.8,42
20260887,75,500,15,3000,3000,3000,3000,"fast","control_informative",0.05,5,0.01,"","mtada_aggregated","pleiotropy","pp08_power",0.8,0
20260887,75,500,15,3000,3000,3000,3000,"fast","control_informative",0.05,5,0.01,"","mtada_aggregated","pleiotropy","pp08_fdp",0.8,1
20260887,75,500,15,3000,3000,3000,3000,"fast","control_informative",0.05,5,0.01,"","mtada_aggregated","pleiotropy","pp08_discoveries",0.8,4
20260887,75,500,15,3000,3000,3000,3000,"fast","control_informative",0.05,5,0.01,"","mtada_aggregated","trait1","bfdr_observed_fdp",0.01,0.906976744186046
20260887,75,500,15,3000,3000,3000,3000,"fast","control_informative",0.05,5,0.01,"","mtada_aggregated","trait1","bfdr_estimate",0.01,0.00955210860122069
20260887,75,500,15,3000,3000,3000,3000,"fast","control_informative",0.05,5,0.01,"","mtada_aggregated","trait1","bfdr_power",0.01,0.16
20260887,75,500,15,3000,3000,3000,3000,"fast","control_informative",0.05,5,0.01,"","mtada_aggregated","trait1","bfdr_discoveries",0.01,43
20260887,75,500,15,3000,3000,3000,3000,"fast","control_informative",0.05,5,0.01,"","mtada_aggregated","trait1","bfdr_observed_fdp",0.05,0.905660377358491
20260887,75,500,15,3000,3000,3000,3000,"fast","control_informative",0.05,5,0.01,"","mtada_aggregated","trait1","bfdr_estimate",0.05,0.0475182300318127
20260887,75,500,15,3000,3000,3000,3000,"fast","control_informative",0.05,5,0.01,"","mtada_aggregated","trait1","bfdr_power",0.05,0.2
20260887,75,500,15,3000,3000,3000,3000,"fast","control_informative",0.05,5,0.01,"","mtada_aggregated","trait1","bfdr_discoveries",0.05,53
20260887,75,500,15,3000,3000,3000,3000,"fast","control_informative",0.05,5,0.01,"","mtada_aggregated","trait1","bfdr_observed_fdp",0.1,0.9
20260887,75,500,15,3000,3000,3000,3000,"fast","control_informative",0.05,5,0.01,"","mtada_aggregated","trait1","bfdr_estimate",0.1,0.0975279393574788
20260887,75,500,15,3000,3000,3000,3000,"fast","control_informative",0.05,5,0.01,"","mtada_aggregated","trait1","bfdr_power",0.1,0.24
20260887,75,500,15,3000,3000,3000,3000,"fast","control_informative",0.05,5,0.01,"","mtada_aggregated","trait1","bfdr_discoveries",0.1,60
20260887,75,500,15,3000,3000,3000,3000,"fast","control_informative",0.05,5,0.01,"","mtada_aggregated","trait1","bfdr_observed_fdp",0.2,0.887323943661972
20260887,75,500,15,3000,3000,3000,3000,"fast","control_informative",0.05,5,0.01,"","mtada_aggregated","trait1","bfdr_estimate",0.2,0.194022443168297
20260887,75,500,15,3000,3000,3000,3000,"fast","control_informative",0.05,5,0.01,"","mtada_aggregated","trait1","bfdr_power",0.2,0.32
20260887,75,500,15,3000,3000,3000,3000,"fast","control_informative",0.05,5,0.01,"","mtada_aggregated","trait1","bfdr_discoveries",0.2,71
20260887,75,500,15,3000,3000,3000,3000,"fast","control_informative",0.05,5,0.01,"","mtada_aggregated","trait2","bfdr_observed_fdp",0.01,0.9375
20260887,75,500,15,3000,3000,3000,3000,"fast","control_informative",0.05,5,0.01,"","mtada_aggregated","trait2","bfdr_estimate",0.01,0.00889771198578439
20260887,75,500,15,3000,3000,3000,3000,"fast","control_informative",0.05,5,0.01,"","mtada_aggregated","trait2","bfdr_power",0.01,0.2
20260887,75,500,15,3000,3000,3000,3000,"fast","control_informative",0.05,5,0.01,"","mtada_aggregated","trait2","bfdr_discoveries",0.01,32
20260887,75,500,15,3000,3000,3000,3000,"fast","control_informative",0.05,5,0.01,"","mtada_aggregated","trait2","bfdr_observed_fdp",0.05,0.954545454545455
20260887,75,500,15,3000,3000,3000,3000,"fast","control_informative",0.05,5,0.01,"","mtada_aggregated","trait2","bfdr_estimate",0.05,0.0491558504952526
20260887,75,500,15,3000,3000,3000,3000,"fast","control_informative",0.05,5,0.01,"","mtada_aggregated","trait2","bfdr_power",0.05,0.2
20260887,75,500,15,3000,3000,3000,3000,"fast","control_informative",0.05,5,0.01,"","mtada_aggregated","trait2","bfdr_discoveries",0.05,44
20260887,75,500,15,3000,3000,3000,3000,"fast","control_informative",0.05,5,0.01,"","mtada_aggregated","trait2","bfdr_observed_fdp",0.1,0.96078431372549
20260887,75,500,15,3000,3000,3000,3000,"fast","control_informative",0.05,5,0.01,"","mtada_aggregated","trait2","bfdr_estimate",0.1,0.0992835614866137
20260887,75,500,15,3000,3000,3000,3000,"fast","control_informative",0.05,5,0.01,"","mtada_aggregated","trait2","bfdr_power",0.1,0.2
20260887,75,500,15,3000,3000,3000,3000,"fast","control_informative",0.05,5,0.01,"","mtada_aggregated","trait2","bfdr_discoveries",0.1,51
20260887,75,500,15,3000,3000,3000,3000,"fast","control_informative",0.05,5,0.01,"","mtada_aggregated","trait2","bfdr_observed_fdp",0.2,0.967213114754098
20260887,75,500,15,3000,3000,3000,3000,"fast","control_informative",0.05,5,0.01,"","mtada_aggregated","trait2","bfdr_estimate",0.2,0.199498267131868
20260887,75,500,15,3000,3000,3000,3000,"fast","control_informative",0.05,5,0.01,"","mtada_aggregated","trait2","bfdr_power",0.2,0.2
20260887,75,500,15,3000,3000,3000,3000,"fast","control_informative",0.05,5,0.01,"","mtada_aggregated","trait2","bfdr_discoveries",0.2,61
20260887,75,500,15,3000,3000,3000,3000,"fast","control_informative",0.05,5,0.01,"","mtada_aggregated","pleiotropy","bfdr_observed_fdp",0.01,1
20260887,75,500,15,3000,3000,3000,3000,"fast","control_informative",0.05,5,0.01,"","mtada_aggregated","pleiotropy","bfdr_estimate",0.01,0.00459076880122627
20260887,75,500,15,3000,3000,3000,3000,"fast","control_informative",0.05,5,0.01,"","mtada_aggregated","pleiotropy","bfdr_power",0.01,0
20260887,75,500,15,3000,3000,3000,3000,"fast","control_informative",0.05,5,0.01,"","mtada_aggregated","pleiotropy","bfdr_discoveries",0.01,4
20260887,75,500,15,3000,3000,3000,3000,"fast","control_informative",0.05,5,0.01,"","mtada_aggregated","pleiotropy","bfdr_observed_fdp",0.05,1
20260887,75,500,15,3000,3000,3000,3000,"fast","control_informative",0.05,5,0.01,"","mtada_aggregated","pleiotropy","bfdr_estimate",0.05,0.0471907269561156
20260887,75,500,15,3000,3000,3000,3000,"fast","control_informative",0.05,5,0.01,"","mtada_aggregated","pleiotropy","bfdr_power",0.05,0
20260887,75,500,15,3000,3000,3000,3000,"fast","control_informative",0.05,5,0.01,"","mtada_aggregated","pleiotropy","bfdr_discoveries",0.05,5
20260887,75,500,15,3000,3000,3000,3000,"fast","control_informative",0.05,5,0.01,"","mtada_aggregated","pleiotropy","bfdr_observed_fdp",0.1,1
20260887,75,500,15,3000,3000,3000,3000,"fast","control_informative",0.05,5,0.01,"","mtada_aggregated","pleiotropy","bfdr_estimate",0.1,0.0471907269561156
20260887,75,500,15,3000,3000,3000,3000,"fast","control_informative",0.05,5,0.01,"","mtada_aggregated","pleiotropy","bfdr_power",0.1,0
20260887,75,500,15,3000,3000,3000,3000,"fast","control_informative",0.05,5,0.01,"","mtada_aggregated","pleiotropy","bfdr_discoveries",0.1,5
20260887,75,500,15,3000,3000,3000,3000,"fast","control_informative",0.05,5,0.01,"","mtada_aggregated","pleiotropy","bfdr_observed_fdp",0.2,1
20260887,75,500,15,3000,3000,3000,3000,"fast","control_informative",0.05,5,0.01,"","mtada_aggregated","pleiotropy","bfdr_estimate",0.2,0.131664796465708
20260887,75,500,15,3000,3000,3000,3000,"fast","control_informative",0.05,5,0.01,"","mtada_aggregated","pleiotropy","bfdr_power",0.2,0
20260887,75,500,15,3000,3000,3000,3000,"fast","control_informative",0.05,5,0.01,"","mtada_aggregated","pleiotropy","bfdr_discoveries",0.2,6
20260887,75,500,15,3000,3000,3000,3000,"fast","control_informative",0.05,5,0.01,"","mtada_aggregated","global","runtime_seconds",NA,0.686999999999898
20260887,75,500,15,3000,3000,3000,3000,"fast","control_informative",0.05,5,0.01,"","mtada_aggregated","pleiotropy","pi11_estimate",NA,0.0016315
20260888,76,500,15,3000,3000,3000,3000,"fast","control_informative",0.05,5,0.01,"","mirage_joint","trait1","auc",NA,0.614905263157895
20260888,76,500,15,3000,3000,3000,3000,"fast","control_informative",0.05,5,0.01,"","mirage_joint","trait2","auc",NA,0.713877551020408
20260888,76,500,15,3000,3000,3000,3000,"fast","control_informative",0.05,5,0.01,"","mirage_joint","pleiotropy","auc",NA,0.868686868686869
20260888,76,500,15,3000,3000,3000,3000,"fast","control_informative",0.05,5,0.01,"","mirage_joint","trait1","pp08_power",0.8,0.16
20260888,76,500,15,3000,3000,3000,3000,"fast","control_informative",0.05,5,0.01,"","mirage_joint","trait1","pp08_fdp",0.8,0
20260888,76,500,15,3000,3000,3000,3000,"fast","control_informative",0.05,5,0.01,"","mirage_joint","trait1","pp08_discoveries",0.8,4
20260888,76,500,15,3000,3000,3000,3000,"fast","control_informative",0.05,5,0.01,"","mirage_joint","trait2","pp08_power",0.8,0.1
20260888,76,500,15,3000,3000,3000,3000,"fast","control_informative",0.05,5,0.01,"","mirage_joint","trait2","pp08_fdp",0.8,0
20260888,76,500,15,3000,3000,3000,3000,"fast","control_informative",0.05,5,0.01,"","mirage_joint","trait2","pp08_discoveries",0.8,1
20260888,76,500,15,3000,3000,3000,3000,"fast","control_informative",0.05,5,0.01,"","mirage_joint","pleiotropy","pp08_power",0.8,0
20260888,76,500,15,3000,3000,3000,3000,"fast","control_informative",0.05,5,0.01,"","mirage_joint","pleiotropy","pp08_fdp",0.8,0
20260888,76,500,15,3000,3000,3000,3000,"fast","control_informative",0.05,5,0.01,"","mirage_joint","pleiotropy","pp08_discoveries",0.8,0
20260888,76,500,15,3000,3000,3000,3000,"fast","control_informative",0.05,5,0.01,"","mirage_joint","trait1","bfdr_observed_fdp",0.01,0
20260888,76,500,15,3000,3000,3000,3000,"fast","control_informative",0.05,5,0.01,"","mirage_joint","trait1","bfdr_estimate",0.01,0.00303131688128296
20260888,76,500,15,3000,3000,3000,3000,"fast","control_informative",0.05,5,0.01,"","mirage_joint","trait1","bfdr_power",0.01,0.12
20260888,76,500,15,3000,3000,3000,3000,"fast","control_informative",0.05,5,0.01,"","mirage_joint","trait1","bfdr_discoveries",0.01,3
20260888,76,500,15,3000,3000,3000,3000,"fast","control_informative",0.05,5,0.01,"","mirage_joint","trait1","bfdr_observed_fdp",0.05,0
20260888,76,500,15,3000,3000,3000,3000,"fast","control_informative",0.05,5,0.01,"","mirage_joint","trait1","bfdr_estimate",0.05,0.0316526904569683
20260888,76,500,15,3000,3000,3000,3000,"fast","control_informative",0.05,5,0.01,"","mirage_joint","trait1","bfdr_power",0.05,0.16
20260888,76,500,15,3000,3000,3000,3000,"fast","control_informative",0.05,5,0.01,"","mirage_joint","trait1","bfdr_discoveries",0.05,4
20260888,76,500,15,3000,3000,3000,3000,"fast","control_informative",0.05,5,0.01,"","mirage_joint","trait1","bfdr_observed_fdp",0.1,0
20260888,76,500,15,3000,3000,3000,3000,"fast","control_informative",0.05,5,0.01,"","mirage_joint","trait1","bfdr_estimate",0.1,0.0934190541025066
20260888,76,500,15,3000,3000,3000,3000,"fast","control_informative",0.05,5,0.01,"","mirage_joint","trait1","bfdr_power",0.1,0.2
20260888,76,500,15,3000,3000,3000,3000,"fast","control_informative",0.05,5,0.01,"","mirage_joint","trait1","bfdr_discoveries",0.1,5
20260888,76,500,15,3000,3000,3000,3000,"fast","control_informative",0.05,5,0.01,"","mirage_joint","trait1","bfdr_observed_fdp",0.2,0.142857142857143
20260888,76,500,15,3000,3000,3000,3000,"fast","control_informative",0.05,5,0.01,"","mirage_joint","trait1","bfdr_estimate",0.2,0.196863894168557
20260888,76,500,15,3000,3000,3000,3000,"fast","control_informative",0.05,5,0.01,"","mirage_joint","trait1","bfdr_power",0.2,0.24
20260888,76,500,15,3000,3000,3000,3000,"fast","control_informative",0.05,5,0.01,"","mirage_joint","trait1","bfdr_discoveries",0.2,7
20260888,76,500,15,3000,3000,3000,3000,"fast","control_informative",0.05,5,0.01,"","mirage_joint","trait2","bfdr_observed_fdp",0.01,0
20260888,76,500,15,3000,3000,3000,3000,"fast","control_informative",0.05,5,0.01,"","mirage_joint","trait2","bfdr_estimate",0.01,0
20260888,76,500,15,3000,3000,3000,3000,"fast","control_informative",0.05,5,0.01,"","mirage_joint","trait2","bfdr_power",0.01,0
20260888,76,500,15,3000,3000,3000,3000,"fast","control_informative",0.05,5,0.01,"","mirage_joint","trait2","bfdr_discoveries",0.01,0
20260888,76,500,15,3000,3000,3000,3000,"fast","control_informative",0.05,5,0.01,"","mirage_joint","trait2","bfdr_observed_fdp",0.05,0
20260888,76,500,15,3000,3000,3000,3000,"fast","control_informative",0.05,5,0.01,"","mirage_joint","trait2","bfdr_estimate",0.05,0
20260888,76,500,15,3000,3000,3000,3000,"fast","control_informative",0.05,5,0.01,"","mirage_joint","trait2","bfdr_power",0.05,0
20260888,76,500,15,3000,3000,3000,3000,"fast","control_informative",0.05,5,0.01,"","mirage_joint","trait2","bfdr_discoveries",0.05,0
20260888,76,500,15,3000,3000,3000,3000,"fast","control_informative",0.05,5,0.01,"","mirage_joint","trait2","bfdr_observed_fdp",0.1,0
20260888,76,500,15,3000,3000,3000,3000,"fast","control_informative",0.05,5,0.01,"","mirage_joint","trait2","bfdr_estimate",0.1,0.0994916017897148
20260888,76,500,15,3000,3000,3000,3000,"fast","control_informative",0.05,5,0.01,"","mirage_joint","trait2","bfdr_power",0.1,0.1
20260888,76,500,15,3000,3000,3000,3000,"fast","control_informative",0.05,5,0.01,"","mirage_joint","trait2","bfdr_discoveries",0.1,1
20260888,76,500,15,3000,3000,3000,3000,"fast","control_informative",0.05,5,0.01,"","mirage_joint","trait2","bfdr_observed_fdp",0.2,0
20260888,76,500,15,3000,3000,3000,3000,"fast","control_informative",0.05,5,0.01,"","mirage_joint","trait2","bfdr_estimate",0.2,0.0994916017897148
20260888,76,500,15,3000,3000,3000,3000,"fast","control_informative",0.05,5,0.01,"","mirage_joint","trait2","bfdr_power",0.2,0.1
20260888,76,500,15,3000,3000,3000,3000,"fast","control_informative",0.05,5,0.01,"","mirage_joint","trait2","bfdr_discoveries",0.2,1
20260888,76,500,15,3000,3000,3000,3000,"fast","control_informative",0.05,5,0.01,"","mirage_joint","pleiotropy","bfdr_observed_fdp",0.01,0
20260888,76,500,15,3000,3000,3000,3000,"fast","control_informative",0.05,5,0.01,"","mirage_joint","pleiotropy","bfdr_estimate",0.01,0
20260888,76,500,15,3000,3000,3000,3000,"fast","control_informative",0.05,5,0.01,"","mirage_joint","pleiotropy","bfdr_power",0.01,0
20260888,76,500,15,3000,3000,3000,3000,"fast","control_informative",0.05,5,0.01,"","mirage_joint","pleiotropy","bfdr_discoveries",0.01,0
20260888,76,500,15,3000,3000,3000,3000,"fast","control_informative",0.05,5,0.01,"","mirage_joint","pleiotropy","bfdr_observed_fdp",0.05,0
20260888,76,500,15,3000,3000,3000,3000,"fast","control_informative",0.05,5,0.01,"","mirage_joint","pleiotropy","bfdr_estimate",0.05,0
20260888,76,500,15,3000,3000,3000,3000,"fast","control_informative",0.05,5,0.01,"","mirage_joint","pleiotropy","bfdr_power",0.05,0
20260888,76,500,15,3000,3000,3000,3000,"fast","control_informative",0.05,5,0.01,"","mirage_joint","pleiotropy","bfdr_discoveries",0.05,0
20260888,76,500,15,3000,3000,3000,3000,"fast","control_informative",0.05,5,0.01,"","mirage_joint","pleiotropy","bfdr_observed_fdp",0.1,0
20260888,76,500,15,3000,3000,3000,3000,"fast","control_informative",0.05,5,0.01,"","mirage_joint","pleiotropy","bfdr_estimate",0.1,0
20260888,76,500,15,3000,3000,3000,3000,"fast","control_informative",0.05,5,0.01,"","mirage_joint","pleiotropy","bfdr_power",0.1,0
20260888,76,500,15,3000,3000,3000,3000,"fast","control_informative",0.05,5,0.01,"","mirage_joint","pleiotropy","bfdr_discoveries",0.1,0
20260888,76,500,15,3000,3000,3000,3000,"fast","control_informative",0.05,5,0.01,"","mirage_joint","pleiotropy","bfdr_observed_fdp",0.2,0
20260888,76,500,15,3000,3000,3000,3000,"fast","control_informative",0.05,5,0.01,"","mirage_joint","pleiotropy","bfdr_estimate",0.2,0
20260888,76,500,15,3000,3000,3000,3000,"fast","control_informative",0.05,5,0.01,"","mirage_joint","pleiotropy","bfdr_power",0.2,0
20260888,76,500,15,3000,3000,3000,3000,"fast","control_informative",0.05,5,0.01,"","mirage_joint","pleiotropy","bfdr_discoveries",0.2,0
20260888,76,500,15,3000,3000,3000,3000,"fast","control_informative",0.05,5,0.01,"","mirage_joint","global","runtime_seconds",NA,18.9649999999999
20260888,76,500,15,3000,3000,3000,3000,"fast","control_informative",0.05,5,0.01,"","mirage_joint","pleiotropy","pi11_estimate",NA,0.00271939997595751
20260888,76,500,15,3000,3000,3000,3000,"fast","control_informative",0.05,5,0.01,"","separate_mirage","trait1","auc",NA,0.630147368421053
20260888,76,500,15,3000,3000,3000,3000,"fast","control_informative",0.05,5,0.01,"","separate_mirage","trait2","auc",NA,0.725714285714286
20260888,76,500,15,3000,3000,3000,3000,"fast","control_informative",0.05,5,0.01,"","separate_mirage","pleiotropy","auc",NA,0.792727272727273
20260888,76,500,15,3000,3000,3000,3000,"fast","control_informative",0.05,5,0.01,"","separate_mirage","trait1","pp08_power",0.8,0.12
20260888,76,500,15,3000,3000,3000,3000,"fast","control_informative",0.05,5,0.01,"","separate_mirage","trait1","pp08_fdp",0.8,0
20260888,76,500,15,3000,3000,3000,3000,"fast","control_informative",0.05,5,0.01,"","separate_mirage","trait1","pp08_discoveries",0.8,3
20260888,76,500,15,3000,3000,3000,3000,"fast","control_informative",0.05,5,0.01,"","separate_mirage","trait2","pp08_power",0.8,0.1
20260888,76,500,15,3000,3000,3000,3000,"fast","control_informative",0.05,5,0.01,"","separate_mirage","trait2","pp08_fdp",0.8,0
20260888,76,500,15,3000,3000,3000,3000,"fast","control_informative",0.05,5,0.01,"","separate_mirage","trait2","pp08_discoveries",0.8,1
20260888,76,500,15,3000,3000,3000,3000,"fast","control_informative",0.05,5,0.01,"","separate_mirage","pleiotropy","pp08_power",0.8,0
20260888,76,500,15,3000,3000,3000,3000,"fast","control_informative",0.05,5,0.01,"","separate_mirage","pleiotropy","pp08_fdp",0.8,0
20260888,76,500,15,3000,3000,3000,3000,"fast","control_informative",0.05,5,0.01,"","separate_mirage","pleiotropy","pp08_discoveries",0.8,0
20260888,76,500,15,3000,3000,3000,3000,"fast","control_informative",0.05,5,0.01,"","separate_mirage","trait1","bfdr_observed_fdp",0.01,0
20260888,76,500,15,3000,3000,3000,3000,"fast","control_informative",0.05,5,0.01,"","separate_mirage","trait1","bfdr_estimate",0.01,0.00826358853953317
20260888,76,500,15,3000,3000,3000,3000,"fast","control_informative",0.05,5,0.01,"","separate_mirage","trait1","bfdr_power",0.01,0.12
20260888,76,500,15,3000,3000,3000,3000,"fast","control_informative",0.05,5,0.01,"","separate_mirage","trait1","bfdr_discoveries",0.01,3
20260888,76,500,15,3000,3000,3000,3000,"fast","control_informative",0.05,5,0.01,"","separate_mirage","trait1","bfdr_observed_fdp",0.05,0
20260888,76,500,15,3000,3000,3000,3000,"fast","control_informative",0.05,5,0.01,"","separate_mirage","trait1","bfdr_estimate",0.05,0.00826358853953317
20260888,76,500,15,3000,3000,3000,3000,"fast","control_informative",0.05,5,0.01,"","separate_mirage","trait1","bfdr_power",0.05,0.12
20260888,76,500,15,3000,3000,3000,3000,"fast","control_informative",0.05,5,0.01,"","separate_mirage","trait1","bfdr_discoveries",0.05,3
20260888,76,500,15,3000,3000,3000,3000,"fast","control_informative",0.05,5,0.01,"","separate_mirage","trait1","bfdr_observed_fdp",0.1,0
20260888,76,500,15,3000,3000,3000,3000,"fast","control_informative",0.05,5,0.01,"","separate_mirage","trait1","bfdr_estimate",0.1,0.0568772303202365
20260888,76,500,15,3000,3000,3000,3000,"fast","control_informative",0.05,5,0.01,"","separate_mirage","trait1","bfdr_power",0.1,0.16
20260888,76,500,15,3000,3000,3000,3000,"fast","control_informative",0.05,5,0.01,"","separate_mirage","trait1","bfdr_discoveries",0.1,4
20260888,76,500,15,3000,3000,3000,3000,"fast","control_informative",0.05,5,0.01,"","separate_mirage","trait1","bfdr_observed_fdp",0.2,0
20260888,76,500,15,3000,3000,3000,3000,"fast","control_informative",0.05,5,0.01,"","separate_mirage","trait1","bfdr_estimate",0.2,0.155957393060835
20260888,76,500,15,3000,3000,3000,3000,"fast","control_informative",0.05,5,0.01,"","separate_mirage","trait1","bfdr_power",0.2,0.2
20260888,76,500,15,3000,3000,3000,3000,"fast","control_informative",0.05,5,0.01,"","separate_mirage","trait1","bfdr_discoveries",0.2,5
20260888,76,500,15,3000,3000,3000,3000,"fast","control_informative",0.05,5,0.01,"","separate_mirage","trait2","bfdr_observed_fdp",0.01,0
20260888,76,500,15,3000,3000,3000,3000,"fast","control_informative",0.05,5,0.01,"","separate_mirage","trait2","bfdr_estimate",0.01,0
20260888,76,500,15,3000,3000,3000,3000,"fast","control_informative",0.05,5,0.01,"","separate_mirage","trait2","bfdr_power",0.01,0
20260888,76,500,15,3000,3000,3000,3000,"fast","control_informative",0.05,5,0.01,"","separate_mirage","trait2","bfdr_discoveries",0.01,0
20260888,76,500,15,3000,3000,3000,3000,"fast","control_informative",0.05,5,0.01,"","separate_mirage","trait2","bfdr_observed_fdp",0.05,0
20260888,76,500,15,3000,3000,3000,3000,"fast","control_informative",0.05,5,0.01,"","separate_mirage","trait2","bfdr_estimate",0.05,0
20260888,76,500,15,3000,3000,3000,3000,"fast","control_informative",0.05,5,0.01,"","separate_mirage","trait2","bfdr_power",0.05,0
20260888,76,500,15,3000,3000,3000,3000,"fast","control_informative",0.05,5,0.01,"","separate_mirage","trait2","bfdr_discoveries",0.05,0
20260888,76,500,15,3000,3000,3000,3000,"fast","control_informative",0.05,5,0.01,"","separate_mirage","trait2","bfdr_observed_fdp",0.1,0
20260888,76,500,15,3000,3000,3000,3000,"fast","control_informative",0.05,5,0.01,"","separate_mirage","trait2","bfdr_estimate",0.1,0
20260888,76,500,15,3000,3000,3000,3000,"fast","control_informative",0.05,5,0.01,"","separate_mirage","trait2","bfdr_power",0.1,0
20260888,76,500,15,3000,3000,3000,3000,"fast","control_informative",0.05,5,0.01,"","separate_mirage","trait2","bfdr_discoveries",0.1,0
20260888,76,500,15,3000,3000,3000,3000,"fast","control_informative",0.05,5,0.01,"","separate_mirage","trait2","bfdr_observed_fdp",0.2,0
20260888,76,500,15,3000,3000,3000,3000,"fast","control_informative",0.05,5,0.01,"","separate_mirage","trait2","bfdr_estimate",0.2,0.151132358493471
20260888,76,500,15,3000,3000,3000,3000,"fast","control_informative",0.05,5,0.01,"","separate_mirage","trait2","bfdr_power",0.2,0.1
20260888,76,500,15,3000,3000,3000,3000,"fast","control_informative",0.05,5,0.01,"","separate_mirage","trait2","bfdr_discoveries",0.2,1
20260888,76,500,15,3000,3000,3000,3000,"fast","control_informative",0.05,5,0.01,"","separate_mirage","pleiotropy","bfdr_observed_fdp",0.01,0
20260888,76,500,15,3000,3000,3000,3000,"fast","control_informative",0.05,5,0.01,"","separate_mirage","pleiotropy","bfdr_estimate",0.01,0
20260888,76,500,15,3000,3000,3000,3000,"fast","control_informative",0.05,5,0.01,"","separate_mirage","pleiotropy","bfdr_power",0.01,0
20260888,76,500,15,3000,3000,3000,3000,"fast","control_informative",0.05,5,0.01,"","separate_mirage","pleiotropy","bfdr_discoveries",0.01,0
20260888,76,500,15,3000,3000,3000,3000,"fast","control_informative",0.05,5,0.01,"","separate_mirage","pleiotropy","bfdr_observed_fdp",0.05,0
20260888,76,500,15,3000,3000,3000,3000,"fast","control_informative",0.05,5,0.01,"","separate_mirage","pleiotropy","bfdr_estimate",0.05,0
20260888,76,500,15,3000,3000,3000,3000,"fast","control_informative",0.05,5,0.01,"","separate_mirage","pleiotropy","bfdr_power",0.05,0
20260888,76,500,15,3000,3000,3000,3000,"fast","control_informative",0.05,5,0.01,"","separate_mirage","pleiotropy","bfdr_discoveries",0.05,0
20260888,76,500,15,3000,3000,3000,3000,"fast","control_informative",0.05,5,0.01,"","separate_mirage","pleiotropy","bfdr_observed_fdp",0.1,0
20260888,76,500,15,3000,3000,3000,3000,"fast","control_informative",0.05,5,0.01,"","separate_mirage","pleiotropy","bfdr_estimate",0.1,0
20260888,76,500,15,3000,3000,3000,3000,"fast","control_informative",0.05,5,0.01,"","separate_mirage","pleiotropy","bfdr_power",0.1,0
20260888,76,500,15,3000,3000,3000,3000,"fast","control_informative",0.05,5,0.01,"","separate_mirage","pleiotropy","bfdr_discoveries",0.1,0
20260888,76,500,15,3000,3000,3000,3000,"fast","control_informative",0.05,5,0.01,"","separate_mirage","pleiotropy","bfdr_observed_fdp",0.2,0
20260888,76,500,15,3000,3000,3000,3000,"fast","control_informative",0.05,5,0.01,"","separate_mirage","pleiotropy","bfdr_estimate",0.2,0
20260888,76,500,15,3000,3000,3000,3000,"fast","control_informative",0.05,5,0.01,"","separate_mirage","pleiotropy","bfdr_power",0.2,0
20260888,76,500,15,3000,3000,3000,3000,"fast","control_informative",0.05,5,0.01,"","separate_mirage","pleiotropy","bfdr_discoveries",0.2,0
20260888,76,500,15,3000,3000,3000,3000,"fast","control_informative",0.05,5,0.01,"","separate_mirage","global","runtime_seconds",NA,18.5439999999999
20260888,76,500,15,3000,3000,3000,3000,"fast","control_informative",0.05,5,0.01,"","separate_mirage","pleiotropy","pi11_estimate",NA,0.001
20260888,76,500,15,3000,3000,3000,3000,"fast","control_informative",0.05,5,0.01,"","mtada_aggregated","trait1","auc",NA,0.719494736842105
20260888,76,500,15,3000,3000,3000,3000,"fast","control_informative",0.05,5,0.01,"","mtada_aggregated","trait2","auc",NA,0.721836734693878
20260888,76,500,15,3000,3000,3000,3000,"fast","control_informative",0.05,5,0.01,"","mtada_aggregated","pleiotropy","auc",NA,0.743434343434343
20260888,76,500,15,3000,3000,3000,3000,"fast","control_informative",0.05,5,0.01,"","mtada_aggregated","trait1","pp08_power",0.8,0.32
20260888,76,500,15,3000,3000,3000,3000,"fast","control_informative",0.05,5,0.01,"","mtada_aggregated","trait1","pp08_fdp",0.8,0.864406779661017
20260888,76,500,15,3000,3000,3000,3000,"fast","control_informative",0.05,5,0.01,"","mtada_aggregated","trait1","pp08_discoveries",0.8,59
20260888,76,500,15,3000,3000,3000,3000,"fast","control_informative",0.05,5,0.01,"","mtada_aggregated","trait2","pp08_power",0.8,0.3
20260888,76,500,15,3000,3000,3000,3000,"fast","control_informative",0.05,5,0.01,"","mtada_aggregated","trait2","pp08_fdp",0.8,0.925
20260888,76,500,15,3000,3000,3000,3000,"fast","control_informative",0.05,5,0.01,"","mtada_aggregated","trait2","pp08_discoveries",0.8,40
20260888,76,500,15,3000,3000,3000,3000,"fast","control_informative",0.05,5,0.01,"","mtada_aggregated","pleiotropy","pp08_power",0.8,0
20260888,76,500,15,3000,3000,3000,3000,"fast","control_informative",0.05,5,0.01,"","mtada_aggregated","pleiotropy","pp08_fdp",0.8,1
20260888,76,500,15,3000,3000,3000,3000,"fast","control_informative",0.05,5,0.01,"","mtada_aggregated","pleiotropy","pp08_discoveries",0.8,9
20260888,76,500,15,3000,3000,3000,3000,"fast","control_informative",0.05,5,0.01,"","mtada_aggregated","trait1","bfdr_observed_fdp",0.01,0.846153846153846
20260888,76,500,15,3000,3000,3000,3000,"fast","control_informative",0.05,5,0.01,"","mtada_aggregated","trait1","bfdr_estimate",0.01,0.00997381973866674
20260888,76,500,15,3000,3000,3000,3000,"fast","control_informative",0.05,5,0.01,"","mtada_aggregated","trait1","bfdr_power",0.01,0.32
20260888,76,500,15,3000,3000,3000,3000,"fast","control_informative",0.05,5,0.01,"","mtada_aggregated","trait1","bfdr_discoveries",0.01,52
20260888,76,500,15,3000,3000,3000,3000,"fast","control_informative",0.05,5,0.01,"","mtada_aggregated","trait1","bfdr_observed_fdp",0.05,0.876923076923077
20260888,76,500,15,3000,3000,3000,3000,"fast","control_informative",0.05,5,0.01,"","mtada_aggregated","trait1","bfdr_estimate",0.05,0.0486735512951073
20260888,76,500,15,3000,3000,3000,3000,"fast","control_informative",0.05,5,0.01,"","mtada_aggregated","trait1","bfdr_power",0.05,0.32
20260888,76,500,15,3000,3000,3000,3000,"fast","control_informative",0.05,5,0.01,"","mtada_aggregated","trait1","bfdr_discoveries",0.05,65
20260888,76,500,15,3000,3000,3000,3000,"fast","control_informative",0.05,5,0.01,"","mtada_aggregated","trait1","bfdr_observed_fdp",0.1,0.887323943661972
20260888,76,500,15,3000,3000,3000,3000,"fast","control_informative",0.05,5,0.01,"","mtada_aggregated","trait1","bfdr_estimate",0.1,0.0918239095362493
20260888,76,500,15,3000,3000,3000,3000,"fast","control_informative",0.05,5,0.01,"","mtada_aggregated","trait1","bfdr_power",0.1,0.32
20260888,76,500,15,3000,3000,3000,3000,"fast","control_informative",0.05,5,0.01,"","mtada_aggregated","trait1","bfdr_discoveries",0.1,71
20260888,76,500,15,3000,3000,3000,3000,"fast","control_informative",0.05,5,0.01,"","mtada_aggregated","trait1","bfdr_observed_fdp",0.2,0.904761904761905
20260888,76,500,15,3000,3000,3000,3000,"fast","control_informative",0.05,5,0.01,"","mtada_aggregated","trait1","bfdr_estimate",0.2,0.197820154081337
20260888,76,500,15,3000,3000,3000,3000,"fast","control_informative",0.05,5,0.01,"","mtada_aggregated","trait1","bfdr_power",0.2,0.32
20260888,76,500,15,3000,3000,3000,3000,"fast","control_informative",0.05,5,0.01,"","mtada_aggregated","trait1","bfdr_discoveries",0.2,84
20260888,76,500,15,3000,3000,3000,3000,"fast","control_informative",0.05,5,0.01,"","mtada_aggregated","trait2","bfdr_observed_fdp",0.01,0.911764705882353
20260888,76,500,15,3000,3000,3000,3000,"fast","control_informative",0.05,5,0.01,"","mtada_aggregated","trait2","bfdr_estimate",0.01,0.00883128479522374
20260888,76,500,15,3000,3000,3000,3000,"fast","control_informative",0.05,5,0.01,"","mtada_aggregated","trait2","bfdr_power",0.01,0.3
20260888,76,500,15,3000,3000,3000,3000,"fast","control_informative",0.05,5,0.01,"","mtada_aggregated","trait2","bfdr_discoveries",0.01,34
20260888,76,500,15,3000,3000,3000,3000,"fast","control_informative",0.05,5,0.01,"","mtada_aggregated","trait2","bfdr_observed_fdp",0.05,0.931818181818182
20260888,76,500,15,3000,3000,3000,3000,"fast","control_informative",0.05,5,0.01,"","mtada_aggregated","trait2","bfdr_estimate",0.05,0.0453601728879198
20260888,76,500,15,3000,3000,3000,3000,"fast","control_informative",0.05,5,0.01,"","mtada_aggregated","trait2","bfdr_power",0.05,0.3
20260888,76,500,15,3000,3000,3000,3000,"fast","control_informative",0.05,5,0.01,"","mtada_aggregated","trait2","bfdr_discoveries",0.05,44
20260888,76,500,15,3000,3000,3000,3000,"fast","control_informative",0.05,5,0.01,"","mtada_aggregated","trait2","bfdr_observed_fdp",0.1,0.941176470588235
20260888,76,500,15,3000,3000,3000,3000,"fast","control_informative",0.05,5,0.01,"","mtada_aggregated","trait2","bfdr_estimate",0.1,0.0935271392264444
20260888,76,500,15,3000,3000,3000,3000,"fast","control_informative",0.05,5,0.01,"","mtada_aggregated","trait2","bfdr_power",0.1,0.3
20260888,76,500,15,3000,3000,3000,3000,"fast","control_informative",0.05,5,0.01,"","mtada_aggregated","trait2","bfdr_discoveries",0.1,51
20260888,76,500,15,3000,3000,3000,3000,"fast","control_informative",0.05,5,0.01,"","mtada_aggregated","trait2","bfdr_observed_fdp",0.2,0.934426229508197
20260888,76,500,15,3000,3000,3000,3000,"fast","control_informative",0.05,5,0.01,"","mtada_aggregated","trait2","bfdr_estimate",0.2,0.196340631662023
20260888,76,500,15,3000,3000,3000,3000,"fast","control_informative",0.05,5,0.01,"","mtada_aggregated","trait2","bfdr_power",0.2,0.4
20260888,76,500,15,3000,3000,3000,3000,"fast","control_informative",0.05,5,0.01,"","mtada_aggregated","trait2","bfdr_discoveries",0.2,61
20260888,76,500,15,3000,3000,3000,3000,"fast","control_informative",0.05,5,0.01,"","mtada_aggregated","pleiotropy","bfdr_observed_fdp",0.01,1
20260888,76,500,15,3000,3000,3000,3000,"fast","control_informative",0.05,5,0.01,"","mtada_aggregated","pleiotropy","bfdr_estimate",0.01,0.00971513877901187
20260888,76,500,15,3000,3000,3000,3000,"fast","control_informative",0.05,5,0.01,"","mtada_aggregated","pleiotropy","bfdr_power",0.01,0
20260888,76,500,15,3000,3000,3000,3000,"fast","control_informative",0.05,5,0.01,"","mtada_aggregated","pleiotropy","bfdr_discoveries",0.01,2
20260888,76,500,15,3000,3000,3000,3000,"fast","control_informative",0.05,5,0.01,"","mtada_aggregated","pleiotropy","bfdr_observed_fdp",0.05,1
20260888,76,500,15,3000,3000,3000,3000,"fast","control_informative",0.05,5,0.01,"","mtada_aggregated","pleiotropy","bfdr_estimate",0.05,0.0425604237375086
20260888,76,500,15,3000,3000,3000,3000,"fast","control_informative",0.05,5,0.01,"","mtada_aggregated","pleiotropy","bfdr_power",0.05,0
20260888,76,500,15,3000,3000,3000,3000,"fast","control_informative",0.05,5,0.01,"","mtada_aggregated","pleiotropy","bfdr_discoveries",0.05,4
20260888,76,500,15,3000,3000,3000,3000,"fast","control_informative",0.05,5,0.01,"","mtada_aggregated","pleiotropy","bfdr_observed_fdp",0.1,1
20260888,76,500,15,3000,3000,3000,3000,"fast","control_informative",0.05,5,0.01,"","mtada_aggregated","pleiotropy","bfdr_estimate",0.1,0.0912955122459184
20260888,76,500,15,3000,3000,3000,3000,"fast","control_informative",0.05,5,0.01,"","mtada_aggregated","pleiotropy","bfdr_power",0.1,0
20260888,76,500,15,3000,3000,3000,3000,"fast","control_informative",0.05,5,0.01,"","mtada_aggregated","pleiotropy","bfdr_discoveries",0.1,9
20260888,76,500,15,3000,3000,3000,3000,"fast","control_informative",0.05,5,0.01,"","mtada_aggregated","pleiotropy","bfdr_observed_fdp",0.2,1
20260888,76,500,15,3000,3000,3000,3000,"fast","control_informative",0.05,5,0.01,"","mtada_aggregated","pleiotropy","bfdr_estimate",0.2,0.17509079000895
20260888,76,500,15,3000,3000,3000,3000,"fast","control_informative",0.05,5,0.01,"","mtada_aggregated","pleiotropy","bfdr_power",0.2,0
20260888,76,500,15,3000,3000,3000,3000,"fast","control_informative",0.05,5,0.01,"","mtada_aggregated","pleiotropy","bfdr_discoveries",0.2,12
20260888,76,500,15,3000,3000,3000,3000,"fast","control_informative",0.05,5,0.01,"","mtada_aggregated","global","runtime_seconds",NA,0.733999999999924
20260888,76,500,15,3000,3000,3000,3000,"fast","control_informative",0.05,5,0.01,"","mtada_aggregated","pleiotropy","pi11_estimate",NA,0.00156671
20260889,77,500,15,3000,3000,3000,3000,"fast","control_informative",0.05,5,0.01,"","mirage_joint","trait1","auc",NA,0.656926315789474
20260889,77,500,15,3000,3000,3000,3000,"fast","control_informative",0.05,5,0.01,"","mirage_joint","trait2","auc",NA,0.624081632653061
20260889,77,500,15,3000,3000,3000,3000,"fast","control_informative",0.05,5,0.01,"","mirage_joint","pleiotropy","auc",NA,0.83030303030303
20260889,77,500,15,3000,3000,3000,3000,"fast","control_informative",0.05,5,0.01,"","mirage_joint","trait1","pp08_power",0.8,0.16
20260889,77,500,15,3000,3000,3000,3000,"fast","control_informative",0.05,5,0.01,"","mirage_joint","trait1","pp08_fdp",0.8,0
20260889,77,500,15,3000,3000,3000,3000,"fast","control_informative",0.05,5,0.01,"","mirage_joint","trait1","pp08_discoveries",0.8,4
20260889,77,500,15,3000,3000,3000,3000,"fast","control_informative",0.05,5,0.01,"","mirage_joint","trait2","pp08_power",0.8,0
20260889,77,500,15,3000,3000,3000,3000,"fast","control_informative",0.05,5,0.01,"","mirage_joint","trait2","pp08_fdp",0.8,0
20260889,77,500,15,3000,3000,3000,3000,"fast","control_informative",0.05,5,0.01,"","mirage_joint","trait2","pp08_discoveries",0.8,0
20260889,77,500,15,3000,3000,3000,3000,"fast","control_informative",0.05,5,0.01,"","mirage_joint","pleiotropy","pp08_power",0.8,0
20260889,77,500,15,3000,3000,3000,3000,"fast","control_informative",0.05,5,0.01,"","mirage_joint","pleiotropy","pp08_fdp",0.8,0
20260889,77,500,15,3000,3000,3000,3000,"fast","control_informative",0.05,5,0.01,"","mirage_joint","pleiotropy","pp08_discoveries",0.8,0
20260889,77,500,15,3000,3000,3000,3000,"fast","control_informative",0.05,5,0.01,"","mirage_joint","trait1","bfdr_observed_fdp",0.01,0
20260889,77,500,15,3000,3000,3000,3000,"fast","control_informative",0.05,5,0.01,"","mirage_joint","trait1","bfdr_estimate",0.01,0.00144595579527179
20260889,77,500,15,3000,3000,3000,3000,"fast","control_informative",0.05,5,0.01,"","mirage_joint","trait1","bfdr_power",0.01,0.08
20260889,77,500,15,3000,3000,3000,3000,"fast","control_informative",0.05,5,0.01,"","mirage_joint","trait1","bfdr_discoveries",0.01,2
20260889,77,500,15,3000,3000,3000,3000,"fast","control_informative",0.05,5,0.01,"","mirage_joint","trait1","bfdr_observed_fdp",0.05,0
20260889,77,500,15,3000,3000,3000,3000,"fast","control_informative",0.05,5,0.01,"","mirage_joint","trait1","bfdr_estimate",0.05,0.0404003309832192
20260889,77,500,15,3000,3000,3000,3000,"fast","control_informative",0.05,5,0.01,"","mirage_joint","trait1","bfdr_power",0.05,0.12
20260889,77,500,15,3000,3000,3000,3000,"fast","control_informative",0.05,5,0.01,"","mirage_joint","trait1","bfdr_discoveries",0.05,3
20260889,77,500,15,3000,3000,3000,3000,"fast","control_informative",0.05,5,0.01,"","mirage_joint","trait1","bfdr_observed_fdp",0.1,0.2
20260889,77,500,15,3000,3000,3000,3000,"fast","control_informative",0.05,5,0.01,"","mirage_joint","trait1","bfdr_estimate",0.1,0.0897837899136199
20260889,77,500,15,3000,3000,3000,3000,"fast","control_informative",0.05,5,0.01,"","mirage_joint","trait1","bfdr_power",0.1,0.16
20260889,77,500,15,3000,3000,3000,3000,"fast","control_informative",0.05,5,0.01,"","mirage_joint","trait1","bfdr_discoveries",0.1,5
20260889,77,500,15,3000,3000,3000,3000,"fast","control_informative",0.05,5,0.01,"","mirage_joint","trait1","bfdr_observed_fdp",0.2,0.333333333333333
20260889,77,500,15,3000,3000,3000,3000,"fast","control_informative",0.05,5,0.01,"","mirage_joint","trait1","bfdr_estimate",0.2,0.190473791176302
20260889,77,500,15,3000,3000,3000,3000,"fast","control_informative",0.05,5,0.01,"","mirage_joint","trait1","bfdr_power",0.2,0.24
20260889,77,500,15,3000,3000,3000,3000,"fast","control_informative",0.05,5,0.01,"","mirage_joint","trait1","bfdr_discoveries",0.2,9
20260889,77,500,15,3000,3000,3000,3000,"fast","control_informative",0.05,5,0.01,"","mirage_joint","trait2","bfdr_observed_fdp",0.01,0
20260889,77,500,15,3000,3000,3000,3000,"fast","control_informative",0.05,5,0.01,"","mirage_joint","trait2","bfdr_estimate",0.01,0
20260889,77,500,15,3000,3000,3000,3000,"fast","control_informative",0.05,5,0.01,"","mirage_joint","trait2","bfdr_power",0.01,0
20260889,77,500,15,3000,3000,3000,3000,"fast","control_informative",0.05,5,0.01,"","mirage_joint","trait2","bfdr_discoveries",0.01,0
20260889,77,500,15,3000,3000,3000,3000,"fast","control_informative",0.05,5,0.01,"","mirage_joint","trait2","bfdr_observed_fdp",0.05,0
20260889,77,500,15,3000,3000,3000,3000,"fast","control_informative",0.05,5,0.01,"","mirage_joint","trait2","bfdr_estimate",0.05,0
20260889,77,500,15,3000,3000,3000,3000,"fast","control_informative",0.05,5,0.01,"","mirage_joint","trait2","bfdr_power",0.05,0
20260889,77,500,15,3000,3000,3000,3000,"fast","control_informative",0.05,5,0.01,"","mirage_joint","trait2","bfdr_discoveries",0.05,0
20260889,77,500,15,3000,3000,3000,3000,"fast","control_informative",0.05,5,0.01,"","mirage_joint","trait2","bfdr_observed_fdp",0.1,0
20260889,77,500,15,3000,3000,3000,3000,"fast","control_informative",0.05,5,0.01,"","mirage_joint","trait2","bfdr_estimate",0.1,0
20260889,77,500,15,3000,3000,3000,3000,"fast","control_informative",0.05,5,0.01,"","mirage_joint","trait2","bfdr_power",0.1,0
20260889,77,500,15,3000,3000,3000,3000,"fast","control_informative",0.05,5,0.01,"","mirage_joint","trait2","bfdr_discoveries",0.1,0
20260889,77,500,15,3000,3000,3000,3000,"fast","control_informative",0.05,5,0.01,"","mirage_joint","trait2","bfdr_observed_fdp",0.2,0
20260889,77,500,15,3000,3000,3000,3000,"fast","control_informative",0.05,5,0.01,"","mirage_joint","trait2","bfdr_estimate",0.2,0
20260889,77,500,15,3000,3000,3000,3000,"fast","control_informative",0.05,5,0.01,"","mirage_joint","trait2","bfdr_power",0.2,0
20260889,77,500,15,3000,3000,3000,3000,"fast","control_informative",0.05,5,0.01,"","mirage_joint","trait2","bfdr_discoveries",0.2,0
20260889,77,500,15,3000,3000,3000,3000,"fast","control_informative",0.05,5,0.01,"","mirage_joint","pleiotropy","bfdr_observed_fdp",0.01,0
20260889,77,500,15,3000,3000,3000,3000,"fast","control_informative",0.05,5,0.01,"","mirage_joint","pleiotropy","bfdr_estimate",0.01,0
20260889,77,500,15,3000,3000,3000,3000,"fast","control_informative",0.05,5,0.01,"","mirage_joint","pleiotropy","bfdr_power",0.01,0
20260889,77,500,15,3000,3000,3000,3000,"fast","control_informative",0.05,5,0.01,"","mirage_joint","pleiotropy","bfdr_discoveries",0.01,0
20260889,77,500,15,3000,3000,3000,3000,"fast","control_informative",0.05,5,0.01,"","mirage_joint","pleiotropy","bfdr_observed_fdp",0.05,0
20260889,77,500,15,3000,3000,3000,3000,"fast","control_informative",0.05,5,0.01,"","mirage_joint","pleiotropy","bfdr_estimate",0.05,0
20260889,77,500,15,3000,3000,3000,3000,"fast","control_informative",0.05,5,0.01,"","mirage_joint","pleiotropy","bfdr_power",0.05,0
20260889,77,500,15,3000,3000,3000,3000,"fast","control_informative",0.05,5,0.01,"","mirage_joint","pleiotropy","bfdr_discoveries",0.05,0
20260889,77,500,15,3000,3000,3000,3000,"fast","control_informative",0.05,5,0.01,"","mirage_joint","pleiotropy","bfdr_observed_fdp",0.1,0
20260889,77,500,15,3000,3000,3000,3000,"fast","control_informative",0.05,5,0.01,"","mirage_joint","pleiotropy","bfdr_estimate",0.1,0
20260889,77,500,15,3000,3000,3000,3000,"fast","control_informative",0.05,5,0.01,"","mirage_joint","pleiotropy","bfdr_power",0.1,0
20260889,77,500,15,3000,3000,3000,3000,"fast","control_informative",0.05,5,0.01,"","mirage_joint","pleiotropy","bfdr_discoveries",0.1,0
20260889,77,500,15,3000,3000,3000,3000,"fast","control_informative",0.05,5,0.01,"","mirage_joint","pleiotropy","bfdr_observed_fdp",0.2,0
20260889,77,500,15,3000,3000,3000,3000,"fast","control_informative",0.05,5,0.01,"","mirage_joint","pleiotropy","bfdr_estimate",0.2,0
20260889,77,500,15,3000,3000,3000,3000,"fast","control_informative",0.05,5,0.01,"","mirage_joint","pleiotropy","bfdr_power",0.2,0
20260889,77,500,15,3000,3000,3000,3000,"fast","control_informative",0.05,5,0.01,"","mirage_joint","pleiotropy","bfdr_discoveries",0.2,0
20260889,77,500,15,3000,3000,3000,3000,"fast","control_informative",0.05,5,0.01,"","mirage_joint","global","runtime_seconds",NA,18.951
20260889,77,500,15,3000,3000,3000,3000,"fast","control_informative",0.05,5,0.01,"","mirage_joint","pleiotropy","pi11_estimate",NA,0.0384460778812432
20260889,77,500,15,3000,3000,3000,3000,"fast","control_informative",0.05,5,0.01,"","separate_mirage","trait1","auc",NA,0.623578947368421
20260889,77,500,15,3000,3000,3000,3000,"fast","control_informative",0.05,5,0.01,"","separate_mirage","trait2","auc",NA,0.649795918367347
20260889,77,500,15,3000,3000,3000,3000,"fast","control_informative",0.05,5,0.01,"","separate_mirage","pleiotropy","auc",NA,0.76
20260889,77,500,15,3000,3000,3000,3000,"fast","control_informative",0.05,5,0.01,"","separate_mirage","trait1","pp08_power",0.8,0.12
20260889,77,500,15,3000,3000,3000,3000,"fast","control_informative",0.05,5,0.01,"","separate_mirage","trait1","pp08_fdp",0.8,0
20260889,77,500,15,3000,3000,3000,3000,"fast","control_informative",0.05,5,0.01,"","separate_mirage","trait1","pp08_discoveries",0.8,3
20260889,77,500,15,3000,3000,3000,3000,"fast","control_informative",0.05,5,0.01,"","separate_mirage","trait2","pp08_power",0.8,0
20260889,77,500,15,3000,3000,3000,3000,"fast","control_informative",0.05,5,0.01,"","separate_mirage","trait2","pp08_fdp",0.8,0
20260889,77,500,15,3000,3000,3000,3000,"fast","control_informative",0.05,5,0.01,"","separate_mirage","trait2","pp08_discoveries",0.8,0
20260889,77,500,15,3000,3000,3000,3000,"fast","control_informative",0.05,5,0.01,"","separate_mirage","pleiotropy","pp08_power",0.8,0
20260889,77,500,15,3000,3000,3000,3000,"fast","control_informative",0.05,5,0.01,"","separate_mirage","pleiotropy","pp08_fdp",0.8,0
20260889,77,500,15,3000,3000,3000,3000,"fast","control_informative",0.05,5,0.01,"","separate_mirage","pleiotropy","pp08_discoveries",0.8,0
20260889,77,500,15,3000,3000,3000,3000,"fast","control_informative",0.05,5,0.01,"","separate_mirage","trait1","bfdr_observed_fdp",0.01,0
20260889,77,500,15,3000,3000,3000,3000,"fast","control_informative",0.05,5,0.01,"","separate_mirage","trait1","bfdr_estimate",0.01,0.00181179445270463
20260889,77,500,15,3000,3000,3000,3000,"fast","control_informative",0.05,5,0.01,"","separate_mirage","trait1","bfdr_power",0.01,0.08
20260889,77,500,15,3000,3000,3000,3000,"fast","control_informative",0.05,5,0.01,"","separate_mirage","trait1","bfdr_discoveries",0.01,2
20260889,77,500,15,3000,3000,3000,3000,"fast","control_informative",0.05,5,0.01,"","separate_mirage","trait1","bfdr_observed_fdp",0.05,0
20260889,77,500,15,3000,3000,3000,3000,"fast","control_informative",0.05,5,0.01,"","separate_mirage","trait1","bfdr_estimate",0.05,0.00181179445270463
20260889,77,500,15,3000,3000,3000,3000,"fast","control_informative",0.05,5,0.01,"","separate_mirage","trait1","bfdr_power",0.05,0.08
20260889,77,500,15,3000,3000,3000,3000,"fast","control_informative",0.05,5,0.01,"","separate_mirage","trait1","bfdr_discoveries",0.05,2
20260889,77,500,15,3000,3000,3000,3000,"fast","control_informative",0.05,5,0.01,"","separate_mirage","trait1","bfdr_observed_fdp",0.1,0
20260889,77,500,15,3000,3000,3000,3000,"fast","control_informative",0.05,5,0.01,"","separate_mirage","trait1","bfdr_estimate",0.1,0.0912473901193489
20260889,77,500,15,3000,3000,3000,3000,"fast","control_informative",0.05,5,0.01,"","separate_mirage","trait1","bfdr_power",0.1,0.16
20260889,77,500,15,3000,3000,3000,3000,"fast","control_informative",0.05,5,0.01,"","separate_mirage","trait1","bfdr_discoveries",0.1,4
20260889,77,500,15,3000,3000,3000,3000,"fast","control_informative",0.05,5,0.01,"","separate_mirage","trait1","bfdr_observed_fdp",0.2,0.333333333333333
20260889,77,500,15,3000,3000,3000,3000,"fast","control_informative",0.05,5,0.01,"","separate_mirage","trait1","bfdr_estimate",0.2,0.187284983978721
20260889,77,500,15,3000,3000,3000,3000,"fast","control_informative",0.05,5,0.01,"","separate_mirage","trait1","bfdr_power",0.2,0.16
20260889,77,500,15,3000,3000,3000,3000,"fast","control_informative",0.05,5,0.01,"","separate_mirage","trait1","bfdr_discoveries",0.2,6
20260889,77,500,15,3000,3000,3000,3000,"fast","control_informative",0.05,5,0.01,"","separate_mirage","trait2","bfdr_observed_fdp",0.01,0
20260889,77,500,15,3000,3000,3000,3000,"fast","control_informative",0.05,5,0.01,"","separate_mirage","trait2","bfdr_estimate",0.01,0
20260889,77,500,15,3000,3000,3000,3000,"fast","control_informative",0.05,5,0.01,"","separate_mirage","trait2","bfdr_power",0.01,0
20260889,77,500,15,3000,3000,3000,3000,"fast","control_informative",0.05,5,0.01,"","separate_mirage","trait2","bfdr_discoveries",0.01,0
20260889,77,500,15,3000,3000,3000,3000,"fast","control_informative",0.05,5,0.01,"","separate_mirage","trait2","bfdr_observed_fdp",0.05,0
20260889,77,500,15,3000,3000,3000,3000,"fast","control_informative",0.05,5,0.01,"","separate_mirage","trait2","bfdr_estimate",0.05,0
20260889,77,500,15,3000,3000,3000,3000,"fast","control_informative",0.05,5,0.01,"","separate_mirage","trait2","bfdr_power",0.05,0
20260889,77,500,15,3000,3000,3000,3000,"fast","control_informative",0.05,5,0.01,"","separate_mirage","trait2","bfdr_discoveries",0.05,0
20260889,77,500,15,3000,3000,3000,3000,"fast","control_informative",0.05,5,0.01,"","separate_mirage","trait2","bfdr_observed_fdp",0.1,0
20260889,77,500,15,3000,3000,3000,3000,"fast","control_informative",0.05,5,0.01,"","separate_mirage","trait2","bfdr_estimate",0.1,0
20260889,77,500,15,3000,3000,3000,3000,"fast","control_informative",0.05,5,0.01,"","separate_mirage","trait2","bfdr_power",0.1,0
20260889,77,500,15,3000,3000,3000,3000,"fast","control_informative",0.05,5,0.01,"","separate_mirage","trait2","bfdr_discoveries",0.1,0
20260889,77,500,15,3000,3000,3000,3000,"fast","control_informative",0.05,5,0.01,"","separate_mirage","trait2","bfdr_observed_fdp",0.2,0
20260889,77,500,15,3000,3000,3000,3000,"fast","control_informative",0.05,5,0.01,"","separate_mirage","trait2","bfdr_estimate",0.2,0
20260889,77,500,15,3000,3000,3000,3000,"fast","control_informative",0.05,5,0.01,"","separate_mirage","trait2","bfdr_power",0.2,0
20260889,77,500,15,3000,3000,3000,3000,"fast","control_informative",0.05,5,0.01,"","separate_mirage","trait2","bfdr_discoveries",0.2,0
20260889,77,500,15,3000,3000,3000,3000,"fast","control_informative",0.05,5,0.01,"","separate_mirage","pleiotropy","bfdr_observed_fdp",0.01,0
20260889,77,500,15,3000,3000,3000,3000,"fast","control_informative",0.05,5,0.01,"","separate_mirage","pleiotropy","bfdr_estimate",0.01,0
20260889,77,500,15,3000,3000,3000,3000,"fast","control_informative",0.05,5,0.01,"","separate_mirage","pleiotropy","bfdr_power",0.01,0
20260889,77,500,15,3000,3000,3000,3000,"fast","control_informative",0.05,5,0.01,"","separate_mirage","pleiotropy","bfdr_discoveries",0.01,0
20260889,77,500,15,3000,3000,3000,3000,"fast","control_informative",0.05,5,0.01,"","separate_mirage","pleiotropy","bfdr_observed_fdp",0.05,0
20260889,77,500,15,3000,3000,3000,3000,"fast","control_informative",0.05,5,0.01,"","separate_mirage","pleiotropy","bfdr_estimate",0.05,0
20260889,77,500,15,3000,3000,3000,3000,"fast","control_informative",0.05,5,0.01,"","separate_mirage","pleiotropy","bfdr_power",0.05,0
20260889,77,500,15,3000,3000,3000,3000,"fast","control_informative",0.05,5,0.01,"","separate_mirage","pleiotropy","bfdr_discoveries",0.05,0
20260889,77,500,15,3000,3000,3000,3000,"fast","control_informative",0.05,5,0.01,"","separate_mirage","pleiotropy","bfdr_observed_fdp",0.1,0
20260889,77,500,15,3000,3000,3000,3000,"fast","control_informative",0.05,5,0.01,"","separate_mirage","pleiotropy","bfdr_estimate",0.1,0
20260889,77,500,15,3000,3000,3000,3000,"fast","control_informative",0.05,5,0.01,"","separate_mirage","pleiotropy","bfdr_power",0.1,0
20260889,77,500,15,3000,3000,3000,3000,"fast","control_informative",0.05,5,0.01,"","separate_mirage","pleiotropy","bfdr_discoveries",0.1,0
20260889,77,500,15,3000,3000,3000,3000,"fast","control_informative",0.05,5,0.01,"","separate_mirage","pleiotropy","bfdr_observed_fdp",0.2,0
20260889,77,500,15,3000,3000,3000,3000,"fast","control_informative",0.05,5,0.01,"","separate_mirage","pleiotropy","bfdr_estimate",0.2,0
20260889,77,500,15,3000,3000,3000,3000,"fast","control_informative",0.05,5,0.01,"","separate_mirage","pleiotropy","bfdr_power",0.2,0
20260889,77,500,15,3000,3000,3000,3000,"fast","control_informative",0.05,5,0.01,"","separate_mirage","pleiotropy","bfdr_discoveries",0.2,0
20260889,77,500,15,3000,3000,3000,3000,"fast","control_informative",0.05,5,0.01,"","separate_mirage","global","runtime_seconds",NA,18.4530000000002
20260889,77,500,15,3000,3000,3000,3000,"fast","control_informative",0.05,5,0.01,"","separate_mirage","pleiotropy","pi11_estimate",NA,0.001
20260889,77,500,15,3000,3000,3000,3000,"fast","control_informative",0.05,5,0.01,"","mtada_aggregated","trait1","auc",NA,0.645473684210526
20260889,77,500,15,3000,3000,3000,3000,"fast","control_informative",0.05,5,0.01,"","mtada_aggregated","trait2","auc",NA,0.703877551020408
20260889,77,500,15,3000,3000,3000,3000,"fast","control_informative",0.05,5,0.01,"","mtada_aggregated","pleiotropy","auc",NA,0.714343434343434
20260889,77,500,15,3000,3000,3000,3000,"fast","control_informative",0.05,5,0.01,"","mtada_aggregated","trait1","pp08_power",0.8,0.16
20260889,77,500,15,3000,3000,3000,3000,"fast","control_informative",0.05,5,0.01,"","mtada_aggregated","trait1","pp08_fdp",0.8,0.92
20260889,77,500,15,3000,3000,3000,3000,"fast","control_informative",0.05,5,0.01,"","mtada_aggregated","trait1","pp08_discoveries",0.8,50
20260889,77,500,15,3000,3000,3000,3000,"fast","control_informative",0.05,5,0.01,"","mtada_aggregated","trait2","pp08_power",0.8,0.1
20260889,77,500,15,3000,3000,3000,3000,"fast","control_informative",0.05,5,0.01,"","mtada_aggregated","trait2","pp08_fdp",0.8,0.970588235294118
20260889,77,500,15,3000,3000,3000,3000,"fast","control_informative",0.05,5,0.01,"","mtada_aggregated","trait2","pp08_discoveries",0.8,34
20260889,77,500,15,3000,3000,3000,3000,"fast","control_informative",0.05,5,0.01,"","mtada_aggregated","pleiotropy","pp08_power",0.8,0
20260889,77,500,15,3000,3000,3000,3000,"fast","control_informative",0.05,5,0.01,"","mtada_aggregated","pleiotropy","pp08_fdp",0.8,1
20260889,77,500,15,3000,3000,3000,3000,"fast","control_informative",0.05,5,0.01,"","mtada_aggregated","pleiotropy","pp08_discoveries",0.8,4
20260889,77,500,15,3000,3000,3000,3000,"fast","control_informative",0.05,5,0.01,"","mtada_aggregated","trait1","bfdr_observed_fdp",0.01,0.909090909090909
20260889,77,500,15,3000,3000,3000,3000,"fast","control_informative",0.05,5,0.01,"","mtada_aggregated","trait1","bfdr_estimate",0.01,0.00867063716518578
20260889,77,500,15,3000,3000,3000,3000,"fast","control_informative",0.05,5,0.01,"","mtada_aggregated","trait1","bfdr_power",0.01,0.16
20260889,77,500,15,3000,3000,3000,3000,"fast","control_informative",0.05,5,0.01,"","mtada_aggregated","trait1","bfdr_discoveries",0.01,44
20260889,77,500,15,3000,3000,3000,3000,"fast","control_informative",0.05,5,0.01,"","mtada_aggregated","trait1","bfdr_observed_fdp",0.05,0.927272727272727
20260889,77,500,15,3000,3000,3000,3000,"fast","control_informative",0.05,5,0.01,"","mtada_aggregated","trait1","bfdr_estimate",0.05,0.0488701071409557
20260889,77,500,15,3000,3000,3000,3000,"fast","control_informative",0.05,5,0.01,"","mtada_aggregated","trait1","bfdr_power",0.05,0.16
20260889,77,500,15,3000,3000,3000,3000,"fast","control_informative",0.05,5,0.01,"","mtada_aggregated","trait1","bfdr_discoveries",0.05,55
20260889,77,500,15,3000,3000,3000,3000,"fast","control_informative",0.05,5,0.01,"","mtada_aggregated","trait1","bfdr_observed_fdp",0.1,0.934426229508197
20260889,77,500,15,3000,3000,3000,3000,"fast","control_informative",0.05,5,0.01,"","mtada_aggregated","trait1","bfdr_estimate",0.1,0.0925454106426948
20260889,77,500,15,3000,3000,3000,3000,"fast","control_informative",0.05,5,0.01,"","mtada_aggregated","trait1","bfdr_power",0.1,0.16
20260889,77,500,15,3000,3000,3000,3000,"fast","control_informative",0.05,5,0.01,"","mtada_aggregated","trait1","bfdr_discoveries",0.1,61
20260889,77,500,15,3000,3000,3000,3000,"fast","control_informative",0.05,5,0.01,"","mtada_aggregated","trait1","bfdr_observed_fdp",0.2,0.916666666666667
20260889,77,500,15,3000,3000,3000,3000,"fast","control_informative",0.05,5,0.01,"","mtada_aggregated","trait1","bfdr_estimate",0.2,0.193669236782053
20260889,77,500,15,3000,3000,3000,3000,"fast","control_informative",0.05,5,0.01,"","mtada_aggregated","trait1","bfdr_power",0.2,0.24
20260889,77,500,15,3000,3000,3000,3000,"fast","control_informative",0.05,5,0.01,"","mtada_aggregated","trait1","bfdr_discoveries",0.2,72
20260889,77,500,15,3000,3000,3000,3000,"fast","control_informative",0.05,5,0.01,"","mtada_aggregated","trait2","bfdr_observed_fdp",0.01,0.966666666666667
20260889,77,500,15,3000,3000,3000,3000,"fast","control_informative",0.05,5,0.01,"","mtada_aggregated","trait2","bfdr_estimate",0.01,0.00981050677137811
20260889,77,500,15,3000,3000,3000,3000,"fast","control_informative",0.05,5,0.01,"","mtada_aggregated","trait2","bfdr_power",0.01,0.1
20260889,77,500,15,3000,3000,3000,3000,"fast","control_informative",0.05,5,0.01,"","mtada_aggregated","trait2","bfdr_discoveries",0.01,30
20260889,77,500,15,3000,3000,3000,3000,"fast","control_informative",0.05,5,0.01,"","mtada_aggregated","trait2","bfdr_observed_fdp",0.05,0.945945945945946
20260889,77,500,15,3000,3000,3000,3000,"fast","control_informative",0.05,5,0.01,"","mtada_aggregated","trait2","bfdr_estimate",0.05,0.0477852434578301
20260889,77,500,15,3000,3000,3000,3000,"fast","control_informative",0.05,5,0.01,"","mtada_aggregated","trait2","bfdr_power",0.05,0.2
20260889,77,500,15,3000,3000,3000,3000,"fast","control_informative",0.05,5,0.01,"","mtada_aggregated","trait2","bfdr_discoveries",0.05,37
20260889,77,500,15,3000,3000,3000,3000,"fast","control_informative",0.05,5,0.01,"","mtada_aggregated","trait2","bfdr_observed_fdp",0.1,0.95
20260889,77,500,15,3000,3000,3000,3000,"fast","control_informative",0.05,5,0.01,"","mtada_aggregated","trait2","bfdr_estimate",0.1,0.0892532401193324
20260889,77,500,15,3000,3000,3000,3000,"fast","control_informative",0.05,5,0.01,"","mtada_aggregated","trait2","bfdr_power",0.1,0.2
20260889,77,500,15,3000,3000,3000,3000,"fast","control_informative",0.05,5,0.01,"","mtada_aggregated","trait2","bfdr_discoveries",0.1,40
20260889,77,500,15,3000,3000,3000,3000,"fast","control_informative",0.05,5,0.01,"","mtada_aggregated","trait2","bfdr_observed_fdp",0.2,0.9375
20260889,77,500,15,3000,3000,3000,3000,"fast","control_informative",0.05,5,0.01,"","mtada_aggregated","trait2","bfdr_estimate",0.2,0.198951428733984
20260889,77,500,15,3000,3000,3000,3000,"fast","control_informative",0.05,5,0.01,"","mtada_aggregated","trait2","bfdr_power",0.2,0.3
20260889,77,500,15,3000,3000,3000,3000,"fast","control_informative",0.05,5,0.01,"","mtada_aggregated","trait2","bfdr_discoveries",0.2,48
20260889,77,500,15,3000,3000,3000,3000,"fast","control_informative",0.05,5,0.01,"","mtada_aggregated","pleiotropy","bfdr_observed_fdp",0.01,1
20260889,77,500,15,3000,3000,3000,3000,"fast","control_informative",0.05,5,0.01,"","mtada_aggregated","pleiotropy","bfdr_estimate",0.01,0.00972732751133568
20260889,77,500,15,3000,3000,3000,3000,"fast","control_informative",0.05,5,0.01,"","mtada_aggregated","pleiotropy","bfdr_power",0.01,0
20260889,77,500,15,3000,3000,3000,3000,"fast","control_informative",0.05,5,0.01,"","mtada_aggregated","pleiotropy","bfdr_discoveries",0.01,3
20260889,77,500,15,3000,3000,3000,3000,"fast","control_informative",0.05,5,0.01,"","mtada_aggregated","pleiotropy","bfdr_observed_fdp",0.05,1
20260889,77,500,15,3000,3000,3000,3000,"fast","control_informative",0.05,5,0.01,"","mtada_aggregated","pleiotropy","bfdr_estimate",0.05,0.0352991259009469
20260889,77,500,15,3000,3000,3000,3000,"fast","control_informative",0.05,5,0.01,"","mtada_aggregated","pleiotropy","bfdr_power",0.05,0
20260889,77,500,15,3000,3000,3000,3000,"fast","control_informative",0.05,5,0.01,"","mtada_aggregated","pleiotropy","bfdr_discoveries",0.05,4
20260889,77,500,15,3000,3000,3000,3000,"fast","control_informative",0.05,5,0.01,"","mtada_aggregated","pleiotropy","bfdr_observed_fdp",0.1,1
20260889,77,500,15,3000,3000,3000,3000,"fast","control_informative",0.05,5,0.01,"","mtada_aggregated","pleiotropy","bfdr_estimate",0.1,0.0352991259009469
20260889,77,500,15,3000,3000,3000,3000,"fast","control_informative",0.05,5,0.01,"","mtada_aggregated","pleiotropy","bfdr_power",0.1,0
20260889,77,500,15,3000,3000,3000,3000,"fast","control_informative",0.05,5,0.01,"","mtada_aggregated","pleiotropy","bfdr_discoveries",0.1,4
20260889,77,500,15,3000,3000,3000,3000,"fast","control_informative",0.05,5,0.01,"","mtada_aggregated","pleiotropy","bfdr_observed_fdp",0.2,1
20260889,77,500,15,3000,3000,3000,3000,"fast","control_informative",0.05,5,0.01,"","mtada_aggregated","pleiotropy","bfdr_estimate",0.2,0.168119298786723
20260889,77,500,15,3000,3000,3000,3000,"fast","control_informative",0.05,5,0.01,"","mtada_aggregated","pleiotropy","bfdr_power",0.2,0
20260889,77,500,15,3000,3000,3000,3000,"fast","control_informative",0.05,5,0.01,"","mtada_aggregated","pleiotropy","bfdr_discoveries",0.2,5
20260889,77,500,15,3000,3000,3000,3000,"fast","control_informative",0.05,5,0.01,"","mtada_aggregated","global","runtime_seconds",NA,0.688999999999851
20260889,77,500,15,3000,3000,3000,3000,"fast","control_informative",0.05,5,0.01,"","mtada_aggregated","pleiotropy","pi11_estimate",NA,0.00203848
20260890,78,500,15,3000,3000,3000,3000,"fast","control_informative",0.05,5,0.01,"","mirage_joint","trait1","auc",NA,0.766736842105263
20260890,78,500,15,3000,3000,3000,3000,"fast","control_informative",0.05,5,0.01,"","mirage_joint","trait2","auc",NA,0.674081632653061
20260890,78,500,15,3000,3000,3000,3000,"fast","control_informative",0.05,5,0.01,"","mirage_joint","pleiotropy","auc",NA,0.654949494949495
20260890,78,500,15,3000,3000,3000,3000,"fast","control_informative",0.05,5,0.01,"","mirage_joint","trait1","pp08_power",0.8,0.12
20260890,78,500,15,3000,3000,3000,3000,"fast","control_informative",0.05,5,0.01,"","mirage_joint","trait1","pp08_fdp",0.8,0
20260890,78,500,15,3000,3000,3000,3000,"fast","control_informative",0.05,5,0.01,"","mirage_joint","trait1","pp08_discoveries",0.8,3
20260890,78,500,15,3000,3000,3000,3000,"fast","control_informative",0.05,5,0.01,"","mirage_joint","trait2","pp08_power",0.8,0
20260890,78,500,15,3000,3000,3000,3000,"fast","control_informative",0.05,5,0.01,"","mirage_joint","trait2","pp08_fdp",0.8,0
20260890,78,500,15,3000,3000,3000,3000,"fast","control_informative",0.05,5,0.01,"","mirage_joint","trait2","pp08_discoveries",0.8,0
20260890,78,500,15,3000,3000,3000,3000,"fast","control_informative",0.05,5,0.01,"","mirage_joint","pleiotropy","pp08_power",0.8,0
20260890,78,500,15,3000,3000,3000,3000,"fast","control_informative",0.05,5,0.01,"","mirage_joint","pleiotropy","pp08_fdp",0.8,0
20260890,78,500,15,3000,3000,3000,3000,"fast","control_informative",0.05,5,0.01,"","mirage_joint","pleiotropy","pp08_discoveries",0.8,0
20260890,78,500,15,3000,3000,3000,3000,"fast","control_informative",0.05,5,0.01,"","mirage_joint","trait1","bfdr_observed_fdp",0.01,0
20260890,78,500,15,3000,3000,3000,3000,"fast","control_informative",0.05,5,0.01,"","mirage_joint","trait1","bfdr_estimate",0.01,0.000725856316927342
20260890,78,500,15,3000,3000,3000,3000,"fast","control_informative",0.05,5,0.01,"","mirage_joint","trait1","bfdr_power",0.01,0.04
20260890,78,500,15,3000,3000,3000,3000,"fast","control_informative",0.05,5,0.01,"","mirage_joint","trait1","bfdr_discoveries",0.01,1
20260890,78,500,15,3000,3000,3000,3000,"fast","control_informative",0.05,5,0.01,"","mirage_joint","trait1","bfdr_observed_fdp",0.05,0
20260890,78,500,15,3000,3000,3000,3000,"fast","control_informative",0.05,5,0.01,"","mirage_joint","trait1","bfdr_estimate",0.05,0.0152892549146108
20260890,78,500,15,3000,3000,3000,3000,"fast","control_informative",0.05,5,0.01,"","mirage_joint","trait1","bfdr_power",0.05,0.08
20260890,78,500,15,3000,3000,3000,3000,"fast","control_informative",0.05,5,0.01,"","mirage_joint","trait1","bfdr_discoveries",0.05,2
20260890,78,500,15,3000,3000,3000,3000,"fast","control_informative",0.05,5,0.01,"","mirage_joint","trait1","bfdr_observed_fdp",0.1,0
20260890,78,500,15,3000,3000,3000,3000,"fast","control_informative",0.05,5,0.01,"","mirage_joint","trait1","bfdr_estimate",0.1,0.0767773780838219
20260890,78,500,15,3000,3000,3000,3000,"fast","control_informative",0.05,5,0.01,"","mirage_joint","trait1","bfdr_power",0.1,0.12
20260890,78,500,15,3000,3000,3000,3000,"fast","control_informative",0.05,5,0.01,"","mirage_joint","trait1","bfdr_discoveries",0.1,3
20260890,78,500,15,3000,3000,3000,3000,"fast","control_informative",0.05,5,0.01,"","mirage_joint","trait1","bfdr_observed_fdp",0.2,0.25
20260890,78,500,15,3000,3000,3000,3000,"fast","control_informative",0.05,5,0.01,"","mirage_joint","trait1","bfdr_estimate",0.2,0.199854553815001
20260890,78,500,15,3000,3000,3000,3000,"fast","control_informative",0.05,5,0.01,"","mirage_joint","trait1","bfdr_power",0.2,0.24
20260890,78,500,15,3000,3000,3000,3000,"fast","control_informative",0.05,5,0.01,"","mirage_joint","trait1","bfdr_discoveries",0.2,8
20260890,78,500,15,3000,3000,3000,3000,"fast","control_informative",0.05,5,0.01,"","mirage_joint","trait2","bfdr_observed_fdp",0.01,0
20260890,78,500,15,3000,3000,3000,3000,"fast","control_informative",0.05,5,0.01,"","mirage_joint","trait2","bfdr_estimate",0.01,0
20260890,78,500,15,3000,3000,3000,3000,"fast","control_informative",0.05,5,0.01,"","mirage_joint","trait2","bfdr_power",0.01,0
20260890,78,500,15,3000,3000,3000,3000,"fast","control_informative",0.05,5,0.01,"","mirage_joint","trait2","bfdr_discoveries",0.01,0
20260890,78,500,15,3000,3000,3000,3000,"fast","control_informative",0.05,5,0.01,"","mirage_joint","trait2","bfdr_observed_fdp",0.05,0
20260890,78,500,15,3000,3000,3000,3000,"fast","control_informative",0.05,5,0.01,"","mirage_joint","trait2","bfdr_estimate",0.05,0
20260890,78,500,15,3000,3000,3000,3000,"fast","control_informative",0.05,5,0.01,"","mirage_joint","trait2","bfdr_power",0.05,0
20260890,78,500,15,3000,3000,3000,3000,"fast","control_informative",0.05,5,0.01,"","mirage_joint","trait2","bfdr_discoveries",0.05,0
20260890,78,500,15,3000,3000,3000,3000,"fast","control_informative",0.05,5,0.01,"","mirage_joint","trait2","bfdr_observed_fdp",0.1,0
20260890,78,500,15,3000,3000,3000,3000,"fast","control_informative",0.05,5,0.01,"","mirage_joint","trait2","bfdr_estimate",0.1,0
20260890,78,500,15,3000,3000,3000,3000,"fast","control_informative",0.05,5,0.01,"","mirage_joint","trait2","bfdr_power",0.1,0
20260890,78,500,15,3000,3000,3000,3000,"fast","control_informative",0.05,5,0.01,"","mirage_joint","trait2","bfdr_discoveries",0.1,0
20260890,78,500,15,3000,3000,3000,3000,"fast","control_informative",0.05,5,0.01,"","mirage_joint","trait2","bfdr_observed_fdp",0.2,0
20260890,78,500,15,3000,3000,3000,3000,"fast","control_informative",0.05,5,0.01,"","mirage_joint","trait2","bfdr_estimate",0.2,0
20260890,78,500,15,3000,3000,3000,3000,"fast","control_informative",0.05,5,0.01,"","mirage_joint","trait2","bfdr_power",0.2,0
20260890,78,500,15,3000,3000,3000,3000,"fast","control_informative",0.05,5,0.01,"","mirage_joint","trait2","bfdr_discoveries",0.2,0
20260890,78,500,15,3000,3000,3000,3000,"fast","control_informative",0.05,5,0.01,"","mirage_joint","pleiotropy","bfdr_observed_fdp",0.01,0
20260890,78,500,15,3000,3000,3000,3000,"fast","control_informative",0.05,5,0.01,"","mirage_joint","pleiotropy","bfdr_estimate",0.01,0
20260890,78,500,15,3000,3000,3000,3000,"fast","control_informative",0.05,5,0.01,"","mirage_joint","pleiotropy","bfdr_power",0.01,0
20260890,78,500,15,3000,3000,3000,3000,"fast","control_informative",0.05,5,0.01,"","mirage_joint","pleiotropy","bfdr_discoveries",0.01,0
20260890,78,500,15,3000,3000,3000,3000,"fast","control_informative",0.05,5,0.01,"","mirage_joint","pleiotropy","bfdr_observed_fdp",0.05,0
20260890,78,500,15,3000,3000,3000,3000,"fast","control_informative",0.05,5,0.01,"","mirage_joint","pleiotropy","bfdr_estimate",0.05,0
20260890,78,500,15,3000,3000,3000,3000,"fast","control_informative",0.05,5,0.01,"","mirage_joint","pleiotropy","bfdr_power",0.05,0
20260890,78,500,15,3000,3000,3000,3000,"fast","control_informative",0.05,5,0.01,"","mirage_joint","pleiotropy","bfdr_discoveries",0.05,0
20260890,78,500,15,3000,3000,3000,3000,"fast","control_informative",0.05,5,0.01,"","mirage_joint","pleiotropy","bfdr_observed_fdp",0.1,0
20260890,78,500,15,3000,3000,3000,3000,"fast","control_informative",0.05,5,0.01,"","mirage_joint","pleiotropy","bfdr_estimate",0.1,0
20260890,78,500,15,3000,3000,3000,3000,"fast","control_informative",0.05,5,0.01,"","mirage_joint","pleiotropy","bfdr_power",0.1,0
20260890,78,500,15,3000,3000,3000,3000,"fast","control_informative",0.05,5,0.01,"","mirage_joint","pleiotropy","bfdr_discoveries",0.1,0
20260890,78,500,15,3000,3000,3000,3000,"fast","control_informative",0.05,5,0.01,"","mirage_joint","pleiotropy","bfdr_observed_fdp",0.2,0
20260890,78,500,15,3000,3000,3000,3000,"fast","control_informative",0.05,5,0.01,"","mirage_joint","pleiotropy","bfdr_estimate",0.2,0
20260890,78,500,15,3000,3000,3000,3000,"fast","control_informative",0.05,5,0.01,"","mirage_joint","pleiotropy","bfdr_power",0.2,0
20260890,78,500,15,3000,3000,3000,3000,"fast","control_informative",0.05,5,0.01,"","mirage_joint","pleiotropy","bfdr_discoveries",0.2,0
20260890,78,500,15,3000,3000,3000,3000,"fast","control_informative",0.05,5,0.01,"","mirage_joint","global","runtime_seconds",NA,19.03
20260890,78,500,15,3000,3000,3000,3000,"fast","control_informative",0.05,5,0.01,"","mirage_joint","pleiotropy","pi11_estimate",NA,0.00457035174782412
20260890,78,500,15,3000,3000,3000,3000,"fast","control_informative",0.05,5,0.01,"","separate_mirage","trait1","auc",NA,0.751157894736842
20260890,78,500,15,3000,3000,3000,3000,"fast","control_informative",0.05,5,0.01,"","separate_mirage","trait2","auc",NA,0.665918367346939
20260890,78,500,15,3000,3000,3000,3000,"fast","control_informative",0.05,5,0.01,"","separate_mirage","pleiotropy","auc",NA,0.67030303030303
20260890,78,500,15,3000,3000,3000,3000,"fast","control_informative",0.05,5,0.01,"","separate_mirage","trait1","pp08_power",0.8,0.08
20260890,78,500,15,3000,3000,3000,3000,"fast","control_informative",0.05,5,0.01,"","separate_mirage","trait1","pp08_fdp",0.8,0
20260890,78,500,15,3000,3000,3000,3000,"fast","control_informative",0.05,5,0.01,"","separate_mirage","trait1","pp08_discoveries",0.8,2
20260890,78,500,15,3000,3000,3000,3000,"fast","control_informative",0.05,5,0.01,"","separate_mirage","trait2","pp08_power",0.8,0
20260890,78,500,15,3000,3000,3000,3000,"fast","control_informative",0.05,5,0.01,"","separate_mirage","trait2","pp08_fdp",0.8,0
20260890,78,500,15,3000,3000,3000,3000,"fast","control_informative",0.05,5,0.01,"","separate_mirage","trait2","pp08_discoveries",0.8,0
20260890,78,500,15,3000,3000,3000,3000,"fast","control_informative",0.05,5,0.01,"","separate_mirage","pleiotropy","pp08_power",0.8,0
20260890,78,500,15,3000,3000,3000,3000,"fast","control_informative",0.05,5,0.01,"","separate_mirage","pleiotropy","pp08_fdp",0.8,0
20260890,78,500,15,3000,3000,3000,3000,"fast","control_informative",0.05,5,0.01,"","separate_mirage","pleiotropy","pp08_discoveries",0.8,0
20260890,78,500,15,3000,3000,3000,3000,"fast","control_informative",0.05,5,0.01,"","separate_mirage","trait1","bfdr_observed_fdp",0.01,0
20260890,78,500,15,3000,3000,3000,3000,"fast","control_informative",0.05,5,0.01,"","separate_mirage","trait1","bfdr_estimate",0.01,0.00107950980357552
20260890,78,500,15,3000,3000,3000,3000,"fast","control_informative",0.05,5,0.01,"","separate_mirage","trait1","bfdr_power",0.01,0.04
20260890,78,500,15,3000,3000,3000,3000,"fast","control_informative",0.05,5,0.01,"","separate_mirage","trait1","bfdr_discoveries",0.01,1
20260890,78,500,15,3000,3000,3000,3000,"fast","control_informative",0.05,5,0.01,"","separate_mirage","trait1","bfdr_observed_fdp",0.05,0
20260890,78,500,15,3000,3000,3000,3000,"fast","control_informative",0.05,5,0.01,"","separate_mirage","trait1","bfdr_estimate",0.05,0.0284912861498691
20260890,78,500,15,3000,3000,3000,3000,"fast","control_informative",0.05,5,0.01,"","separate_mirage","trait1","bfdr_power",0.05,0.08
20260890,78,500,15,3000,3000,3000,3000,"fast","control_informative",0.05,5,0.01,"","separate_mirage","trait1","bfdr_discoveries",0.05,2
20260890,78,500,15,3000,3000,3000,3000,"fast","control_informative",0.05,5,0.01,"","separate_mirage","trait1","bfdr_observed_fdp",0.1,0
20260890,78,500,15,3000,3000,3000,3000,"fast","control_informative",0.05,5,0.01,"","separate_mirage","trait1","bfdr_estimate",0.1,0.0284912861498691
20260890,78,500,15,3000,3000,3000,3000,"fast","control_informative",0.05,5,0.01,"","separate_mirage","trait1","bfdr_power",0.1,0.08
20260890,78,500,15,3000,3000,3000,3000,"fast","control_informative",0.05,5,0.01,"","separate_mirage","trait1","bfdr_discoveries",0.1,2
20260890,78,500,15,3000,3000,3000,3000,"fast","control_informative",0.05,5,0.01,"","separate_mirage","trait1","bfdr_observed_fdp",0.2,0.2
20260890,78,500,15,3000,3000,3000,3000,"fast","control_informative",0.05,5,0.01,"","separate_mirage","trait1","bfdr_estimate",0.2,0.194839429806514
20260890,78,500,15,3000,3000,3000,3000,"fast","control_informative",0.05,5,0.01,"","separate_mirage","trait1","bfdr_power",0.2,0.16
20260890,78,500,15,3000,3000,3000,3000,"fast","control_informative",0.05,5,0.01,"","separate_mirage","trait1","bfdr_discoveries",0.2,5
20260890,78,500,15,3000,3000,3000,3000,"fast","control_informative",0.05,5,0.01,"","separate_mirage","trait2","bfdr_observed_fdp",0.01,0
20260890,78,500,15,3000,3000,3000,3000,"fast","control_informative",0.05,5,0.01,"","separate_mirage","trait2","bfdr_estimate",0.01,0
20260890,78,500,15,3000,3000,3000,3000,"fast","control_informative",0.05,5,0.01,"","separate_mirage","trait2","bfdr_power",0.01,0
20260890,78,500,15,3000,3000,3000,3000,"fast","control_informative",0.05,5,0.01,"","separate_mirage","trait2","bfdr_discoveries",0.01,0
20260890,78,500,15,3000,3000,3000,3000,"fast","control_informative",0.05,5,0.01,"","separate_mirage","trait2","bfdr_observed_fdp",0.05,0
20260890,78,500,15,3000,3000,3000,3000,"fast","control_informative",0.05,5,0.01,"","separate_mirage","trait2","bfdr_estimate",0.05,0
20260890,78,500,15,3000,3000,3000,3000,"fast","control_informative",0.05,5,0.01,"","separate_mirage","trait2","bfdr_power",0.05,0
20260890,78,500,15,3000,3000,3000,3000,"fast","control_informative",0.05,5,0.01,"","separate_mirage","trait2","bfdr_discoveries",0.05,0
20260890,78,500,15,3000,3000,3000,3000,"fast","control_informative",0.05,5,0.01,"","separate_mirage","trait2","bfdr_observed_fdp",0.1,0
20260890,78,500,15,3000,3000,3000,3000,"fast","control_informative",0.05,5,0.01,"","separate_mirage","trait2","bfdr_estimate",0.1,0
20260890,78,500,15,3000,3000,3000,3000,"fast","control_informative",0.05,5,0.01,"","separate_mirage","trait2","bfdr_power",0.1,0
20260890,78,500,15,3000,3000,3000,3000,"fast","control_informative",0.05,5,0.01,"","separate_mirage","trait2","bfdr_discoveries",0.1,0
20260890,78,500,15,3000,3000,3000,3000,"fast","control_informative",0.05,5,0.01,"","separate_mirage","trait2","bfdr_observed_fdp",0.2,0
20260890,78,500,15,3000,3000,3000,3000,"fast","control_informative",0.05,5,0.01,"","separate_mirage","trait2","bfdr_estimate",0.2,0
20260890,78,500,15,3000,3000,3000,3000,"fast","control_informative",0.05,5,0.01,"","separate_mirage","trait2","bfdr_power",0.2,0
20260890,78,500,15,3000,3000,3000,3000,"fast","control_informative",0.05,5,0.01,"","separate_mirage","trait2","bfdr_discoveries",0.2,0
20260890,78,500,15,3000,3000,3000,3000,"fast","control_informative",0.05,5,0.01,"","separate_mirage","pleiotropy","bfdr_observed_fdp",0.01,0
20260890,78,500,15,3000,3000,3000,3000,"fast","control_informative",0.05,5,0.01,"","separate_mirage","pleiotropy","bfdr_estimate",0.01,0
20260890,78,500,15,3000,3000,3000,3000,"fast","control_informative",0.05,5,0.01,"","separate_mirage","pleiotropy","bfdr_power",0.01,0
20260890,78,500,15,3000,3000,3000,3000,"fast","control_informative",0.05,5,0.01,"","separate_mirage","pleiotropy","bfdr_discoveries",0.01,0
20260890,78,500,15,3000,3000,3000,3000,"fast","control_informative",0.05,5,0.01,"","separate_mirage","pleiotropy","bfdr_observed_fdp",0.05,0
20260890,78,500,15,3000,3000,3000,3000,"fast","control_informative",0.05,5,0.01,"","separate_mirage","pleiotropy","bfdr_estimate",0.05,0
20260890,78,500,15,3000,3000,3000,3000,"fast","control_informative",0.05,5,0.01,"","separate_mirage","pleiotropy","bfdr_power",0.05,0
20260890,78,500,15,3000,3000,3000,3000,"fast","control_informative",0.05,5,0.01,"","separate_mirage","pleiotropy","bfdr_discoveries",0.05,0
20260890,78,500,15,3000,3000,3000,3000,"fast","control_informative",0.05,5,0.01,"","separate_mirage","pleiotropy","bfdr_observed_fdp",0.1,0
20260890,78,500,15,3000,3000,3000,3000,"fast","control_informative",0.05,5,0.01,"","separate_mirage","pleiotropy","bfdr_estimate",0.1,0
20260890,78,500,15,3000,3000,3000,3000,"fast","control_informative",0.05,5,0.01,"","separate_mirage","pleiotropy","bfdr_power",0.1,0
20260890,78,500,15,3000,3000,3000,3000,"fast","control_informative",0.05,5,0.01,"","separate_mirage","pleiotropy","bfdr_discoveries",0.1,0
20260890,78,500,15,3000,3000,3000,3000,"fast","control_informative",0.05,5,0.01,"","separate_mirage","pleiotropy","bfdr_observed_fdp",0.2,0
20260890,78,500,15,3000,3000,3000,3000,"fast","control_informative",0.05,5,0.01,"","separate_mirage","pleiotropy","bfdr_estimate",0.2,0
20260890,78,500,15,3000,3000,3000,3000,"fast","control_informative",0.05,5,0.01,"","separate_mirage","pleiotropy","bfdr_power",0.2,0
20260890,78,500,15,3000,3000,3000,3000,"fast","control_informative",0.05,5,0.01,"","separate_mirage","pleiotropy","bfdr_discoveries",0.2,0
20260890,78,500,15,3000,3000,3000,3000,"fast","control_informative",0.05,5,0.01,"","separate_mirage","global","runtime_seconds",NA,18.538
20260890,78,500,15,3000,3000,3000,3000,"fast","control_informative",0.05,5,0.01,"","separate_mirage","pleiotropy","pi11_estimate",NA,0.001
20260890,78,500,15,3000,3000,3000,3000,"fast","control_informative",0.05,5,0.01,"","mtada_aggregated","trait1","auc",NA,0.694821052631579
20260890,78,500,15,3000,3000,3000,3000,"fast","control_informative",0.05,5,0.01,"","mtada_aggregated","trait2","auc",NA,0.660612244897959
20260890,78,500,15,3000,3000,3000,3000,"fast","control_informative",0.05,5,0.01,"","mtada_aggregated","pleiotropy","auc",NA,0.725656565656566
20260890,78,500,15,3000,3000,3000,3000,"fast","control_informative",0.05,5,0.01,"","mtada_aggregated","trait1","pp08_power",0.8,0.2
20260890,78,500,15,3000,3000,3000,3000,"fast","control_informative",0.05,5,0.01,"","mtada_aggregated","trait1","pp08_fdp",0.8,0.895833333333333
20260890,78,500,15,3000,3000,3000,3000,"fast","control_informative",0.05,5,0.01,"","mtada_aggregated","trait1","pp08_discoveries",0.8,48
20260890,78,500,15,3000,3000,3000,3000,"fast","control_informative",0.05,5,0.01,"","mtada_aggregated","trait2","pp08_power",0.8,0.1
20260890,78,500,15,3000,3000,3000,3000,"fast","control_informative",0.05,5,0.01,"","mtada_aggregated","trait2","pp08_fdp",0.8,0.971428571428571
20260890,78,500,15,3000,3000,3000,3000,"fast","control_informative",0.05,5,0.01,"","mtada_aggregated","trait2","pp08_discoveries",0.8,35
20260890,78,500,15,3000,3000,3000,3000,"fast","control_informative",0.05,5,0.01,"","mtada_aggregated","pleiotropy","pp08_power",0.8,0
20260890,78,500,15,3000,3000,3000,3000,"fast","control_informative",0.05,5,0.01,"","mtada_aggregated","pleiotropy","pp08_fdp",0.8,1
20260890,78,500,15,3000,3000,3000,3000,"fast","control_informative",0.05,5,0.01,"","mtada_aggregated","pleiotropy","pp08_discoveries",0.8,5
20260890,78,500,15,3000,3000,3000,3000,"fast","control_informative",0.05,5,0.01,"","mtada_aggregated","trait1","bfdr_observed_fdp",0.01,0.883720930232558
20260890,78,500,15,3000,3000,3000,3000,"fast","control_informative",0.05,5,0.01,"","mtada_aggregated","trait1","bfdr_estimate",0.01,0.00967313884395208
20260890,78,500,15,3000,3000,3000,3000,"fast","control_informative",0.05,5,0.01,"","mtada_aggregated","trait1","bfdr_power",0.01,0.2
20260890,78,500,15,3000,3000,3000,3000,"fast","control_informative",0.05,5,0.01,"","mtada_aggregated","trait1","bfdr_discoveries",0.01,43
20260890,78,500,15,3000,3000,3000,3000,"fast","control_informative",0.05,5,0.01,"","mtada_aggregated","trait1","bfdr_observed_fdp",0.05,0.905660377358491
20260890,78,500,15,3000,3000,3000,3000,"fast","control_informative",0.05,5,0.01,"","mtada_aggregated","trait1","bfdr_estimate",0.05,0.0476878366419666
20260890,78,500,15,3000,3000,3000,3000,"fast","control_informative",0.05,5,0.01,"","mtada_aggregated","trait1","bfdr_power",0.05,0.2
20260890,78,500,15,3000,3000,3000,3000,"fast","control_informative",0.05,5,0.01,"","mtada_aggregated","trait1","bfdr_discoveries",0.05,53
20260890,78,500,15,3000,3000,3000,3000,"fast","control_informative",0.05,5,0.01,"","mtada_aggregated","trait1","bfdr_observed_fdp",0.1,0.9
20260890,78,500,15,3000,3000,3000,3000,"fast","control_informative",0.05,5,0.01,"","mtada_aggregated","trait1","bfdr_estimate",0.1,0.0976847286514438
20260890,78,500,15,3000,3000,3000,3000,"fast","control_informative",0.05,5,0.01,"","mtada_aggregated","trait1","bfdr_power",0.1,0.24
20260890,78,500,15,3000,3000,3000,3000,"fast","control_informative",0.05,5,0.01,"","mtada_aggregated","trait1","bfdr_discoveries",0.1,60
20260890,78,500,15,3000,3000,3000,3000,"fast","control_informative",0.05,5,0.01,"","mtada_aggregated","trait1","bfdr_observed_fdp",0.2,0.861111111111111
20260890,78,500,15,3000,3000,3000,3000,"fast","control_informative",0.05,5,0.01,"","mtada_aggregated","trait1","bfdr_estimate",0.2,0.196852353705593
20260890,78,500,15,3000,3000,3000,3000,"fast","control_informative",0.05,5,0.01,"","mtada_aggregated","trait1","bfdr_power",0.2,0.4
20260890,78,500,15,3000,3000,3000,3000,"fast","control_informative",0.05,5,0.01,"","mtada_aggregated","trait1","bfdr_discoveries",0.2,72
20260890,78,500,15,3000,3000,3000,3000,"fast","control_informative",0.05,5,0.01,"","mtada_aggregated","trait2","bfdr_observed_fdp",0.01,0.96551724137931
20260890,78,500,15,3000,3000,3000,3000,"fast","control_informative",0.05,5,0.01,"","mtada_aggregated","trait2","bfdr_estimate",0.01,0.00958887755732397
20260890,78,500,15,3000,3000,3000,3000,"fast","control_informative",0.05,5,0.01,"","mtada_aggregated","trait2","bfdr_power",0.01,0.1
20260890,78,500,15,3000,3000,3000,3000,"fast","control_informative",0.05,5,0.01,"","mtada_aggregated","trait2","bfdr_discoveries",0.01,29
20260890,78,500,15,3000,3000,3000,3000,"fast","control_informative",0.05,5,0.01,"","mtada_aggregated","trait2","bfdr_observed_fdp",0.05,0.975
20260890,78,500,15,3000,3000,3000,3000,"fast","control_informative",0.05,5,0.01,"","mtada_aggregated","trait2","bfdr_estimate",0.05,0.0493289213381085
20260890,78,500,15,3000,3000,3000,3000,"fast","control_informative",0.05,5,0.01,"","mtada_aggregated","trait2","bfdr_power",0.05,0.1
20260890,78,500,15,3000,3000,3000,3000,"fast","control_informative",0.05,5,0.01,"","mtada_aggregated","trait2","bfdr_discoveries",0.05,40
20260890,78,500,15,3000,3000,3000,3000,"fast","control_informative",0.05,5,0.01,"","mtada_aggregated","trait2","bfdr_observed_fdp",0.1,0.978723404255319
20260890,78,500,15,3000,3000,3000,3000,"fast","control_informative",0.05,5,0.01,"","mtada_aggregated","trait2","bfdr_estimate",0.1,0.0971829664134421
20260890,78,500,15,3000,3000,3000,3000,"fast","control_informative",0.05,5,0.01,"","mtada_aggregated","trait2","bfdr_power",0.1,0.1
20260890,78,500,15,3000,3000,3000,3000,"fast","control_informative",0.05,5,0.01,"","mtada_aggregated","trait2","bfdr_discoveries",0.1,47
20260890,78,500,15,3000,3000,3000,3000,"fast","control_informative",0.05,5,0.01,"","mtada_aggregated","trait2","bfdr_observed_fdp",0.2,0.964285714285714
20260890,78,500,15,3000,3000,3000,3000,"fast","control_informative",0.05,5,0.01,"","mtada_aggregated","trait2","bfdr_estimate",0.2,0.191959268631392
20260890,78,500,15,3000,3000,3000,3000,"fast","control_informative",0.05,5,0.01,"","mtada_aggregated","trait2","bfdr_power",0.2,0.2
20260890,78,500,15,3000,3000,3000,3000,"fast","control_informative",0.05,5,0.01,"","mtada_aggregated","trait2","bfdr_discoveries",0.2,56
20260890,78,500,15,3000,3000,3000,3000,"fast","control_informative",0.05,5,0.01,"","mtada_aggregated","pleiotropy","bfdr_observed_fdp",0.01,1
20260890,78,500,15,3000,3000,3000,3000,"fast","control_informative",0.05,5,0.01,"","mtada_aggregated","pleiotropy","bfdr_estimate",0.01,0.00484365070715894
20260890,78,500,15,3000,3000,3000,3000,"fast","control_informative",0.05,5,0.01,"","mtada_aggregated","pleiotropy","bfdr_power",0.01,0
20260890,78,500,15,3000,3000,3000,3000,"fast","control_informative",0.05,5,0.01,"","mtada_aggregated","pleiotropy","bfdr_discoveries",0.01,3
20260890,78,500,15,3000,3000,3000,3000,"fast","control_informative",0.05,5,0.01,"","mtada_aggregated","pleiotropy","bfdr_observed_fdp",0.05,1
20260890,78,500,15,3000,3000,3000,3000,"fast","control_informative",0.05,5,0.01,"","mtada_aggregated","pleiotropy","bfdr_estimate",0.05,0.0470585705127163
20260890,78,500,15,3000,3000,3000,3000,"fast","control_informative",0.05,5,0.01,"","mtada_aggregated","pleiotropy","bfdr_power",0.05,0
20260890,78,500,15,3000,3000,3000,3000,"fast","control_informative",0.05,5,0.01,"","mtada_aggregated","pleiotropy","bfdr_discoveries",0.05,5
20260890,78,500,15,3000,3000,3000,3000,"fast","control_informative",0.05,5,0.01,"","mtada_aggregated","pleiotropy","bfdr_observed_fdp",0.1,1
20260890,78,500,15,3000,3000,3000,3000,"fast","control_informative",0.05,5,0.01,"","mtada_aggregated","pleiotropy","bfdr_estimate",0.1,0.084660171513021
20260890,78,500,15,3000,3000,3000,3000,"fast","control_informative",0.05,5,0.01,"","mtada_aggregated","pleiotropy","bfdr_power",0.1,0
20260890,78,500,15,3000,3000,3000,3000,"fast","control_informative",0.05,5,0.01,"","mtada_aggregated","pleiotropy","bfdr_discoveries",0.1,6
20260890,78,500,15,3000,3000,3000,3000,"fast","control_informative",0.05,5,0.01,"","mtada_aggregated","pleiotropy","bfdr_observed_fdp",0.2,1
20260890,78,500,15,3000,3000,3000,3000,"fast","control_informative",0.05,5,0.01,"","mtada_aggregated","pleiotropy","bfdr_estimate",0.2,0.135313193716067
20260890,78,500,15,3000,3000,3000,3000,"fast","control_informative",0.05,5,0.01,"","mtada_aggregated","pleiotropy","bfdr_power",0.2,0
20260890,78,500,15,3000,3000,3000,3000,"fast","control_informative",0.05,5,0.01,"","mtada_aggregated","pleiotropy","bfdr_discoveries",0.2,7
20260890,78,500,15,3000,3000,3000,3000,"fast","control_informative",0.05,5,0.01,"","mtada_aggregated","global","runtime_seconds",NA,0.740999999999985
20260890,78,500,15,3000,3000,3000,3000,"fast","control_informative",0.05,5,0.01,"","mtada_aggregated","pleiotropy","pi11_estimate",NA,0.00167368
20260891,79,500,15,3000,3000,3000,3000,"fast","control_informative",0.05,5,0.01,"","mirage_joint","trait1","auc",NA,0.781136842105263
20260891,79,500,15,3000,3000,3000,3000,"fast","control_informative",0.05,5,0.01,"","mirage_joint","trait2","auc",NA,0.658571428571429
20260891,79,500,15,3000,3000,3000,3000,"fast","control_informative",0.05,5,0.01,"","mirage_joint","pleiotropy","auc",NA,0.835151515151515
20260891,79,500,15,3000,3000,3000,3000,"fast","control_informative",0.05,5,0.01,"","mirage_joint","trait1","pp08_power",0.8,0.08
20260891,79,500,15,3000,3000,3000,3000,"fast","control_informative",0.05,5,0.01,"","mirage_joint","trait1","pp08_fdp",0.8,0.333333333333333
20260891,79,500,15,3000,3000,3000,3000,"fast","control_informative",0.05,5,0.01,"","mirage_joint","trait1","pp08_discoveries",0.8,3
20260891,79,500,15,3000,3000,3000,3000,"fast","control_informative",0.05,5,0.01,"","mirage_joint","trait2","pp08_power",0.8,0.1
20260891,79,500,15,3000,3000,3000,3000,"fast","control_informative",0.05,5,0.01,"","mirage_joint","trait2","pp08_fdp",0.8,0.666666666666667
20260891,79,500,15,3000,3000,3000,3000,"fast","control_informative",0.05,5,0.01,"","mirage_joint","trait2","pp08_discoveries",0.8,3
20260891,79,500,15,3000,3000,3000,3000,"fast","control_informative",0.05,5,0.01,"","mirage_joint","pleiotropy","pp08_power",0.8,0.2
20260891,79,500,15,3000,3000,3000,3000,"fast","control_informative",0.05,5,0.01,"","mirage_joint","pleiotropy","pp08_fdp",0.8,0.666666666666667
20260891,79,500,15,3000,3000,3000,3000,"fast","control_informative",0.05,5,0.01,"","mirage_joint","pleiotropy","pp08_discoveries",0.8,3
20260891,79,500,15,3000,3000,3000,3000,"fast","control_informative",0.05,5,0.01,"","mirage_joint","trait1","bfdr_observed_fdp",0.01,0
20260891,79,500,15,3000,3000,3000,3000,"fast","control_informative",0.05,5,0.01,"","mirage_joint","trait1","bfdr_estimate",0.01,0.00161884389200451
20260891,79,500,15,3000,3000,3000,3000,"fast","control_informative",0.05,5,0.01,"","mirage_joint","trait1","bfdr_power",0.01,0.08
20260891,79,500,15,3000,3000,3000,3000,"fast","control_informative",0.05,5,0.01,"","mirage_joint","trait1","bfdr_discoveries",0.01,2
20260891,79,500,15,3000,3000,3000,3000,"fast","control_informative",0.05,5,0.01,"","mirage_joint","trait1","bfdr_observed_fdp",0.05,0
20260891,79,500,15,3000,3000,3000,3000,"fast","control_informative",0.05,5,0.01,"","mirage_joint","trait1","bfdr_estimate",0.05,0.00161884389200451
20260891,79,500,15,3000,3000,3000,3000,"fast","control_informative",0.05,5,0.01,"","mirage_joint","trait1","bfdr_power",0.05,0.08
20260891,79,500,15,3000,3000,3000,3000,"fast","control_informative",0.05,5,0.01,"","mirage_joint","trait1","bfdr_discoveries",0.05,2
20260891,79,500,15,3000,3000,3000,3000,"fast","control_informative",0.05,5,0.01,"","mirage_joint","trait1","bfdr_observed_fdp",0.1,0.333333333333333
20260891,79,500,15,3000,3000,3000,3000,"fast","control_informative",0.05,5,0.01,"","mirage_joint","trait1","bfdr_estimate",0.1,0.0554188084164924
20260891,79,500,15,3000,3000,3000,3000,"fast","control_informative",0.05,5,0.01,"","mirage_joint","trait1","bfdr_power",0.1,0.08
20260891,79,500,15,3000,3000,3000,3000,"fast","control_informative",0.05,5,0.01,"","mirage_joint","trait1","bfdr_discoveries",0.1,3
20260891,79,500,15,3000,3000,3000,3000,"fast","control_informative",0.05,5,0.01,"","mirage_joint","trait1","bfdr_observed_fdp",0.2,0.333333333333333
20260891,79,500,15,3000,3000,3000,3000,"fast","control_informative",0.05,5,0.01,"","mirage_joint","trait1","bfdr_estimate",0.2,0.175251485488962
20260891,79,500,15,3000,3000,3000,3000,"fast","control_informative",0.05,5,0.01,"","mirage_joint","trait1","bfdr_power",0.2,0.16
20260891,79,500,15,3000,3000,3000,3000,"fast","control_informative",0.05,5,0.01,"","mirage_joint","trait1","bfdr_discoveries",0.2,6
20260891,79,500,15,3000,3000,3000,3000,"fast","control_informative",0.05,5,0.01,"","mirage_joint","trait2","bfdr_observed_fdp",0.01,0
20260891,79,500,15,3000,3000,3000,3000,"fast","control_informative",0.05,5,0.01,"","mirage_joint","trait2","bfdr_estimate",0.01,0
20260891,79,500,15,3000,3000,3000,3000,"fast","control_informative",0.05,5,0.01,"","mirage_joint","trait2","bfdr_power",0.01,0
20260891,79,500,15,3000,3000,3000,3000,"fast","control_informative",0.05,5,0.01,"","mirage_joint","trait2","bfdr_discoveries",0.01,0
20260891,79,500,15,3000,3000,3000,3000,"fast","control_informative",0.05,5,0.01,"","mirage_joint","trait2","bfdr_observed_fdp",0.05,0
20260891,79,500,15,3000,3000,3000,3000,"fast","control_informative",0.05,5,0.01,"","mirage_joint","trait2","bfdr_estimate",0.05,0.0392620730049887
20260891,79,500,15,3000,3000,3000,3000,"fast","control_informative",0.05,5,0.01,"","mirage_joint","trait2","bfdr_power",0.05,0.1
20260891,79,500,15,3000,3000,3000,3000,"fast","control_informative",0.05,5,0.01,"","mirage_joint","trait2","bfdr_discoveries",0.05,1
20260891,79,500,15,3000,3000,3000,3000,"fast","control_informative",0.05,5,0.01,"","mirage_joint","trait2","bfdr_observed_fdp",0.1,0
20260891,79,500,15,3000,3000,3000,3000,"fast","control_informative",0.05,5,0.01,"","mirage_joint","trait2","bfdr_estimate",0.1,0.0392620730049887
20260891,79,500,15,3000,3000,3000,3000,"fast","control_informative",0.05,5,0.01,"","mirage_joint","trait2","bfdr_power",0.1,0.1
20260891,79,500,15,3000,3000,3000,3000,"fast","control_informative",0.05,5,0.01,"","mirage_joint","trait2","bfdr_discoveries",0.1,1
20260891,79,500,15,3000,3000,3000,3000,"fast","control_informative",0.05,5,0.01,"","mirage_joint","trait2","bfdr_observed_fdp",0.2,0.75
20260891,79,500,15,3000,3000,3000,3000,"fast","control_informative",0.05,5,0.01,"","mirage_joint","trait2","bfdr_estimate",0.2,0.177215527670525
20260891,79,500,15,3000,3000,3000,3000,"fast","control_informative",0.05,5,0.01,"","mirage_joint","trait2","bfdr_power",0.2,0.1
20260891,79,500,15,3000,3000,3000,3000,"fast","control_informative",0.05,5,0.01,"","mirage_joint","trait2","bfdr_discoveries",0.2,4
20260891,79,500,15,3000,3000,3000,3000,"fast","control_informative",0.05,5,0.01,"","mirage_joint","pleiotropy","bfdr_observed_fdp",0.01,0
20260891,79,500,15,3000,3000,3000,3000,"fast","control_informative",0.05,5,0.01,"","mirage_joint","pleiotropy","bfdr_estimate",0.01,0
20260891,79,500,15,3000,3000,3000,3000,"fast","control_informative",0.05,5,0.01,"","mirage_joint","pleiotropy","bfdr_power",0.01,0
20260891,79,500,15,3000,3000,3000,3000,"fast","control_informative",0.05,5,0.01,"","mirage_joint","pleiotropy","bfdr_discoveries",0.01,0
20260891,79,500,15,3000,3000,3000,3000,"fast","control_informative",0.05,5,0.01,"","mirage_joint","pleiotropy","bfdr_observed_fdp",0.05,0
20260891,79,500,15,3000,3000,3000,3000,"fast","control_informative",0.05,5,0.01,"","mirage_joint","pleiotropy","bfdr_estimate",0.05,0.0392726095878916
20260891,79,500,15,3000,3000,3000,3000,"fast","control_informative",0.05,5,0.01,"","mirage_joint","pleiotropy","bfdr_power",0.05,0.2
20260891,79,500,15,3000,3000,3000,3000,"fast","control_informative",0.05,5,0.01,"","mirage_joint","pleiotropy","bfdr_discoveries",0.05,1
20260891,79,500,15,3000,3000,3000,3000,"fast","control_informative",0.05,5,0.01,"","mirage_joint","pleiotropy","bfdr_observed_fdp",0.1,0
20260891,79,500,15,3000,3000,3000,3000,"fast","control_informative",0.05,5,0.01,"","mirage_joint","pleiotropy","bfdr_estimate",0.1,0.0392726095878916
20260891,79,500,15,3000,3000,3000,3000,"fast","control_informative",0.05,5,0.01,"","mirage_joint","pleiotropy","bfdr_power",0.1,0.2
20260891,79,500,15,3000,3000,3000,3000,"fast","control_informative",0.05,5,0.01,"","mirage_joint","pleiotropy","bfdr_discoveries",0.1,1
20260891,79,500,15,3000,3000,3000,3000,"fast","control_informative",0.05,5,0.01,"","mirage_joint","pleiotropy","bfdr_observed_fdp",0.2,0.75
20260891,79,500,15,3000,3000,3000,3000,"fast","control_informative",0.05,5,0.01,"","mirage_joint","pleiotropy","bfdr_estimate",0.2,0.17781380699467
20260891,79,500,15,3000,3000,3000,3000,"fast","control_informative",0.05,5,0.01,"","mirage_joint","pleiotropy","bfdr_power",0.2,0.2
20260891,79,500,15,3000,3000,3000,3000,"fast","control_informative",0.05,5,0.01,"","mirage_joint","pleiotropy","bfdr_discoveries",0.2,4
20260891,79,500,15,3000,3000,3000,3000,"fast","control_informative",0.05,5,0.01,"","mirage_joint","global","runtime_seconds",NA,18.9560000000001
20260891,79,500,15,3000,3000,3000,3000,"fast","control_informative",0.05,5,0.01,"","mirage_joint","pleiotropy","pi11_estimate",NA,0.0780371644037434
20260891,79,500,15,3000,3000,3000,3000,"fast","control_informative",0.05,5,0.01,"","separate_mirage","trait1","auc",NA,0.747284210526316
20260891,79,500,15,3000,3000,3000,3000,"fast","control_informative",0.05,5,0.01,"","separate_mirage","trait2","auc",NA,0.623265306122449
20260891,79,500,15,3000,3000,3000,3000,"fast","control_informative",0.05,5,0.01,"","separate_mirage","pleiotropy","auc",NA,0.834343434343434
20260891,79,500,15,3000,3000,3000,3000,"fast","control_informative",0.05,5,0.01,"","separate_mirage","trait1","pp08_power",0.8,0.08
20260891,79,500,15,3000,3000,3000,3000,"fast","control_informative",0.05,5,0.01,"","separate_mirage","trait1","pp08_fdp",0.8,0
20260891,79,500,15,3000,3000,3000,3000,"fast","control_informative",0.05,5,0.01,"","separate_mirage","trait1","pp08_discoveries",0.8,2
20260891,79,500,15,3000,3000,3000,3000,"fast","control_informative",0.05,5,0.01,"","separate_mirage","trait2","pp08_power",0.8,0
20260891,79,500,15,3000,3000,3000,3000,"fast","control_informative",0.05,5,0.01,"","separate_mirage","trait2","pp08_fdp",0.8,0
20260891,79,500,15,3000,3000,3000,3000,"fast","control_informative",0.05,5,0.01,"","separate_mirage","trait2","pp08_discoveries",0.8,0
20260891,79,500,15,3000,3000,3000,3000,"fast","control_informative",0.05,5,0.01,"","separate_mirage","pleiotropy","pp08_power",0.8,0
20260891,79,500,15,3000,3000,3000,3000,"fast","control_informative",0.05,5,0.01,"","separate_mirage","pleiotropy","pp08_fdp",0.8,0
20260891,79,500,15,3000,3000,3000,3000,"fast","control_informative",0.05,5,0.01,"","separate_mirage","pleiotropy","pp08_discoveries",0.8,0
20260891,79,500,15,3000,3000,3000,3000,"fast","control_informative",0.05,5,0.01,"","separate_mirage","trait1","bfdr_observed_fdp",0.01,0
20260891,79,500,15,3000,3000,3000,3000,"fast","control_informative",0.05,5,0.01,"","separate_mirage","trait1","bfdr_estimate",0.01,7.83390763370306e-09
20260891,79,500,15,3000,3000,3000,3000,"fast","control_informative",0.05,5,0.01,"","separate_mirage","trait1","bfdr_power",0.01,0.04
20260891,79,500,15,3000,3000,3000,3000,"fast","control_informative",0.05,5,0.01,"","separate_mirage","trait1","bfdr_discoveries",0.01,1
20260891,79,500,15,3000,3000,3000,3000,"fast","control_informative",0.05,5,0.01,"","separate_mirage","trait1","bfdr_observed_fdp",0.05,0
20260891,79,500,15,3000,3000,3000,3000,"fast","control_informative",0.05,5,0.01,"","separate_mirage","trait1","bfdr_estimate",0.05,0.010723941643462
20260891,79,500,15,3000,3000,3000,3000,"fast","control_informative",0.05,5,0.01,"","separate_mirage","trait1","bfdr_power",0.05,0.08
20260891,79,500,15,3000,3000,3000,3000,"fast","control_informative",0.05,5,0.01,"","separate_mirage","trait1","bfdr_discoveries",0.05,2
20260891,79,500,15,3000,3000,3000,3000,"fast","control_informative",0.05,5,0.01,"","separate_mirage","trait1","bfdr_observed_fdp",0.1,0
20260891,79,500,15,3000,3000,3000,3000,"fast","control_informative",0.05,5,0.01,"","separate_mirage","trait1","bfdr_estimate",0.1,0.0909211068132403
20260891,79,500,15,3000,3000,3000,3000,"fast","control_informative",0.05,5,0.01,"","separate_mirage","trait1","bfdr_power",0.1,0.12
20260891,79,500,15,3000,3000,3000,3000,"fast","control_informative",0.05,5,0.01,"","separate_mirage","trait1","bfdr_discoveries",0.1,3
20260891,79,500,15,3000,3000,3000,3000,"fast","control_informative",0.05,5,0.01,"","separate_mirage","trait1","bfdr_observed_fdp",0.2,0
20260891,79,500,15,3000,3000,3000,3000,"fast","control_informative",0.05,5,0.01,"","separate_mirage","trait1","bfdr_estimate",0.2,0.182570371334361
20260891,79,500,15,3000,3000,3000,3000,"fast","control_informative",0.05,5,0.01,"","separate_mirage","trait1","bfdr_power",0.2,0.16
20260891,79,500,15,3000,3000,3000,3000,"fast","control_informative",0.05,5,0.01,"","separate_mirage","trait1","bfdr_discoveries",0.2,4
20260891,79,500,15,3000,3000,3000,3000,"fast","control_informative",0.05,5,0.01,"","separate_mirage","trait2","bfdr_observed_fdp",0.01,0
20260891,79,500,15,3000,3000,3000,3000,"fast","control_informative",0.05,5,0.01,"","separate_mirage","trait2","bfdr_estimate",0.01,0
20260891,79,500,15,3000,3000,3000,3000,"fast","control_informative",0.05,5,0.01,"","separate_mirage","trait2","bfdr_power",0.01,0
20260891,79,500,15,3000,3000,3000,3000,"fast","control_informative",0.05,5,0.01,"","separate_mirage","trait2","bfdr_discoveries",0.01,0
20260891,79,500,15,3000,3000,3000,3000,"fast","control_informative",0.05,5,0.01,"","separate_mirage","trait2","bfdr_observed_fdp",0.05,0
20260891,79,500,15,3000,3000,3000,3000,"fast","control_informative",0.05,5,0.01,"","separate_mirage","trait2","bfdr_estimate",0.05,0
20260891,79,500,15,3000,3000,3000,3000,"fast","control_informative",0.05,5,0.01,"","separate_mirage","trait2","bfdr_power",0.05,0
20260891,79,500,15,3000,3000,3000,3000,"fast","control_informative",0.05,5,0.01,"","separate_mirage","trait2","bfdr_discoveries",0.05,0
20260891,79,500,15,3000,3000,3000,3000,"fast","control_informative",0.05,5,0.01,"","separate_mirage","trait2","bfdr_observed_fdp",0.1,0
20260891,79,500,15,3000,3000,3000,3000,"fast","control_informative",0.05,5,0.01,"","separate_mirage","trait2","bfdr_estimate",0.1,0
20260891,79,500,15,3000,3000,3000,3000,"fast","control_informative",0.05,5,0.01,"","separate_mirage","trait2","bfdr_power",0.1,0
20260891,79,500,15,3000,3000,3000,3000,"fast","control_informative",0.05,5,0.01,"","separate_mirage","trait2","bfdr_discoveries",0.1,0
20260891,79,500,15,3000,3000,3000,3000,"fast","control_informative",0.05,5,0.01,"","separate_mirage","trait2","bfdr_observed_fdp",0.2,0
20260891,79,500,15,3000,3000,3000,3000,"fast","control_informative",0.05,5,0.01,"","separate_mirage","trait2","bfdr_estimate",0.2,0
20260891,79,500,15,3000,3000,3000,3000,"fast","control_informative",0.05,5,0.01,"","separate_mirage","trait2","bfdr_power",0.2,0
20260891,79,500,15,3000,3000,3000,3000,"fast","control_informative",0.05,5,0.01,"","separate_mirage","trait2","bfdr_discoveries",0.2,0
20260891,79,500,15,3000,3000,3000,3000,"fast","control_informative",0.05,5,0.01,"","separate_mirage","pleiotropy","bfdr_observed_fdp",0.01,0
20260891,79,500,15,3000,3000,3000,3000,"fast","control_informative",0.05,5,0.01,"","separate_mirage","pleiotropy","bfdr_estimate",0.01,0
20260891,79,500,15,3000,3000,3000,3000,"fast","control_informative",0.05,5,0.01,"","separate_mirage","pleiotropy","bfdr_power",0.01,0
20260891,79,500,15,3000,3000,3000,3000,"fast","control_informative",0.05,5,0.01,"","separate_mirage","pleiotropy","bfdr_discoveries",0.01,0
20260891,79,500,15,3000,3000,3000,3000,"fast","control_informative",0.05,5,0.01,"","separate_mirage","pleiotropy","bfdr_observed_fdp",0.05,0
20260891,79,500,15,3000,3000,3000,3000,"fast","control_informative",0.05,5,0.01,"","separate_mirage","pleiotropy","bfdr_estimate",0.05,0
20260891,79,500,15,3000,3000,3000,3000,"fast","control_informative",0.05,5,0.01,"","separate_mirage","pleiotropy","bfdr_power",0.05,0
20260891,79,500,15,3000,3000,3000,3000,"fast","control_informative",0.05,5,0.01,"","separate_mirage","pleiotropy","bfdr_discoveries",0.05,0
20260891,79,500,15,3000,3000,3000,3000,"fast","control_informative",0.05,5,0.01,"","separate_mirage","pleiotropy","bfdr_observed_fdp",0.1,0
20260891,79,500,15,3000,3000,3000,3000,"fast","control_informative",0.05,5,0.01,"","separate_mirage","pleiotropy","bfdr_estimate",0.1,0
20260891,79,500,15,3000,3000,3000,3000,"fast","control_informative",0.05,5,0.01,"","separate_mirage","pleiotropy","bfdr_power",0.1,0
20260891,79,500,15,3000,3000,3000,3000,"fast","control_informative",0.05,5,0.01,"","separate_mirage","pleiotropy","bfdr_discoveries",0.1,0
20260891,79,500,15,3000,3000,3000,3000,"fast","control_informative",0.05,5,0.01,"","separate_mirage","pleiotropy","bfdr_observed_fdp",0.2,0
20260891,79,500,15,3000,3000,3000,3000,"fast","control_informative",0.05,5,0.01,"","separate_mirage","pleiotropy","bfdr_estimate",0.2,0
20260891,79,500,15,3000,3000,3000,3000,"fast","control_informative",0.05,5,0.01,"","separate_mirage","pleiotropy","bfdr_power",0.2,0
20260891,79,500,15,3000,3000,3000,3000,"fast","control_informative",0.05,5,0.01,"","separate_mirage","pleiotropy","bfdr_discoveries",0.2,0
20260891,79,500,15,3000,3000,3000,3000,"fast","control_informative",0.05,5,0.01,"","separate_mirage","global","runtime_seconds",NA,18.511
20260891,79,500,15,3000,3000,3000,3000,"fast","control_informative",0.05,5,0.01,"","separate_mirage","pleiotropy","pi11_estimate",NA,0.001
20260891,79,500,15,3000,3000,3000,3000,"fast","control_informative",0.05,5,0.01,"","mtada_aggregated","trait1","auc",NA,0.675115789473684
20260891,79,500,15,3000,3000,3000,3000,"fast","control_informative",0.05,5,0.01,"","mtada_aggregated","trait2","auc",NA,0.656122448979592
20260891,79,500,15,3000,3000,3000,3000,"fast","control_informative",0.05,5,0.01,"","mtada_aggregated","pleiotropy","auc",NA,0.776161616161616
20260891,79,500,15,3000,3000,3000,3000,"fast","control_informative",0.05,5,0.01,"","mtada_aggregated","trait1","pp08_power",0.8,0.24
20260891,79,500,15,3000,3000,3000,3000,"fast","control_informative",0.05,5,0.01,"","mtada_aggregated","trait1","pp08_fdp",0.8,0.857142857142857
20260891,79,500,15,3000,3000,3000,3000,"fast","control_informative",0.05,5,0.01,"","mtada_aggregated","trait1","pp08_discoveries",0.8,42
20260891,79,500,15,3000,3000,3000,3000,"fast","control_informative",0.05,5,0.01,"","mtada_aggregated","trait2","pp08_power",0.8,0.3
20260891,79,500,15,3000,3000,3000,3000,"fast","control_informative",0.05,5,0.01,"","mtada_aggregated","trait2","pp08_fdp",0.8,0.918918918918919
20260891,79,500,15,3000,3000,3000,3000,"fast","control_informative",0.05,5,0.01,"","mtada_aggregated","trait2","pp08_discoveries",0.8,37
20260891,79,500,15,3000,3000,3000,3000,"fast","control_informative",0.05,5,0.01,"","mtada_aggregated","pleiotropy","pp08_power",0.8,0.2
20260891,79,500,15,3000,3000,3000,3000,"fast","control_informative",0.05,5,0.01,"","mtada_aggregated","pleiotropy","pp08_fdp",0.8,0.75
20260891,79,500,15,3000,3000,3000,3000,"fast","control_informative",0.05,5,0.01,"","mtada_aggregated","pleiotropy","pp08_discoveries",0.8,4
20260891,79,500,15,3000,3000,3000,3000,"fast","control_informative",0.05,5,0.01,"","mtada_aggregated","trait1","bfdr_observed_fdp",0.01,0.846153846153846
20260891,79,500,15,3000,3000,3000,3000,"fast","control_informative",0.05,5,0.01,"","mtada_aggregated","trait1","bfdr_estimate",0.01,0.00868942827974024
20260891,79,500,15,3000,3000,3000,3000,"fast","control_informative",0.05,5,0.01,"","mtada_aggregated","trait1","bfdr_power",0.01,0.24
20260891,79,500,15,3000,3000,3000,3000,"fast","control_informative",0.05,5,0.01,"","mtada_aggregated","trait1","bfdr_discoveries",0.01,39
20260891,79,500,15,3000,3000,3000,3000,"fast","control_informative",0.05,5,0.01,"","mtada_aggregated","trait1","bfdr_observed_fdp",0.05,0.872340425531915
20260891,79,500,15,3000,3000,3000,3000,"fast","control_informative",0.05,5,0.01,"","mtada_aggregated","trait1","bfdr_estimate",0.05,0.042999608087629
20260891,79,500,15,3000,3000,3000,3000,"fast","control_informative",0.05,5,0.01,"","mtada_aggregated","trait1","bfdr_power",0.05,0.24
20260891,79,500,15,3000,3000,3000,3000,"fast","control_informative",0.05,5,0.01,"","mtada_aggregated","trait1","bfdr_discoveries",0.05,47
20260891,79,500,15,3000,3000,3000,3000,"fast","control_informative",0.05,5,0.01,"","mtada_aggregated","trait1","bfdr_observed_fdp",0.1,0.884615384615385
20260891,79,500,15,3000,3000,3000,3000,"fast","control_informative",0.05,5,0.01,"","mtada_aggregated","trait1","bfdr_estimate",0.1,0.094044411215803
20260891,79,500,15,3000,3000,3000,3000,"fast","control_informative",0.05,5,0.01,"","mtada_aggregated","trait1","bfdr_power",0.1,0.24
20260891,79,500,15,3000,3000,3000,3000,"fast","control_informative",0.05,5,0.01,"","mtada_aggregated","trait1","bfdr_discoveries",0.1,52
20260891,79,500,15,3000,3000,3000,3000,"fast","control_informative",0.05,5,0.01,"","mtada_aggregated","trait1","bfdr_observed_fdp",0.2,0.868852459016393
20260891,79,500,15,3000,3000,3000,3000,"fast","control_informative",0.05,5,0.01,"","mtada_aggregated","trait1","bfdr_estimate",0.2,0.194243508958931
20260891,79,500,15,3000,3000,3000,3000,"fast","control_informative",0.05,5,0.01,"","mtada_aggregated","trait1","bfdr_power",0.2,0.32
20260891,79,500,15,3000,3000,3000,3000,"fast","control_informative",0.05,5,0.01,"","mtada_aggregated","trait1","bfdr_discoveries",0.2,61
20260891,79,500,15,3000,3000,3000,3000,"fast","control_informative",0.05,5,0.01,"","mtada_aggregated","trait2","bfdr_observed_fdp",0.01,0.911764705882353
20260891,79,500,15,3000,3000,3000,3000,"fast","control_informative",0.05,5,0.01,"","mtada_aggregated","trait2","bfdr_estimate",0.01,0.00840252418190048
20260891,79,500,15,3000,3000,3000,3000,"fast","control_informative",0.05,5,0.01,"","mtada_aggregated","trait2","bfdr_power",0.01,0.3
20260891,79,500,15,3000,3000,3000,3000,"fast","control_informative",0.05,5,0.01,"","mtada_aggregated","trait2","bfdr_discoveries",0.01,34
20260891,79,500,15,3000,3000,3000,3000,"fast","control_informative",0.05,5,0.01,"","mtada_aggregated","trait2","bfdr_observed_fdp",0.05,0.928571428571429
20260891,79,500,15,3000,3000,3000,3000,"fast","control_informative",0.05,5,0.01,"","mtada_aggregated","trait2","bfdr_estimate",0.05,0.0464778369821222
20260891,79,500,15,3000,3000,3000,3000,"fast","control_informative",0.05,5,0.01,"","mtada_aggregated","trait2","bfdr_power",0.05,0.3
20260891,79,500,15,3000,3000,3000,3000,"fast","control_informative",0.05,5,0.01,"","mtada_aggregated","trait2","bfdr_discoveries",0.05,42
20260891,79,500,15,3000,3000,3000,3000,"fast","control_informative",0.05,5,0.01,"","mtada_aggregated","trait2","bfdr_observed_fdp",0.1,0.936170212765957
20260891,79,500,15,3000,3000,3000,3000,"fast","control_informative",0.05,5,0.01,"","mtada_aggregated","trait2","bfdr_estimate",0.1,0.0964788604807452
20260891,79,500,15,3000,3000,3000,3000,"fast","control_informative",0.05,5,0.01,"","mtada_aggregated","trait2","bfdr_power",0.1,0.3
20260891,79,500,15,3000,3000,3000,3000,"fast","control_informative",0.05,5,0.01,"","mtada_aggregated","trait2","bfdr_discoveries",0.1,47
20260891,79,500,15,3000,3000,3000,3000,"fast","control_informative",0.05,5,0.01,"","mtada_aggregated","trait2","bfdr_observed_fdp",0.2,0.945454545454545
20260891,79,500,15,3000,3000,3000,3000,"fast","control_informative",0.05,5,0.01,"","mtada_aggregated","trait2","bfdr_estimate",0.2,0.194411585509153
20260891,79,500,15,3000,3000,3000,3000,"fast","control_informative",0.05,5,0.01,"","mtada_aggregated","trait2","bfdr_power",0.2,0.3
20260891,79,500,15,3000,3000,3000,3000,"fast","control_informative",0.05,5,0.01,"","mtada_aggregated","trait2","bfdr_discoveries",0.2,55
20260891,79,500,15,3000,3000,3000,3000,"fast","control_informative",0.05,5,0.01,"","mtada_aggregated","pleiotropy","bfdr_observed_fdp",0.01,0.5
20260891,79,500,15,3000,3000,3000,3000,"fast","control_informative",0.05,5,0.01,"","mtada_aggregated","pleiotropy","bfdr_estimate",0.01,0.00118899567355857
20260891,79,500,15,3000,3000,3000,3000,"fast","control_informative",0.05,5,0.01,"","mtada_aggregated","pleiotropy","bfdr_power",0.01,0.2
20260891,79,500,15,3000,3000,3000,3000,"fast","control_informative",0.05,5,0.01,"","mtada_aggregated","pleiotropy","bfdr_discoveries",0.01,2
20260891,79,500,15,3000,3000,3000,3000,"fast","control_informative",0.05,5,0.01,"","mtada_aggregated","pleiotropy","bfdr_observed_fdp",0.05,0.75
20260891,79,500,15,3000,3000,3000,3000,"fast","control_informative",0.05,5,0.01,"","mtada_aggregated","pleiotropy","bfdr_estimate",0.05,0.0407638735890642
20260891,79,500,15,3000,3000,3000,3000,"fast","control_informative",0.05,5,0.01,"","mtada_aggregated","pleiotropy","bfdr_power",0.05,0.2
20260891,79,500,15,3000,3000,3000,3000,"fast","control_informative",0.05,5,0.01,"","mtada_aggregated","pleiotropy","bfdr_discoveries",0.05,4
20260891,79,500,15,3000,3000,3000,3000,"fast","control_informative",0.05,5,0.01,"","mtada_aggregated","pleiotropy","bfdr_observed_fdp",0.1,0.8
20260891,79,500,15,3000,3000,3000,3000,"fast","control_informative",0.05,5,0.01,"","mtada_aggregated","pleiotropy","bfdr_estimate",0.1,0.0843902482499472
20260891,79,500,15,3000,3000,3000,3000,"fast","control_informative",0.05,5,0.01,"","mtada_aggregated","pleiotropy","bfdr_power",0.1,0.2
20260891,79,500,15,3000,3000,3000,3000,"fast","control_informative",0.05,5,0.01,"","mtada_aggregated","pleiotropy","bfdr_discoveries",0.1,5
20260891,79,500,15,3000,3000,3000,3000,"fast","control_informative",0.05,5,0.01,"","mtada_aggregated","pleiotropy","bfdr_observed_fdp",0.2,0.833333333333333
20260891,79,500,15,3000,3000,3000,3000,"fast","control_informative",0.05,5,0.01,"","mtada_aggregated","pleiotropy","bfdr_estimate",0.2,0.116678362742299
20260891,79,500,15,3000,3000,3000,3000,"fast","control_informative",0.05,5,0.01,"","mtada_aggregated","pleiotropy","bfdr_power",0.2,0.2
20260891,79,500,15,3000,3000,3000,3000,"fast","control_informative",0.05,5,0.01,"","mtada_aggregated","pleiotropy","bfdr_discoveries",0.2,6
20260891,79,500,15,3000,3000,3000,3000,"fast","control_informative",0.05,5,0.01,"","mtada_aggregated","global","runtime_seconds",NA,0.753000000000156
20260891,79,500,15,3000,3000,3000,3000,"fast","control_informative",0.05,5,0.01,"","mtada_aggregated","pleiotropy","pi11_estimate",NA,0.00216479
20260892,80,500,15,3000,3000,3000,3000,"fast","control_informative",0.05,5,0.01,"","mirage_joint","trait1","auc",NA,0.706357894736842
20260892,80,500,15,3000,3000,3000,3000,"fast","control_informative",0.05,5,0.01,"","mirage_joint","trait2","auc",NA,0.586530612244898
20260892,80,500,15,3000,3000,3000,3000,"fast","control_informative",0.05,5,0.01,"","mirage_joint","pleiotropy","auc",NA,0.907878787878788
20260892,80,500,15,3000,3000,3000,3000,"fast","control_informative",0.05,5,0.01,"","mirage_joint","trait1","pp08_power",0.8,0.2
20260892,80,500,15,3000,3000,3000,3000,"fast","control_informative",0.05,5,0.01,"","mirage_joint","trait1","pp08_fdp",0.8,0
20260892,80,500,15,3000,3000,3000,3000,"fast","control_informative",0.05,5,0.01,"","mirage_joint","trait1","pp08_discoveries",0.8,5
20260892,80,500,15,3000,3000,3000,3000,"fast","control_informative",0.05,5,0.01,"","mirage_joint","trait2","pp08_power",0.8,0.2
20260892,80,500,15,3000,3000,3000,3000,"fast","control_informative",0.05,5,0.01,"","mirage_joint","trait2","pp08_fdp",0.8,0
20260892,80,500,15,3000,3000,3000,3000,"fast","control_informative",0.05,5,0.01,"","mirage_joint","trait2","pp08_discoveries",0.8,2
20260892,80,500,15,3000,3000,3000,3000,"fast","control_informative",0.05,5,0.01,"","mirage_joint","pleiotropy","pp08_power",0.8,0
20260892,80,500,15,3000,3000,3000,3000,"fast","control_informative",0.05,5,0.01,"","mirage_joint","pleiotropy","pp08_fdp",0.8,0
20260892,80,500,15,3000,3000,3000,3000,"fast","control_informative",0.05,5,0.01,"","mirage_joint","pleiotropy","pp08_discoveries",0.8,0
20260892,80,500,15,3000,3000,3000,3000,"fast","control_informative",0.05,5,0.01,"","mirage_joint","trait1","bfdr_observed_fdp",0.01,0
20260892,80,500,15,3000,3000,3000,3000,"fast","control_informative",0.05,5,0.01,"","mirage_joint","trait1","bfdr_estimate",0.01,0.000334116537732909
20260892,80,500,15,3000,3000,3000,3000,"fast","control_informative",0.05,5,0.01,"","mirage_joint","trait1","bfdr_power",0.01,0.08
20260892,80,500,15,3000,3000,3000,3000,"fast","control_informative",0.05,5,0.01,"","mirage_joint","trait1","bfdr_discoveries",0.01,2
20260892,80,500,15,3000,3000,3000,3000,"fast","control_informative",0.05,5,0.01,"","mirage_joint","trait1","bfdr_observed_fdp",0.05,0
20260892,80,500,15,3000,3000,3000,3000,"fast","control_informative",0.05,5,0.01,"","mirage_joint","trait1","bfdr_estimate",0.05,0.0352548123443981
20260892,80,500,15,3000,3000,3000,3000,"fast","control_informative",0.05,5,0.01,"","mirage_joint","trait1","bfdr_power",0.05,0.12
20260892,80,500,15,3000,3000,3000,3000,"fast","control_informative",0.05,5,0.01,"","mirage_joint","trait1","bfdr_discoveries",0.05,3
20260892,80,500,15,3000,3000,3000,3000,"fast","control_informative",0.05,5,0.01,"","mirage_joint","trait1","bfdr_observed_fdp",0.1,0
20260892,80,500,15,3000,3000,3000,3000,"fast","control_informative",0.05,5,0.01,"","mirage_joint","trait1","bfdr_estimate",0.1,0.0842004794284072
20260892,80,500,15,3000,3000,3000,3000,"fast","control_informative",0.05,5,0.01,"","mirage_joint","trait1","bfdr_power",0.1,0.2
20260892,80,500,15,3000,3000,3000,3000,"fast","control_informative",0.05,5,0.01,"","mirage_joint","trait1","bfdr_discoveries",0.1,5
20260892,80,500,15,3000,3000,3000,3000,"fast","control_informative",0.05,5,0.01,"","mirage_joint","trait1","bfdr_observed_fdp",0.2,0.125
20260892,80,500,15,3000,3000,3000,3000,"fast","control_informative",0.05,5,0.01,"","mirage_joint","trait1","bfdr_estimate",0.2,0.196321294301207
20260892,80,500,15,3000,3000,3000,3000,"fast","control_informative",0.05,5,0.01,"","mirage_joint","trait1","bfdr_power",0.2,0.28
20260892,80,500,15,3000,3000,3000,3000,"fast","control_informative",0.05,5,0.01,"","mirage_joint","trait1","bfdr_discoveries",0.2,8
20260892,80,500,15,3000,3000,3000,3000,"fast","control_informative",0.05,5,0.01,"","mirage_joint","trait2","bfdr_observed_fdp",0.01,0
20260892,80,500,15,3000,3000,3000,3000,"fast","control_informative",0.05,5,0.01,"","mirage_joint","trait2","bfdr_estimate",0.01,0.000200725362627385
20260892,80,500,15,3000,3000,3000,3000,"fast","control_informative",0.05,5,0.01,"","mirage_joint","trait2","bfdr_power",0.01,0.2
20260892,80,500,15,3000,3000,3000,3000,"fast","control_informative",0.05,5,0.01,"","mirage_joint","trait2","bfdr_discoveries",0.01,2
20260892,80,500,15,3000,3000,3000,3000,"fast","control_informative",0.05,5,0.01,"","mirage_joint","trait2","bfdr_observed_fdp",0.05,0
20260892,80,500,15,3000,3000,3000,3000,"fast","control_informative",0.05,5,0.01,"","mirage_joint","trait2","bfdr_estimate",0.05,0.000200725362627385
20260892,80,500,15,3000,3000,3000,3000,"fast","control_informative",0.05,5,0.01,"","mirage_joint","trait2","bfdr_power",0.05,0.2
20260892,80,500,15,3000,3000,3000,3000,"fast","control_informative",0.05,5,0.01,"","mirage_joint","trait2","bfdr_discoveries",0.05,2
20260892,80,500,15,3000,3000,3000,3000,"fast","control_informative",0.05,5,0.01,"","mirage_joint","trait2","bfdr_observed_fdp",0.1,0
20260892,80,500,15,3000,3000,3000,3000,"fast","control_informative",0.05,5,0.01,"","mirage_joint","trait2","bfdr_estimate",0.1,0.0672618938885304
20260892,80,500,15,3000,3000,3000,3000,"fast","control_informative",0.05,5,0.01,"","mirage_joint","trait2","bfdr_power",0.1,0.3
20260892,80,500,15,3000,3000,3000,3000,"fast","control_informative",0.05,5,0.01,"","mirage_joint","trait2","bfdr_discoveries",0.1,3
20260892,80,500,15,3000,3000,3000,3000,"fast","control_informative",0.05,5,0.01,"","mirage_joint","trait2","bfdr_observed_fdp",0.2,0.25
20260892,80,500,15,3000,3000,3000,3000,"fast","control_informative",0.05,5,0.01,"","mirage_joint","trait2","bfdr_estimate",0.2,0.146243027620733
20260892,80,500,15,3000,3000,3000,3000,"fast","control_informative",0.05,5,0.01,"","mirage_joint","trait2","bfdr_power",0.2,0.3
20260892,80,500,15,3000,3000,3000,3000,"fast","control_informative",0.05,5,0.01,"","mirage_joint","trait2","bfdr_discoveries",0.2,4
20260892,80,500,15,3000,3000,3000,3000,"fast","control_informative",0.05,5,0.01,"","mirage_joint","pleiotropy","bfdr_observed_fdp",0.01,0
20260892,80,500,15,3000,3000,3000,3000,"fast","control_informative",0.05,5,0.01,"","mirage_joint","pleiotropy","bfdr_estimate",0.01,0
20260892,80,500,15,3000,3000,3000,3000,"fast","control_informative",0.05,5,0.01,"","mirage_joint","pleiotropy","bfdr_power",0.01,0
20260892,80,500,15,3000,3000,3000,3000,"fast","control_informative",0.05,5,0.01,"","mirage_joint","pleiotropy","bfdr_discoveries",0.01,0
20260892,80,500,15,3000,3000,3000,3000,"fast","control_informative",0.05,5,0.01,"","mirage_joint","pleiotropy","bfdr_observed_fdp",0.05,0
20260892,80,500,15,3000,3000,3000,3000,"fast","control_informative",0.05,5,0.01,"","mirage_joint","pleiotropy","bfdr_estimate",0.05,0
20260892,80,500,15,3000,3000,3000,3000,"fast","control_informative",0.05,5,0.01,"","mirage_joint","pleiotropy","bfdr_power",0.05,0
20260892,80,500,15,3000,3000,3000,3000,"fast","control_informative",0.05,5,0.01,"","mirage_joint","pleiotropy","bfdr_discoveries",0.05,0
20260892,80,500,15,3000,3000,3000,3000,"fast","control_informative",0.05,5,0.01,"","mirage_joint","pleiotropy","bfdr_observed_fdp",0.1,0
20260892,80,500,15,3000,3000,3000,3000,"fast","control_informative",0.05,5,0.01,"","mirage_joint","pleiotropy","bfdr_estimate",0.1,0
20260892,80,500,15,3000,3000,3000,3000,"fast","control_informative",0.05,5,0.01,"","mirage_joint","pleiotropy","bfdr_power",0.1,0
20260892,80,500,15,3000,3000,3000,3000,"fast","control_informative",0.05,5,0.01,"","mirage_joint","pleiotropy","bfdr_discoveries",0.1,0
20260892,80,500,15,3000,3000,3000,3000,"fast","control_informative",0.05,5,0.01,"","mirage_joint","pleiotropy","bfdr_observed_fdp",0.2,0
20260892,80,500,15,3000,3000,3000,3000,"fast","control_informative",0.05,5,0.01,"","mirage_joint","pleiotropy","bfdr_estimate",0.2,0
20260892,80,500,15,3000,3000,3000,3000,"fast","control_informative",0.05,5,0.01,"","mirage_joint","pleiotropy","bfdr_power",0.2,0
20260892,80,500,15,3000,3000,3000,3000,"fast","control_informative",0.05,5,0.01,"","mirage_joint","pleiotropy","bfdr_discoveries",0.2,0
20260892,80,500,15,3000,3000,3000,3000,"fast","control_informative",0.05,5,0.01,"","mirage_joint","global","runtime_seconds",NA,19.0310000000002
20260892,80,500,15,3000,3000,3000,3000,"fast","control_informative",0.05,5,0.01,"","mirage_joint","pleiotropy","pi11_estimate",NA,0.00678639540710577
20260892,80,500,15,3000,3000,3000,3000,"fast","control_informative",0.05,5,0.01,"","separate_mirage","trait1","auc",NA,0.711157894736842
20260892,80,500,15,3000,3000,3000,3000,"fast","control_informative",0.05,5,0.01,"","separate_mirage","trait2","auc",NA,0.629591836734694
20260892,80,500,15,3000,3000,3000,3000,"fast","control_informative",0.05,5,0.01,"","separate_mirage","pleiotropy","auc",NA,0.768888888888889
20260892,80,500,15,3000,3000,3000,3000,"fast","control_informative",0.05,5,0.01,"","separate_mirage","trait1","pp08_power",0.8,0.16
20260892,80,500,15,3000,3000,3000,3000,"fast","control_informative",0.05,5,0.01,"","separate_mirage","trait1","pp08_fdp",0.8,0
20260892,80,500,15,3000,3000,3000,3000,"fast","control_informative",0.05,5,0.01,"","separate_mirage","trait1","pp08_discoveries",0.8,4
20260892,80,500,15,3000,3000,3000,3000,"fast","control_informative",0.05,5,0.01,"","separate_mirage","trait2","pp08_power",0.8,0.2
20260892,80,500,15,3000,3000,3000,3000,"fast","control_informative",0.05,5,0.01,"","separate_mirage","trait2","pp08_fdp",0.8,0
20260892,80,500,15,3000,3000,3000,3000,"fast","control_informative",0.05,5,0.01,"","separate_mirage","trait2","pp08_discoveries",0.8,2
20260892,80,500,15,3000,3000,3000,3000,"fast","control_informative",0.05,5,0.01,"","separate_mirage","pleiotropy","pp08_power",0.8,0
20260892,80,500,15,3000,3000,3000,3000,"fast","control_informative",0.05,5,0.01,"","separate_mirage","pleiotropy","pp08_fdp",0.8,0
20260892,80,500,15,3000,3000,3000,3000,"fast","control_informative",0.05,5,0.01,"","separate_mirage","pleiotropy","pp08_discoveries",0.8,0
20260892,80,500,15,3000,3000,3000,3000,"fast","control_informative",0.05,5,0.01,"","separate_mirage","trait1","bfdr_observed_fdp",0.01,0
20260892,80,500,15,3000,3000,3000,3000,"fast","control_informative",0.05,5,0.01,"","separate_mirage","trait1","bfdr_estimate",0.01,0.000708137779662721
20260892,80,500,15,3000,3000,3000,3000,"fast","control_informative",0.05,5,0.01,"","separate_mirage","trait1","bfdr_power",0.01,0.08
20260892,80,500,15,3000,3000,3000,3000,"fast","control_informative",0.05,5,0.01,"","separate_mirage","trait1","bfdr_discoveries",0.01,2
20260892,80,500,15,3000,3000,3000,3000,"fast","control_informative",0.05,5,0.01,"","separate_mirage","trait1","bfdr_observed_fdp",0.05,0
20260892,80,500,15,3000,3000,3000,3000,"fast","control_informative",0.05,5,0.01,"","separate_mirage","trait1","bfdr_estimate",0.05,0.000708137779662721
20260892,80,500,15,3000,3000,3000,3000,"fast","control_informative",0.05,5,0.01,"","separate_mirage","trait1","bfdr_power",0.05,0.08
20260892,80,500,15,3000,3000,3000,3000,"fast","control_informative",0.05,5,0.01,"","separate_mirage","trait1","bfdr_discoveries",0.05,2
20260892,80,500,15,3000,3000,3000,3000,"fast","control_informative",0.05,5,0.01,"","separate_mirage","trait1","bfdr_observed_fdp",0.1,0
20260892,80,500,15,3000,3000,3000,3000,"fast","control_informative",0.05,5,0.01,"","separate_mirage","trait1","bfdr_estimate",0.1,0.0874740524731303
20260892,80,500,15,3000,3000,3000,3000,"fast","control_informative",0.05,5,0.01,"","separate_mirage","trait1","bfdr_power",0.1,0.16
20260892,80,500,15,3000,3000,3000,3000,"fast","control_informative",0.05,5,0.01,"","separate_mirage","trait1","bfdr_discoveries",0.1,4
20260892,80,500,15,3000,3000,3000,3000,"fast","control_informative",0.05,5,0.01,"","separate_mirage","trait1","bfdr_observed_fdp",0.2,0
20260892,80,500,15,3000,3000,3000,3000,"fast","control_informative",0.05,5,0.01,"","separate_mirage","trait1","bfdr_estimate",0.2,0.166651152164612
20260892,80,500,15,3000,3000,3000,3000,"fast","control_informative",0.05,5,0.01,"","separate_mirage","trait1","bfdr_power",0.2,0.24
20260892,80,500,15,3000,3000,3000,3000,"fast","control_informative",0.05,5,0.01,"","separate_mirage","trait1","bfdr_discoveries",0.2,6
20260892,80,500,15,3000,3000,3000,3000,"fast","control_informative",0.05,5,0.01,"","separate_mirage","trait2","bfdr_observed_fdp",0.01,0
20260892,80,500,15,3000,3000,3000,3000,"fast","control_informative",0.05,5,0.01,"","separate_mirage","trait2","bfdr_estimate",0.01,0.000848375648539901
20260892,80,500,15,3000,3000,3000,3000,"fast","control_informative",0.05,5,0.01,"","separate_mirage","trait2","bfdr_power",0.01,0.2
20260892,80,500,15,3000,3000,3000,3000,"fast","control_informative",0.05,5,0.01,"","separate_mirage","trait2","bfdr_discoveries",0.01,2
20260892,80,500,15,3000,3000,3000,3000,"fast","control_informative",0.05,5,0.01,"","separate_mirage","trait2","bfdr_observed_fdp",0.05,0
20260892,80,500,15,3000,3000,3000,3000,"fast","control_informative",0.05,5,0.01,"","separate_mirage","trait2","bfdr_estimate",0.05,0.000848375648539901
20260892,80,500,15,3000,3000,3000,3000,"fast","control_informative",0.05,5,0.01,"","separate_mirage","trait2","bfdr_power",0.05,0.2
20260892,80,500,15,3000,3000,3000,3000,"fast","control_informative",0.05,5,0.01,"","separate_mirage","trait2","bfdr_discoveries",0.05,2
20260892,80,500,15,3000,3000,3000,3000,"fast","control_informative",0.05,5,0.01,"","separate_mirage","trait2","bfdr_observed_fdp",0.1,0
20260892,80,500,15,3000,3000,3000,3000,"fast","control_informative",0.05,5,0.01,"","separate_mirage","trait2","bfdr_estimate",0.1,0.000848375648539901
20260892,80,500,15,3000,3000,3000,3000,"fast","control_informative",0.05,5,0.01,"","separate_mirage","trait2","bfdr_power",0.1,0.2
20260892,80,500,15,3000,3000,3000,3000,"fast","control_informative",0.05,5,0.01,"","separate_mirage","trait2","bfdr_discoveries",0.1,2
20260892,80,500,15,3000,3000,3000,3000,"fast","control_informative",0.05,5,0.01,"","separate_mirage","trait2","bfdr_observed_fdp",0.2,0
20260892,80,500,15,3000,3000,3000,3000,"fast","control_informative",0.05,5,0.01,"","separate_mirage","trait2","bfdr_estimate",0.2,0.163947590028767
20260892,80,500,15,3000,3000,3000,3000,"fast","control_informative",0.05,5,0.01,"","separate_mirage","trait2","bfdr_power",0.2,0.3
20260892,80,500,15,3000,3000,3000,3000,"fast","control_informative",0.05,5,0.01,"","separate_mirage","trait2","bfdr_discoveries",0.2,3
20260892,80,500,15,3000,3000,3000,3000,"fast","control_informative",0.05,5,0.01,"","separate_mirage","pleiotropy","bfdr_observed_fdp",0.01,0
20260892,80,500,15,3000,3000,3000,3000,"fast","control_informative",0.05,5,0.01,"","separate_mirage","pleiotropy","bfdr_estimate",0.01,0
20260892,80,500,15,3000,3000,3000,3000,"fast","control_informative",0.05,5,0.01,"","separate_mirage","pleiotropy","bfdr_power",0.01,0
20260892,80,500,15,3000,3000,3000,3000,"fast","control_informative",0.05,5,0.01,"","separate_mirage","pleiotropy","bfdr_discoveries",0.01,0
20260892,80,500,15,3000,3000,3000,3000,"fast","control_informative",0.05,5,0.01,"","separate_mirage","pleiotropy","bfdr_observed_fdp",0.05,0
20260892,80,500,15,3000,3000,3000,3000,"fast","control_informative",0.05,5,0.01,"","separate_mirage","pleiotropy","bfdr_estimate",0.05,0
20260892,80,500,15,3000,3000,3000,3000,"fast","control_informative",0.05,5,0.01,"","separate_mirage","pleiotropy","bfdr_power",0.05,0
20260892,80,500,15,3000,3000,3000,3000,"fast","control_informative",0.05,5,0.01,"","separate_mirage","pleiotropy","bfdr_discoveries",0.05,0
20260892,80,500,15,3000,3000,3000,3000,"fast","control_informative",0.05,5,0.01,"","separate_mirage","pleiotropy","bfdr_observed_fdp",0.1,0
20260892,80,500,15,3000,3000,3000,3000,"fast","control_informative",0.05,5,0.01,"","separate_mirage","pleiotropy","bfdr_estimate",0.1,0
20260892,80,500,15,3000,3000,3000,3000,"fast","control_informative",0.05,5,0.01,"","separate_mirage","pleiotropy","bfdr_power",0.1,0
20260892,80,500,15,3000,3000,3000,3000,"fast","control_informative",0.05,5,0.01,"","separate_mirage","pleiotropy","bfdr_discoveries",0.1,0
20260892,80,500,15,3000,3000,3000,3000,"fast","control_informative",0.05,5,0.01,"","separate_mirage","pleiotropy","bfdr_observed_fdp",0.2,0
20260892,80,500,15,3000,3000,3000,3000,"fast","control_informative",0.05,5,0.01,"","separate_mirage","pleiotropy","bfdr_estimate",0.2,0
20260892,80,500,15,3000,3000,3000,3000,"fast","control_informative",0.05,5,0.01,"","separate_mirage","pleiotropy","bfdr_power",0.2,0
20260892,80,500,15,3000,3000,3000,3000,"fast","control_informative",0.05,5,0.01,"","separate_mirage","pleiotropy","bfdr_discoveries",0.2,0
20260892,80,500,15,3000,3000,3000,3000,"fast","control_informative",0.05,5,0.01,"","separate_mirage","global","runtime_seconds",NA,18.6480000000001
20260892,80,500,15,3000,3000,3000,3000,"fast","control_informative",0.05,5,0.01,"","separate_mirage","pleiotropy","pi11_estimate",NA,0.001
20260892,80,500,15,3000,3000,3000,3000,"fast","control_informative",0.05,5,0.01,"","mtada_aggregated","trait1","auc",NA,0.767831578947368
20260892,80,500,15,3000,3000,3000,3000,"fast","control_informative",0.05,5,0.01,"","mtada_aggregated","trait2","auc",NA,0.681020408163265
20260892,80,500,15,3000,3000,3000,3000,"fast","control_informative",0.05,5,0.01,"","mtada_aggregated","pleiotropy","auc",NA,0.848484848484849
20260892,80,500,15,3000,3000,3000,3000,"fast","control_informative",0.05,5,0.01,"","mtada_aggregated","trait1","pp08_power",0.8,0.36
20260892,80,500,15,3000,3000,3000,3000,"fast","control_informative",0.05,5,0.01,"","mtada_aggregated","trait1","pp08_fdp",0.8,0.785714285714286
20260892,80,500,15,3000,3000,3000,3000,"fast","control_informative",0.05,5,0.01,"","mtada_aggregated","trait1","pp08_discoveries",0.8,42
20260892,80,500,15,3000,3000,3000,3000,"fast","control_informative",0.05,5,0.01,"","mtada_aggregated","trait2","pp08_power",0.8,0.3
20260892,80,500,15,3000,3000,3000,3000,"fast","control_informative",0.05,5,0.01,"","mtada_aggregated","trait2","pp08_fdp",0.8,0.911764705882353
20260892,80,500,15,3000,3000,3000,3000,"fast","control_informative",0.05,5,0.01,"","mtada_aggregated","trait2","pp08_discoveries",0.8,34
20260892,80,500,15,3000,3000,3000,3000,"fast","control_informative",0.05,5,0.01,"","mtada_aggregated","pleiotropy","pp08_power",0.8,0
20260892,80,500,15,3000,3000,3000,3000,"fast","control_informative",0.05,5,0.01,"","mtada_aggregated","pleiotropy","pp08_fdp",0.8,1
20260892,80,500,15,3000,3000,3000,3000,"fast","control_informative",0.05,5,0.01,"","mtada_aggregated","pleiotropy","pp08_discoveries",0.8,2
20260892,80,500,15,3000,3000,3000,3000,"fast","control_informative",0.05,5,0.01,"","mtada_aggregated","trait1","bfdr_observed_fdp",0.01,0.775
20260892,80,500,15,3000,3000,3000,3000,"fast","control_informative",0.05,5,0.01,"","mtada_aggregated","trait1","bfdr_estimate",0.01,0.00822156773212294
20260892,80,500,15,3000,3000,3000,3000,"fast","control_informative",0.05,5,0.01,"","mtada_aggregated","trait1","bfdr_power",0.01,0.36
20260892,80,500,15,3000,3000,3000,3000,"fast","control_informative",0.05,5,0.01,"","mtada_aggregated","trait1","bfdr_discoveries",0.01,40
20260892,80,500,15,3000,3000,3000,3000,"fast","control_informative",0.05,5,0.01,"","mtada_aggregated","trait1","bfdr_observed_fdp",0.05,0.770833333333333
20260892,80,500,15,3000,3000,3000,3000,"fast","control_informative",0.05,5,0.01,"","mtada_aggregated","trait1","bfdr_estimate",0.05,0.0467355578398158
20260892,80,500,15,3000,3000,3000,3000,"fast","control_informative",0.05,5,0.01,"","mtada_aggregated","trait1","bfdr_power",0.05,0.44
20260892,80,500,15,3000,3000,3000,3000,"fast","control_informative",0.05,5,0.01,"","mtada_aggregated","trait1","bfdr_discoveries",0.05,48
20260892,80,500,15,3000,3000,3000,3000,"fast","control_informative",0.05,5,0.01,"","mtada_aggregated","trait1","bfdr_observed_fdp",0.1,0.796296296296296
20260892,80,500,15,3000,3000,3000,3000,"fast","control_informative",0.05,5,0.01,"","mtada_aggregated","trait1","bfdr_estimate",0.1,0.0979276751594527
20260892,80,500,15,3000,3000,3000,3000,"fast","control_informative",0.05,5,0.01,"","mtada_aggregated","trait1","bfdr_power",0.1,0.44
20260892,80,500,15,3000,3000,3000,3000,"fast","control_informative",0.05,5,0.01,"","mtada_aggregated","trait1","bfdr_discoveries",0.1,54
20260892,80,500,15,3000,3000,3000,3000,"fast","control_informative",0.05,5,0.01,"","mtada_aggregated","trait1","bfdr_observed_fdp",0.2,0.830769230769231
20260892,80,500,15,3000,3000,3000,3000,"fast","control_informative",0.05,5,0.01,"","mtada_aggregated","trait1","bfdr_estimate",0.2,0.19298601219798
20260892,80,500,15,3000,3000,3000,3000,"fast","control_informative",0.05,5,0.01,"","mtada_aggregated","trait1","bfdr_power",0.2,0.44
20260892,80,500,15,3000,3000,3000,3000,"fast","control_informative",0.05,5,0.01,"","mtada_aggregated","trait1","bfdr_discoveries",0.2,65
20260892,80,500,15,3000,3000,3000,3000,"fast","control_informative",0.05,5,0.01,"","mtada_aggregated","trait2","bfdr_observed_fdp",0.01,0.909090909090909
20260892,80,500,15,3000,3000,3000,3000,"fast","control_informative",0.05,5,0.01,"","mtada_aggregated","trait2","bfdr_estimate",0.01,0.00971695266961564
20260892,80,500,15,3000,3000,3000,3000,"fast","control_informative",0.05,5,0.01,"","mtada_aggregated","trait2","bfdr_power",0.01,0.3
20260892,80,500,15,3000,3000,3000,3000,"fast","control_informative",0.05,5,0.01,"","mtada_aggregated","trait2","bfdr_discoveries",0.01,33
20260892,80,500,15,3000,3000,3000,3000,"fast","control_informative",0.05,5,0.01,"","mtada_aggregated","trait2","bfdr_observed_fdp",0.05,0.918918918918919
20260892,80,500,15,3000,3000,3000,3000,"fast","control_informative",0.05,5,0.01,"","mtada_aggregated","trait2","bfdr_estimate",0.05,0.0444602496797925
20260892,80,500,15,3000,3000,3000,3000,"fast","control_informative",0.05,5,0.01,"","mtada_aggregated","trait2","bfdr_power",0.05,0.3
20260892,80,500,15,3000,3000,3000,3000,"fast","control_informative",0.05,5,0.01,"","mtada_aggregated","trait2","bfdr_discoveries",0.05,37
20260892,80,500,15,3000,3000,3000,3000,"fast","control_informative",0.05,5,0.01,"","mtada_aggregated","trait2","bfdr_observed_fdp",0.1,0.902439024390244
20260892,80,500,15,3000,3000,3000,3000,"fast","control_informative",0.05,5,0.01,"","mtada_aggregated","trait2","bfdr_estimate",0.1,0.088054672199825
20260892,80,500,15,3000,3000,3000,3000,"fast","control_informative",0.05,5,0.01,"","mtada_aggregated","trait2","bfdr_power",0.1,0.4
20260892,80,500,15,3000,3000,3000,3000,"fast","control_informative",0.05,5,0.01,"","mtada_aggregated","trait2","bfdr_discoveries",0.1,41
20260892,80,500,15,3000,3000,3000,3000,"fast","control_informative",0.05,5,0.01,"","mtada_aggregated","trait2","bfdr_observed_fdp",0.2,0.918367346938776
20260892,80,500,15,3000,3000,3000,3000,"fast","control_informative",0.05,5,0.01,"","mtada_aggregated","trait2","bfdr_estimate",0.2,0.197370958236622
20260892,80,500,15,3000,3000,3000,3000,"fast","control_informative",0.05,5,0.01,"","mtada_aggregated","trait2","bfdr_power",0.2,0.4
20260892,80,500,15,3000,3000,3000,3000,"fast","control_informative",0.05,5,0.01,"","mtada_aggregated","trait2","bfdr_discoveries",0.2,49
20260892,80,500,15,3000,3000,3000,3000,"fast","control_informative",0.05,5,0.01,"","mtada_aggregated","pleiotropy","bfdr_observed_fdp",0.01,1
20260892,80,500,15,3000,3000,3000,3000,"fast","control_informative",0.05,5,0.01,"","mtada_aggregated","pleiotropy","bfdr_estimate",0.01,0.00418792203171436
20260892,80,500,15,3000,3000,3000,3000,"fast","control_informative",0.05,5,0.01,"","mtada_aggregated","pleiotropy","bfdr_power",0.01,0
20260892,80,500,15,3000,3000,3000,3000,"fast","control_informative",0.05,5,0.01,"","mtada_aggregated","pleiotropy","bfdr_discoveries",0.01,1
20260892,80,500,15,3000,3000,3000,3000,"fast","control_informative",0.05,5,0.01,"","mtada_aggregated","pleiotropy","bfdr_observed_fdp",0.05,1
20260892,80,500,15,3000,3000,3000,3000,"fast","control_informative",0.05,5,0.01,"","mtada_aggregated","pleiotropy","bfdr_estimate",0.05,0.00418792203171436
20260892,80,500,15,3000,3000,3000,3000,"fast","control_informative",0.05,5,0.01,"","mtada_aggregated","pleiotropy","bfdr_power",0.05,0
20260892,80,500,15,3000,3000,3000,3000,"fast","control_informative",0.05,5,0.01,"","mtada_aggregated","pleiotropy","bfdr_discoveries",0.05,1
20260892,80,500,15,3000,3000,3000,3000,"fast","control_informative",0.05,5,0.01,"","mtada_aggregated","pleiotropy","bfdr_observed_fdp",0.1,1
20260892,80,500,15,3000,3000,3000,3000,"fast","control_informative",0.05,5,0.01,"","mtada_aggregated","pleiotropy","bfdr_estimate",0.1,0.0983407358100383
20260892,80,500,15,3000,3000,3000,3000,"fast","control_informative",0.05,5,0.01,"","mtada_aggregated","pleiotropy","bfdr_power",0.1,0
20260892,80,500,15,3000,3000,3000,3000,"fast","control_informative",0.05,5,0.01,"","mtada_aggregated","pleiotropy","bfdr_discoveries",0.1,2
20260892,80,500,15,3000,3000,3000,3000,"fast","control_informative",0.05,5,0.01,"","mtada_aggregated","pleiotropy","bfdr_observed_fdp",0.2,1
20260892,80,500,15,3000,3000,3000,3000,"fast","control_informative",0.05,5,0.01,"","mtada_aggregated","pleiotropy","bfdr_estimate",0.2,0.0983407358100383
20260892,80,500,15,3000,3000,3000,3000,"fast","control_informative",0.05,5,0.01,"","mtada_aggregated","pleiotropy","bfdr_power",0.2,0
20260892,80,500,15,3000,3000,3000,3000,"fast","control_informative",0.05,5,0.01,"","mtada_aggregated","pleiotropy","bfdr_discoveries",0.2,2
20260892,80,500,15,3000,3000,3000,3000,"fast","control_informative",0.05,5,0.01,"","mtada_aggregated","global","runtime_seconds",NA,0.705999999999904
20260892,80,500,15,3000,3000,3000,3000,"fast","control_informative",0.05,5,0.01,"","mtada_aggregated","pleiotropy","pi11_estimate",NA,0.00155291
20260893,81,500,15,3000,3000,3000,3000,"fast","control_informative",0.05,5,0.01,"","mirage_joint","trait1","auc",NA,0.782652631578947
20260893,81,500,15,3000,3000,3000,3000,"fast","control_informative",0.05,5,0.01,"","mirage_joint","trait2","auc",NA,0.803469387755102
20260893,81,500,15,3000,3000,3000,3000,"fast","control_informative",0.05,5,0.01,"","mirage_joint","pleiotropy","auc",NA,0.847676767676768
20260893,81,500,15,3000,3000,3000,3000,"fast","control_informative",0.05,5,0.01,"","mirage_joint","trait1","pp08_power",0.8,0.28
20260893,81,500,15,3000,3000,3000,3000,"fast","control_informative",0.05,5,0.01,"","mirage_joint","trait1","pp08_fdp",0.8,0
20260893,81,500,15,3000,3000,3000,3000,"fast","control_informative",0.05,5,0.01,"","mirage_joint","trait1","pp08_discoveries",0.8,7
20260893,81,500,15,3000,3000,3000,3000,"fast","control_informative",0.05,5,0.01,"","mirage_joint","trait2","pp08_power",0.8,0.1
20260893,81,500,15,3000,3000,3000,3000,"fast","control_informative",0.05,5,0.01,"","mirage_joint","trait2","pp08_fdp",0.8,0
20260893,81,500,15,3000,3000,3000,3000,"fast","control_informative",0.05,5,0.01,"","mirage_joint","trait2","pp08_discoveries",0.8,1
20260893,81,500,15,3000,3000,3000,3000,"fast","control_informative",0.05,5,0.01,"","mirage_joint","pleiotropy","pp08_power",0.8,0
20260893,81,500,15,3000,3000,3000,3000,"fast","control_informative",0.05,5,0.01,"","mirage_joint","pleiotropy","pp08_fdp",0.8,0
20260893,81,500,15,3000,3000,3000,3000,"fast","control_informative",0.05,5,0.01,"","mirage_joint","pleiotropy","pp08_discoveries",0.8,0
20260893,81,500,15,3000,3000,3000,3000,"fast","control_informative",0.05,5,0.01,"","mirage_joint","trait1","bfdr_observed_fdp",0.01,0
20260893,81,500,15,3000,3000,3000,3000,"fast","control_informative",0.05,5,0.01,"","mirage_joint","trait1","bfdr_estimate",0.01,0.0057674477609753
20260893,81,500,15,3000,3000,3000,3000,"fast","control_informative",0.05,5,0.01,"","mirage_joint","trait1","bfdr_power",0.01,0.28
20260893,81,500,15,3000,3000,3000,3000,"fast","control_informative",0.05,5,0.01,"","mirage_joint","trait1","bfdr_discoveries",0.01,7
20260893,81,500,15,3000,3000,3000,3000,"fast","control_informative",0.05,5,0.01,"","mirage_joint","trait1","bfdr_observed_fdp",0.05,0.125
20260893,81,500,15,3000,3000,3000,3000,"fast","control_informative",0.05,5,0.01,"","mirage_joint","trait1","bfdr_estimate",0.05,0.0455288000337926
20260893,81,500,15,3000,3000,3000,3000,"fast","control_informative",0.05,5,0.01,"","mirage_joint","trait1","bfdr_power",0.05,0.28
20260893,81,500,15,3000,3000,3000,3000,"fast","control_informative",0.05,5,0.01,"","mirage_joint","trait1","bfdr_discoveries",0.05,8
20260893,81,500,15,3000,3000,3000,3000,"fast","control_informative",0.05,5,0.01,"","mirage_joint","trait1","bfdr_observed_fdp",0.1,0.222222222222222
20260893,81,500,15,3000,3000,3000,3000,"fast","control_informative",0.05,5,0.01,"","mirage_joint","trait1","bfdr_estimate",0.1,0.0792244048506581
20260893,81,500,15,3000,3000,3000,3000,"fast","control_informative",0.05,5,0.01,"","mirage_joint","trait1","bfdr_power",0.1,0.28
20260893,81,500,15,3000,3000,3000,3000,"fast","control_informative",0.05,5,0.01,"","mirage_joint","trait1","bfdr_discoveries",0.1,9
20260893,81,500,15,3000,3000,3000,3000,"fast","control_informative",0.05,5,0.01,"","mirage_joint","trait1","bfdr_observed_fdp",0.2,0.285714285714286
20260893,81,500,15,3000,3000,3000,3000,"fast","control_informative",0.05,5,0.01,"","mirage_joint","trait1","bfdr_estimate",0.2,0.197064042949108
20260893,81,500,15,3000,3000,3000,3000,"fast","control_informative",0.05,5,0.01,"","mirage_joint","trait1","bfdr_power",0.2,0.4
20260893,81,500,15,3000,3000,3000,3000,"fast","control_informative",0.05,5,0.01,"","mirage_joint","trait1","bfdr_discoveries",0.2,14
20260893,81,500,15,3000,3000,3000,3000,"fast","control_informative",0.05,5,0.01,"","mirage_joint","trait2","bfdr_observed_fdp",0.01,0
20260893,81,500,15,3000,3000,3000,3000,"fast","control_informative",0.05,5,0.01,"","mirage_joint","trait2","bfdr_estimate",0.01,0
20260893,81,500,15,3000,3000,3000,3000,"fast","control_informative",0.05,5,0.01,"","mirage_joint","trait2","bfdr_power",0.01,0
20260893,81,500,15,3000,3000,3000,3000,"fast","control_informative",0.05,5,0.01,"","mirage_joint","trait2","bfdr_discoveries",0.01,0
20260893,81,500,15,3000,3000,3000,3000,"fast","control_informative",0.05,5,0.01,"","mirage_joint","trait2","bfdr_observed_fdp",0.05,0
20260893,81,500,15,3000,3000,3000,3000,"fast","control_informative",0.05,5,0.01,"","mirage_joint","trait2","bfdr_estimate",0.05,0
20260893,81,500,15,3000,3000,3000,3000,"fast","control_informative",0.05,5,0.01,"","mirage_joint","trait2","bfdr_power",0.05,0
20260893,81,500,15,3000,3000,3000,3000,"fast","control_informative",0.05,5,0.01,"","mirage_joint","trait2","bfdr_discoveries",0.05,0
20260893,81,500,15,3000,3000,3000,3000,"fast","control_informative",0.05,5,0.01,"","mirage_joint","trait2","bfdr_observed_fdp",0.1,0
20260893,81,500,15,3000,3000,3000,3000,"fast","control_informative",0.05,5,0.01,"","mirage_joint","trait2","bfdr_estimate",0.1,0
20260893,81,500,15,3000,3000,3000,3000,"fast","control_informative",0.05,5,0.01,"","mirage_joint","trait2","bfdr_power",0.1,0
20260893,81,500,15,3000,3000,3000,3000,"fast","control_informative",0.05,5,0.01,"","mirage_joint","trait2","bfdr_discoveries",0.1,0
20260893,81,500,15,3000,3000,3000,3000,"fast","control_informative",0.05,5,0.01,"","mirage_joint","trait2","bfdr_observed_fdp",0.2,0
20260893,81,500,15,3000,3000,3000,3000,"fast","control_informative",0.05,5,0.01,"","mirage_joint","trait2","bfdr_estimate",0.2,0.143897271361133
20260893,81,500,15,3000,3000,3000,3000,"fast","control_informative",0.05,5,0.01,"","mirage_joint","trait2","bfdr_power",0.2,0.1
20260893,81,500,15,3000,3000,3000,3000,"fast","control_informative",0.05,5,0.01,"","mirage_joint","trait2","bfdr_discoveries",0.2,1
20260893,81,500,15,3000,3000,3000,3000,"fast","control_informative",0.05,5,0.01,"","mirage_joint","pleiotropy","bfdr_observed_fdp",0.01,0
20260893,81,500,15,3000,3000,3000,3000,"fast","control_informative",0.05,5,0.01,"","mirage_joint","pleiotropy","bfdr_estimate",0.01,0
20260893,81,500,15,3000,3000,3000,3000,"fast","control_informative",0.05,5,0.01,"","mirage_joint","pleiotropy","bfdr_power",0.01,0
20260893,81,500,15,3000,3000,3000,3000,"fast","control_informative",0.05,5,0.01,"","mirage_joint","pleiotropy","bfdr_discoveries",0.01,0
20260893,81,500,15,3000,3000,3000,3000,"fast","control_informative",0.05,5,0.01,"","mirage_joint","pleiotropy","bfdr_observed_fdp",0.05,0
20260893,81,500,15,3000,3000,3000,3000,"fast","control_informative",0.05,5,0.01,"","mirage_joint","pleiotropy","bfdr_estimate",0.05,0
20260893,81,500,15,3000,3000,3000,3000,"fast","control_informative",0.05,5,0.01,"","mirage_joint","pleiotropy","bfdr_power",0.05,0
20260893,81,500,15,3000,3000,3000,3000,"fast","control_informative",0.05,5,0.01,"","mirage_joint","pleiotropy","bfdr_discoveries",0.05,0
20260893,81,500,15,3000,3000,3000,3000,"fast","control_informative",0.05,5,0.01,"","mirage_joint","pleiotropy","bfdr_observed_fdp",0.1,0
20260893,81,500,15,3000,3000,3000,3000,"fast","control_informative",0.05,5,0.01,"","mirage_joint","pleiotropy","bfdr_estimate",0.1,0
20260893,81,500,15,3000,3000,3000,3000,"fast","control_informative",0.05,5,0.01,"","mirage_joint","pleiotropy","bfdr_power",0.1,0
20260893,81,500,15,3000,3000,3000,3000,"fast","control_informative",0.05,5,0.01,"","mirage_joint","pleiotropy","bfdr_discoveries",0.1,0
20260893,81,500,15,3000,3000,3000,3000,"fast","control_informative",0.05,5,0.01,"","mirage_joint","pleiotropy","bfdr_observed_fdp",0.2,0
20260893,81,500,15,3000,3000,3000,3000,"fast","control_informative",0.05,5,0.01,"","mirage_joint","pleiotropy","bfdr_estimate",0.2,0
20260893,81,500,15,3000,3000,3000,3000,"fast","control_informative",0.05,5,0.01,"","mirage_joint","pleiotropy","bfdr_power",0.2,0
20260893,81,500,15,3000,3000,3000,3000,"fast","control_informative",0.05,5,0.01,"","mirage_joint","pleiotropy","bfdr_discoveries",0.2,0
20260893,81,500,15,3000,3000,3000,3000,"fast","control_informative",0.05,5,0.01,"","mirage_joint","global","runtime_seconds",NA,19.037
20260893,81,500,15,3000,3000,3000,3000,"fast","control_informative",0.05,5,0.01,"","mirage_joint","pleiotropy","pi11_estimate",NA,0.0236347761914557
20260893,81,500,15,3000,3000,3000,3000,"fast","control_informative",0.05,5,0.01,"","separate_mirage","trait1","auc",NA,0.779957894736842
20260893,81,500,15,3000,3000,3000,3000,"fast","control_informative",0.05,5,0.01,"","separate_mirage","trait2","auc",NA,0.756122448979592
20260893,81,500,15,3000,3000,3000,3000,"fast","control_informative",0.05,5,0.01,"","separate_mirage","pleiotropy","auc",NA,0.855353535353535
20260893,81,500,15,3000,3000,3000,3000,"fast","control_informative",0.05,5,0.01,"","separate_mirage","trait1","pp08_power",0.8,0.28
20260893,81,500,15,3000,3000,3000,3000,"fast","control_informative",0.05,5,0.01,"","separate_mirage","trait1","pp08_fdp",0.8,0
20260893,81,500,15,3000,3000,3000,3000,"fast","control_informative",0.05,5,0.01,"","separate_mirage","trait1","pp08_discoveries",0.8,7
20260893,81,500,15,3000,3000,3000,3000,"fast","control_informative",0.05,5,0.01,"","separate_mirage","trait2","pp08_power",0.8,0.1
20260893,81,500,15,3000,3000,3000,3000,"fast","control_informative",0.05,5,0.01,"","separate_mirage","trait2","pp08_fdp",0.8,0
20260893,81,500,15,3000,3000,3000,3000,"fast","control_informative",0.05,5,0.01,"","separate_mirage","trait2","pp08_discoveries",0.8,1
20260893,81,500,15,3000,3000,3000,3000,"fast","control_informative",0.05,5,0.01,"","separate_mirage","pleiotropy","pp08_power",0.8,0
20260893,81,500,15,3000,3000,3000,3000,"fast","control_informative",0.05,5,0.01,"","separate_mirage","pleiotropy","pp08_fdp",0.8,0
20260893,81,500,15,3000,3000,3000,3000,"fast","control_informative",0.05,5,0.01,"","separate_mirage","pleiotropy","pp08_discoveries",0.8,0
20260893,81,500,15,3000,3000,3000,3000,"fast","control_informative",0.05,5,0.01,"","separate_mirage","trait1","bfdr_observed_fdp",0.01,0
20260893,81,500,15,3000,3000,3000,3000,"fast","control_informative",0.05,5,0.01,"","separate_mirage","trait1","bfdr_estimate",0.01,0.00726511408651722
20260893,81,500,15,3000,3000,3000,3000,"fast","control_informative",0.05,5,0.01,"","separate_mirage","trait1","bfdr_power",0.01,0.24
20260893,81,500,15,3000,3000,3000,3000,"fast","control_informative",0.05,5,0.01,"","separate_mirage","trait1","bfdr_discoveries",0.01,6
20260893,81,500,15,3000,3000,3000,3000,"fast","control_informative",0.05,5,0.01,"","separate_mirage","trait1","bfdr_observed_fdp",0.05,0
20260893,81,500,15,3000,3000,3000,3000,"fast","control_informative",0.05,5,0.01,"","separate_mirage","trait1","bfdr_estimate",0.05,0.0118130264853843
20260893,81,500,15,3000,3000,3000,3000,"fast","control_informative",0.05,5,0.01,"","separate_mirage","trait1","bfdr_power",0.05,0.28
20260893,81,500,15,3000,3000,3000,3000,"fast","control_informative",0.05,5,0.01,"","separate_mirage","trait1","bfdr_discoveries",0.05,7
20260893,81,500,15,3000,3000,3000,3000,"fast","control_informative",0.05,5,0.01,"","separate_mirage","trait1","bfdr_observed_fdp",0.1,0.125
20260893,81,500,15,3000,3000,3000,3000,"fast","control_informative",0.05,5,0.01,"","separate_mirage","trait1","bfdr_estimate",0.1,0.0671918344096212
20260893,81,500,15,3000,3000,3000,3000,"fast","control_informative",0.05,5,0.01,"","separate_mirage","trait1","bfdr_power",0.1,0.28
20260893,81,500,15,3000,3000,3000,3000,"fast","control_informative",0.05,5,0.01,"","separate_mirage","trait1","bfdr_discoveries",0.1,8
20260893,81,500,15,3000,3000,3000,3000,"fast","control_informative",0.05,5,0.01,"","separate_mirage","trait1","bfdr_observed_fdp",0.2,0.2
20260893,81,500,15,3000,3000,3000,3000,"fast","control_informative",0.05,5,0.01,"","separate_mirage","trait1","bfdr_estimate",0.2,0.170473990808765
20260893,81,500,15,3000,3000,3000,3000,"fast","control_informative",0.05,5,0.01,"","separate_mirage","trait1","bfdr_power",0.2,0.32
20260893,81,500,15,3000,3000,3000,3000,"fast","control_informative",0.05,5,0.01,"","separate_mirage","trait1","bfdr_discoveries",0.2,10
20260893,81,500,15,3000,3000,3000,3000,"fast","control_informative",0.05,5,0.01,"","separate_mirage","trait2","bfdr_observed_fdp",0.01,0
20260893,81,500,15,3000,3000,3000,3000,"fast","control_informative",0.05,5,0.01,"","separate_mirage","trait2","bfdr_estimate",0.01,0
20260893,81,500,15,3000,3000,3000,3000,"fast","control_informative",0.05,5,0.01,"","separate_mirage","trait2","bfdr_power",0.01,0
20260893,81,500,15,3000,3000,3000,3000,"fast","control_informative",0.05,5,0.01,"","separate_mirage","trait2","bfdr_discoveries",0.01,0
20260893,81,500,15,3000,3000,3000,3000,"fast","control_informative",0.05,5,0.01,"","separate_mirage","trait2","bfdr_observed_fdp",0.05,0
20260893,81,500,15,3000,3000,3000,3000,"fast","control_informative",0.05,5,0.01,"","separate_mirage","trait2","bfdr_estimate",0.05,0
20260893,81,500,15,3000,3000,3000,3000,"fast","control_informative",0.05,5,0.01,"","separate_mirage","trait2","bfdr_power",0.05,0
20260893,81,500,15,3000,3000,3000,3000,"fast","control_informative",0.05,5,0.01,"","separate_mirage","trait2","bfdr_discoveries",0.05,0
20260893,81,500,15,3000,3000,3000,3000,"fast","control_informative",0.05,5,0.01,"","separate_mirage","trait2","bfdr_observed_fdp",0.1,0
20260893,81,500,15,3000,3000,3000,3000,"fast","control_informative",0.05,5,0.01,"","separate_mirage","trait2","bfdr_estimate",0.1,0
20260893,81,500,15,3000,3000,3000,3000,"fast","control_informative",0.05,5,0.01,"","separate_mirage","trait2","bfdr_power",0.1,0
20260893,81,500,15,3000,3000,3000,3000,"fast","control_informative",0.05,5,0.01,"","separate_mirage","trait2","bfdr_discoveries",0.1,0
20260893,81,500,15,3000,3000,3000,3000,"fast","control_informative",0.05,5,0.01,"","separate_mirage","trait2","bfdr_observed_fdp",0.2,0
20260893,81,500,15,3000,3000,3000,3000,"fast","control_informative",0.05,5,0.01,"","separate_mirage","trait2","bfdr_estimate",0.2,0.156240421071899
20260893,81,500,15,3000,3000,3000,3000,"fast","control_informative",0.05,5,0.01,"","separate_mirage","trait2","bfdr_power",0.2,0.1
20260893,81,500,15,3000,3000,3000,3000,"fast","control_informative",0.05,5,0.01,"","separate_mirage","trait2","bfdr_discoveries",0.2,1
20260893,81,500,15,3000,3000,3000,3000,"fast","control_informative",0.05,5,0.01,"","separate_mirage","pleiotropy","bfdr_observed_fdp",0.01,0
20260893,81,500,15,3000,3000,3000,3000,"fast","control_informative",0.05,5,0.01,"","separate_mirage","pleiotropy","bfdr_estimate",0.01,0
20260893,81,500,15,3000,3000,3000,3000,"fast","control_informative",0.05,5,0.01,"","separate_mirage","pleiotropy","bfdr_power",0.01,0
20260893,81,500,15,3000,3000,3000,3000,"fast","control_informative",0.05,5,0.01,"","separate_mirage","pleiotropy","bfdr_discoveries",0.01,0
20260893,81,500,15,3000,3000,3000,3000,"fast","control_informative",0.05,5,0.01,"","separate_mirage","pleiotropy","bfdr_observed_fdp",0.05,0
20260893,81,500,15,3000,3000,3000,3000,"fast","control_informative",0.05,5,0.01,"","separate_mirage","pleiotropy","bfdr_estimate",0.05,0
20260893,81,500,15,3000,3000,3000,3000,"fast","control_informative",0.05,5,0.01,"","separate_mirage","pleiotropy","bfdr_power",0.05,0
20260893,81,500,15,3000,3000,3000,3000,"fast","control_informative",0.05,5,0.01,"","separate_mirage","pleiotropy","bfdr_discoveries",0.05,0
20260893,81,500,15,3000,3000,3000,3000,"fast","control_informative",0.05,5,0.01,"","separate_mirage","pleiotropy","bfdr_observed_fdp",0.1,0
20260893,81,500,15,3000,3000,3000,3000,"fast","control_informative",0.05,5,0.01,"","separate_mirage","pleiotropy","bfdr_estimate",0.1,0
20260893,81,500,15,3000,3000,3000,3000,"fast","control_informative",0.05,5,0.01,"","separate_mirage","pleiotropy","bfdr_power",0.1,0
20260893,81,500,15,3000,3000,3000,3000,"fast","control_informative",0.05,5,0.01,"","separate_mirage","pleiotropy","bfdr_discoveries",0.1,0
20260893,81,500,15,3000,3000,3000,3000,"fast","control_informative",0.05,5,0.01,"","separate_mirage","pleiotropy","bfdr_observed_fdp",0.2,0
20260893,81,500,15,3000,3000,3000,3000,"fast","control_informative",0.05,5,0.01,"","separate_mirage","pleiotropy","bfdr_estimate",0.2,0
20260893,81,500,15,3000,3000,3000,3000,"fast","control_informative",0.05,5,0.01,"","separate_mirage","pleiotropy","bfdr_power",0.2,0
20260893,81,500,15,3000,3000,3000,3000,"fast","control_informative",0.05,5,0.01,"","separate_mirage","pleiotropy","bfdr_discoveries",0.2,0
20260893,81,500,15,3000,3000,3000,3000,"fast","control_informative",0.05,5,0.01,"","separate_mirage","global","runtime_seconds",NA,18.5390000000002
20260893,81,500,15,3000,3000,3000,3000,"fast","control_informative",0.05,5,0.01,"","separate_mirage","pleiotropy","pi11_estimate",NA,0.001
20260893,81,500,15,3000,3000,3000,3000,"fast","control_informative",0.05,5,0.01,"","mtada_aggregated","trait1","auc",NA,0.803157894736842
20260893,81,500,15,3000,3000,3000,3000,"fast","control_informative",0.05,5,0.01,"","mtada_aggregated","trait2","auc",NA,0.706122448979592
20260893,81,500,15,3000,3000,3000,3000,"fast","control_informative",0.05,5,0.01,"","mtada_aggregated","pleiotropy","auc",NA,0.784646464646465
20260893,81,500,15,3000,3000,3000,3000,"fast","control_informative",0.05,5,0.01,"","mtada_aggregated","trait1","pp08_power",0.8,0.44
20260893,81,500,15,3000,3000,3000,3000,"fast","control_informative",0.05,5,0.01,"","mtada_aggregated","trait1","pp08_fdp",0.8,0.770833333333333
20260893,81,500,15,3000,3000,3000,3000,"fast","control_informative",0.05,5,0.01,"","mtada_aggregated","trait1","pp08_discoveries",0.8,48
20260893,81,500,15,3000,3000,3000,3000,"fast","control_informative",0.05,5,0.01,"","mtada_aggregated","trait2","pp08_power",0.8,0.2
20260893,81,500,15,3000,3000,3000,3000,"fast","control_informative",0.05,5,0.01,"","mtada_aggregated","trait2","pp08_fdp",0.8,0.956521739130435
20260893,81,500,15,3000,3000,3000,3000,"fast","control_informative",0.05,5,0.01,"","mtada_aggregated","trait2","pp08_discoveries",0.8,46
20260893,81,500,15,3000,3000,3000,3000,"fast","control_informative",0.05,5,0.01,"","mtada_aggregated","pleiotropy","pp08_power",0.8,0
20260893,81,500,15,3000,3000,3000,3000,"fast","control_informative",0.05,5,0.01,"","mtada_aggregated","pleiotropy","pp08_fdp",0.8,1
20260893,81,500,15,3000,3000,3000,3000,"fast","control_informative",0.05,5,0.01,"","mtada_aggregated","pleiotropy","pp08_discoveries",0.8,3
20260893,81,500,15,3000,3000,3000,3000,"fast","control_informative",0.05,5,0.01,"","mtada_aggregated","trait1","bfdr_observed_fdp",0.01,0.743589743589744
20260893,81,500,15,3000,3000,3000,3000,"fast","control_informative",0.05,5,0.01,"","mtada_aggregated","trait1","bfdr_estimate",0.01,0.00810761845889333
20260893,81,500,15,3000,3000,3000,3000,"fast","control_informative",0.05,5,0.01,"","mtada_aggregated","trait1","bfdr_power",0.01,0.4
20260893,81,500,15,3000,3000,3000,3000,"fast","control_informative",0.05,5,0.01,"","mtada_aggregated","trait1","bfdr_discoveries",0.01,39
20260893,81,500,15,3000,3000,3000,3000,"fast","control_informative",0.05,5,0.01,"","mtada_aggregated","trait1","bfdr_observed_fdp",0.05,0.784313725490196
20260893,81,500,15,3000,3000,3000,3000,"fast","control_informative",0.05,5,0.01,"","mtada_aggregated","trait1","bfdr_estimate",0.05,0.0492547453044411
20260893,81,500,15,3000,3000,3000,3000,"fast","control_informative",0.05,5,0.01,"","mtada_aggregated","trait1","bfdr_power",0.05,0.44
20260893,81,500,15,3000,3000,3000,3000,"fast","control_informative",0.05,5,0.01,"","mtada_aggregated","trait1","bfdr_discoveries",0.05,51
20260893,81,500,15,3000,3000,3000,3000,"fast","control_informative",0.05,5,0.01,"","mtada_aggregated","trait1","bfdr_observed_fdp",0.1,0.807017543859649
20260893,81,500,15,3000,3000,3000,3000,"fast","control_informative",0.05,5,0.01,"","mtada_aggregated","trait1","bfdr_estimate",0.1,0.0977651741200087
20260893,81,500,15,3000,3000,3000,3000,"fast","control_informative",0.05,5,0.01,"","mtada_aggregated","trait1","bfdr_power",0.1,0.44
20260893,81,500,15,3000,3000,3000,3000,"fast","control_informative",0.05,5,0.01,"","mtada_aggregated","trait1","bfdr_discoveries",0.1,57
20260893,81,500,15,3000,3000,3000,3000,"fast","control_informative",0.05,5,0.01,"","mtada_aggregated","trait1","bfdr_observed_fdp",0.2,0.794117647058823
20260893,81,500,15,3000,3000,3000,3000,"fast","control_informative",0.05,5,0.01,"","mtada_aggregated","trait1","bfdr_estimate",0.2,0.197631380987504
20260893,81,500,15,3000,3000,3000,3000,"fast","control_informative",0.05,5,0.01,"","mtada_aggregated","trait1","bfdr_power",0.2,0.56
20260893,81,500,15,3000,3000,3000,3000,"fast","control_informative",0.05,5,0.01,"","mtada_aggregated","trait1","bfdr_discoveries",0.2,68
20260893,81,500,15,3000,3000,3000,3000,"fast","control_informative",0.05,5,0.01,"","mtada_aggregated","trait2","bfdr_observed_fdp",0.01,0.951219512195122
20260893,81,500,15,3000,3000,3000,3000,"fast","control_informative",0.05,5,0.01,"","mtada_aggregated","trait2","bfdr_estimate",0.01,0.00997552149261195
20260893,81,500,15,3000,3000,3000,3000,"fast","control_informative",0.05,5,0.01,"","mtada_aggregated","trait2","bfdr_power",0.01,0.2
20260893,81,500,15,3000,3000,3000,3000,"fast","control_informative",0.05,5,0.01,"","mtada_aggregated","trait2","bfdr_discoveries",0.01,41
20260893,81,500,15,3000,3000,3000,3000,"fast","control_informative",0.05,5,0.01,"","mtada_aggregated","trait2","bfdr_observed_fdp",0.05,0.941176470588235
20260893,81,500,15,3000,3000,3000,3000,"fast","control_informative",0.05,5,0.01,"","mtada_aggregated","trait2","bfdr_estimate",0.05,0.0480598075616823
20260893,81,500,15,3000,3000,3000,3000,"fast","control_informative",0.05,5,0.01,"","mtada_aggregated","trait2","bfdr_power",0.05,0.3
20260893,81,500,15,3000,3000,3000,3000,"fast","control_informative",0.05,5,0.01,"","mtada_aggregated","trait2","bfdr_discoveries",0.05,51
20260893,81,500,15,3000,3000,3000,3000,"fast","control_informative",0.05,5,0.01,"","mtada_aggregated","trait2","bfdr_observed_fdp",0.1,0.946428571428571
20260893,81,500,15,3000,3000,3000,3000,"fast","control_informative",0.05,5,0.01,"","mtada_aggregated","trait2","bfdr_estimate",0.1,0.0944125440880166
20260893,81,500,15,3000,3000,3000,3000,"fast","control_informative",0.05,5,0.01,"","mtada_aggregated","trait2","bfdr_power",0.1,0.3
20260893,81,500,15,3000,3000,3000,3000,"fast","control_informative",0.05,5,0.01,"","mtada_aggregated","trait2","bfdr_discoveries",0.1,56
20260893,81,500,15,3000,3000,3000,3000,"fast","control_informative",0.05,5,0.01,"","mtada_aggregated","trait2","bfdr_observed_fdp",0.2,0.938461538461538
20260893,81,500,15,3000,3000,3000,3000,"fast","control_informative",0.05,5,0.01,"","mtada_aggregated","trait2","bfdr_estimate",0.2,0.199858722888709
20260893,81,500,15,3000,3000,3000,3000,"fast","control_informative",0.05,5,0.01,"","mtada_aggregated","trait2","bfdr_power",0.2,0.4
20260893,81,500,15,3000,3000,3000,3000,"fast","control_informative",0.05,5,0.01,"","mtada_aggregated","trait2","bfdr_discoveries",0.2,65
20260893,81,500,15,3000,3000,3000,3000,"fast","control_informative",0.05,5,0.01,"","mtada_aggregated","pleiotropy","bfdr_observed_fdp",0.01,0
20260893,81,500,15,3000,3000,3000,3000,"fast","control_informative",0.05,5,0.01,"","mtada_aggregated","pleiotropy","bfdr_estimate",0.01,0
20260893,81,500,15,3000,3000,3000,3000,"fast","control_informative",0.05,5,0.01,"","mtada_aggregated","pleiotropy","bfdr_power",0.01,0
20260893,81,500,15,3000,3000,3000,3000,"fast","control_informative",0.05,5,0.01,"","mtada_aggregated","pleiotropy","bfdr_discoveries",0.01,0
20260893,81,500,15,3000,3000,3000,3000,"fast","control_informative",0.05,5,0.01,"","mtada_aggregated","pleiotropy","bfdr_observed_fdp",0.05,0
20260893,81,500,15,3000,3000,3000,3000,"fast","control_informative",0.05,5,0.01,"","mtada_aggregated","pleiotropy","bfdr_estimate",0.05,0
20260893,81,500,15,3000,3000,3000,3000,"fast","control_informative",0.05,5,0.01,"","mtada_aggregated","pleiotropy","bfdr_power",0.05,0
20260893,81,500,15,3000,3000,3000,3000,"fast","control_informative",0.05,5,0.01,"","mtada_aggregated","pleiotropy","bfdr_discoveries",0.05,0
20260893,81,500,15,3000,3000,3000,3000,"fast","control_informative",0.05,5,0.01,"","mtada_aggregated","pleiotropy","bfdr_observed_fdp",0.1,1
20260893,81,500,15,3000,3000,3000,3000,"fast","control_informative",0.05,5,0.01,"","mtada_aggregated","pleiotropy","bfdr_estimate",0.1,0.0819538848383522
20260893,81,500,15,3000,3000,3000,3000,"fast","control_informative",0.05,5,0.01,"","mtada_aggregated","pleiotropy","bfdr_power",0.1,0
20260893,81,500,15,3000,3000,3000,3000,"fast","control_informative",0.05,5,0.01,"","mtada_aggregated","pleiotropy","bfdr_discoveries",0.1,3
20260893,81,500,15,3000,3000,3000,3000,"fast","control_informative",0.05,5,0.01,"","mtada_aggregated","pleiotropy","bfdr_observed_fdp",0.2,0.8
20260893,81,500,15,3000,3000,3000,3000,"fast","control_informative",0.05,5,0.01,"","mtada_aggregated","pleiotropy","bfdr_estimate",0.2,0.158837703650489
20260893,81,500,15,3000,3000,3000,3000,"fast","control_informative",0.05,5,0.01,"","mtada_aggregated","pleiotropy","bfdr_power",0.2,0.2
20260893,81,500,15,3000,3000,3000,3000,"fast","control_informative",0.05,5,0.01,"","mtada_aggregated","pleiotropy","bfdr_discoveries",0.2,5
20260893,81,500,15,3000,3000,3000,3000,"fast","control_informative",0.05,5,0.01,"","mtada_aggregated","global","runtime_seconds",NA,0.686999999999898
20260893,81,500,15,3000,3000,3000,3000,"fast","control_informative",0.05,5,0.01,"","mtada_aggregated","pleiotropy","pi11_estimate",NA,0.00114257
20260894,82,500,15,3000,3000,3000,3000,"fast","control_informative",0.05,5,0.01,"","mirage_joint","trait1","auc",NA,0.755284210526316
20260894,82,500,15,3000,3000,3000,3000,"fast","control_informative",0.05,5,0.01,"","mirage_joint","trait2","auc",NA,0.797142857142857
20260894,82,500,15,3000,3000,3000,3000,"fast","control_informative",0.05,5,0.01,"","mirage_joint","pleiotropy","auc",NA,0.755555555555556
20260894,82,500,15,3000,3000,3000,3000,"fast","control_informative",0.05,5,0.01,"","mirage_joint","trait1","pp08_power",0.8,0.2
20260894,82,500,15,3000,3000,3000,3000,"fast","control_informative",0.05,5,0.01,"","mirage_joint","trait1","pp08_fdp",0.8,0.285714285714286
20260894,82,500,15,3000,3000,3000,3000,"fast","control_informative",0.05,5,0.01,"","mirage_joint","trait1","pp08_discoveries",0.8,7
20260894,82,500,15,3000,3000,3000,3000,"fast","control_informative",0.05,5,0.01,"","mirage_joint","trait2","pp08_power",0.8,0.1
20260894,82,500,15,3000,3000,3000,3000,"fast","control_informative",0.05,5,0.01,"","mirage_joint","trait2","pp08_fdp",0.8,0
20260894,82,500,15,3000,3000,3000,3000,"fast","control_informative",0.05,5,0.01,"","mirage_joint","trait2","pp08_discoveries",0.8,1
20260894,82,500,15,3000,3000,3000,3000,"fast","control_informative",0.05,5,0.01,"","mirage_joint","pleiotropy","pp08_power",0.8,0
20260894,82,500,15,3000,3000,3000,3000,"fast","control_informative",0.05,5,0.01,"","mirage_joint","pleiotropy","pp08_fdp",0.8,0
20260894,82,500,15,3000,3000,3000,3000,"fast","control_informative",0.05,5,0.01,"","mirage_joint","pleiotropy","pp08_discoveries",0.8,0
20260894,82,500,15,3000,3000,3000,3000,"fast","control_informative",0.05,5,0.01,"","mirage_joint","trait1","bfdr_observed_fdp",0.01,0
20260894,82,500,15,3000,3000,3000,3000,"fast","control_informative",0.05,5,0.01,"","mirage_joint","trait1","bfdr_estimate",0.01,0.00202565777538949
20260894,82,500,15,3000,3000,3000,3000,"fast","control_informative",0.05,5,0.01,"","mirage_joint","trait1","bfdr_power",0.01,0.16
20260894,82,500,15,3000,3000,3000,3000,"fast","control_informative",0.05,5,0.01,"","mirage_joint","trait1","bfdr_discoveries",0.01,4
20260894,82,500,15,3000,3000,3000,3000,"fast","control_informative",0.05,5,0.01,"","mirage_joint","trait1","bfdr_observed_fdp",0.05,0.285714285714286
20260894,82,500,15,3000,3000,3000,3000,"fast","control_informative",0.05,5,0.01,"","mirage_joint","trait1","bfdr_estimate",0.05,0.0443351580055267
20260894,82,500,15,3000,3000,3000,3000,"fast","control_informative",0.05,5,0.01,"","mirage_joint","trait1","bfdr_power",0.05,0.2
20260894,82,500,15,3000,3000,3000,3000,"fast","control_informative",0.05,5,0.01,"","mirage_joint","trait1","bfdr_discoveries",0.05,7
20260894,82,500,15,3000,3000,3000,3000,"fast","control_informative",0.05,5,0.01,"","mirage_joint","trait1","bfdr_observed_fdp",0.1,0.222222222222222
20260894,82,500,15,3000,3000,3000,3000,"fast","control_informative",0.05,5,0.01,"","mirage_joint","trait1","bfdr_estimate",0.1,0.0929883919066995
20260894,82,500,15,3000,3000,3000,3000,"fast","control_informative",0.05,5,0.01,"","mirage_joint","trait1","bfdr_power",0.1,0.28
20260894,82,500,15,3000,3000,3000,3000,"fast","control_informative",0.05,5,0.01,"","mirage_joint","trait1","bfdr_discoveries",0.1,9
20260894,82,500,15,3000,3000,3000,3000,"fast","control_informative",0.05,5,0.01,"","mirage_joint","trait1","bfdr_observed_fdp",0.2,0.384615384615385
20260894,82,500,15,3000,3000,3000,3000,"fast","control_informative",0.05,5,0.01,"","mirage_joint","trait1","bfdr_estimate",0.2,0.196732159035398
20260894,82,500,15,3000,3000,3000,3000,"fast","control_informative",0.05,5,0.01,"","mirage_joint","trait1","bfdr_power",0.2,0.32
20260894,82,500,15,3000,3000,3000,3000,"fast","control_informative",0.05,5,0.01,"","mirage_joint","trait1","bfdr_discoveries",0.2,13
20260894,82,500,15,3000,3000,3000,3000,"fast","control_informative",0.05,5,0.01,"","mirage_joint","trait2","bfdr_observed_fdp",0.01,0
20260894,82,500,15,3000,3000,3000,3000,"fast","control_informative",0.05,5,0.01,"","mirage_joint","trait2","bfdr_estimate",0.01,2.22044604925031e-16
20260894,82,500,15,3000,3000,3000,3000,"fast","control_informative",0.05,5,0.01,"","mirage_joint","trait2","bfdr_power",0.01,0.1
20260894,82,500,15,3000,3000,3000,3000,"fast","control_informative",0.05,5,0.01,"","mirage_joint","trait2","bfdr_discoveries",0.01,1
20260894,82,500,15,3000,3000,3000,3000,"fast","control_informative",0.05,5,0.01,"","mirage_joint","trait2","bfdr_observed_fdp",0.05,0
20260894,82,500,15,3000,3000,3000,3000,"fast","control_informative",0.05,5,0.01,"","mirage_joint","trait2","bfdr_estimate",0.05,2.22044604925031e-16
20260894,82,500,15,3000,3000,3000,3000,"fast","control_informative",0.05,5,0.01,"","mirage_joint","trait2","bfdr_power",0.05,0.1
20260894,82,500,15,3000,3000,3000,3000,"fast","control_informative",0.05,5,0.01,"","mirage_joint","trait2","bfdr_discoveries",0.05,1
20260894,82,500,15,3000,3000,3000,3000,"fast","control_informative",0.05,5,0.01,"","mirage_joint","trait2","bfdr_observed_fdp",0.1,0
20260894,82,500,15,3000,3000,3000,3000,"fast","control_informative",0.05,5,0.01,"","mirage_joint","trait2","bfdr_estimate",0.1,2.22044604925031e-16
20260894,82,500,15,3000,3000,3000,3000,"fast","control_informative",0.05,5,0.01,"","mirage_joint","trait2","bfdr_power",0.1,0.1
20260894,82,500,15,3000,3000,3000,3000,"fast","control_informative",0.05,5,0.01,"","mirage_joint","trait2","bfdr_discoveries",0.1,1
20260894,82,500,15,3000,3000,3000,3000,"fast","control_informative",0.05,5,0.01,"","mirage_joint","trait2","bfdr_observed_fdp",0.2,0.5
20260894,82,500,15,3000,3000,3000,3000,"fast","control_informative",0.05,5,0.01,"","mirage_joint","trait2","bfdr_estimate",0.2,0.116585266876142
20260894,82,500,15,3000,3000,3000,3000,"fast","control_informative",0.05,5,0.01,"","mirage_joint","trait2","bfdr_power",0.2,0.1
20260894,82,500,15,3000,3000,3000,3000,"fast","control_informative",0.05,5,0.01,"","mirage_joint","trait2","bfdr_discoveries",0.2,2
20260894,82,500,15,3000,3000,3000,3000,"fast","control_informative",0.05,5,0.01,"","mirage_joint","pleiotropy","bfdr_observed_fdp",0.01,0
20260894,82,500,15,3000,3000,3000,3000,"fast","control_informative",0.05,5,0.01,"","mirage_joint","pleiotropy","bfdr_estimate",0.01,0
20260894,82,500,15,3000,3000,3000,3000,"fast","control_informative",0.05,5,0.01,"","mirage_joint","pleiotropy","bfdr_power",0.01,0
20260894,82,500,15,3000,3000,3000,3000,"fast","control_informative",0.05,5,0.01,"","mirage_joint","pleiotropy","bfdr_discoveries",0.01,0
20260894,82,500,15,3000,3000,3000,3000,"fast","control_informative",0.05,5,0.01,"","mirage_joint","pleiotropy","bfdr_observed_fdp",0.05,0
20260894,82,500,15,3000,3000,3000,3000,"fast","control_informative",0.05,5,0.01,"","mirage_joint","pleiotropy","bfdr_estimate",0.05,0
20260894,82,500,15,3000,3000,3000,3000,"fast","control_informative",0.05,5,0.01,"","mirage_joint","pleiotropy","bfdr_power",0.05,0
20260894,82,500,15,3000,3000,3000,3000,"fast","control_informative",0.05,5,0.01,"","mirage_joint","pleiotropy","bfdr_discoveries",0.05,0
20260894,82,500,15,3000,3000,3000,3000,"fast","control_informative",0.05,5,0.01,"","mirage_joint","pleiotropy","bfdr_observed_fdp",0.1,0
20260894,82,500,15,3000,3000,3000,3000,"fast","control_informative",0.05,5,0.01,"","mirage_joint","pleiotropy","bfdr_estimate",0.1,0
20260894,82,500,15,3000,3000,3000,3000,"fast","control_informative",0.05,5,0.01,"","mirage_joint","pleiotropy","bfdr_power",0.1,0
20260894,82,500,15,3000,3000,3000,3000,"fast","control_informative",0.05,5,0.01,"","mirage_joint","pleiotropy","bfdr_discoveries",0.1,0
20260894,82,500,15,3000,3000,3000,3000,"fast","control_informative",0.05,5,0.01,"","mirage_joint","pleiotropy","bfdr_observed_fdp",0.2,0
20260894,82,500,15,3000,3000,3000,3000,"fast","control_informative",0.05,5,0.01,"","mirage_joint","pleiotropy","bfdr_estimate",0.2,0
20260894,82,500,15,3000,3000,3000,3000,"fast","control_informative",0.05,5,0.01,"","mirage_joint","pleiotropy","bfdr_power",0.2,0
20260894,82,500,15,3000,3000,3000,3000,"fast","control_informative",0.05,5,0.01,"","mirage_joint","pleiotropy","bfdr_discoveries",0.2,0
20260894,82,500,15,3000,3000,3000,3000,"fast","control_informative",0.05,5,0.01,"","mirage_joint","global","runtime_seconds",NA,19.1410000000001
20260894,82,500,15,3000,3000,3000,3000,"fast","control_informative",0.05,5,0.01,"","mirage_joint","pleiotropy","pi11_estimate",NA,0.0023187749486714
20260894,82,500,15,3000,3000,3000,3000,"fast","control_informative",0.05,5,0.01,"","separate_mirage","trait1","auc",NA,0.778694736842105
20260894,82,500,15,3000,3000,3000,3000,"fast","control_informative",0.05,5,0.01,"","separate_mirage","trait2","auc",NA,0.736938775510204
20260894,82,500,15,3000,3000,3000,3000,"fast","control_informative",0.05,5,0.01,"","separate_mirage","pleiotropy","auc",NA,0.746666666666667
20260894,82,500,15,3000,3000,3000,3000,"fast","control_informative",0.05,5,0.01,"","separate_mirage","trait1","pp08_power",0.8,0.16
20260894,82,500,15,3000,3000,3000,3000,"fast","control_informative",0.05,5,0.01,"","separate_mirage","trait1","pp08_fdp",0.8,0
20260894,82,500,15,3000,3000,3000,3000,"fast","control_informative",0.05,5,0.01,"","separate_mirage","trait1","pp08_discoveries",0.8,4
20260894,82,500,15,3000,3000,3000,3000,"fast","control_informative",0.05,5,0.01,"","separate_mirage","trait2","pp08_power",0.8,0.1
20260894,82,500,15,3000,3000,3000,3000,"fast","control_informative",0.05,5,0.01,"","separate_mirage","trait2","pp08_fdp",0.8,0
20260894,82,500,15,3000,3000,3000,3000,"fast","control_informative",0.05,5,0.01,"","separate_mirage","trait2","pp08_discoveries",0.8,1
20260894,82,500,15,3000,3000,3000,3000,"fast","control_informative",0.05,5,0.01,"","separate_mirage","pleiotropy","pp08_power",0.8,0
20260894,82,500,15,3000,3000,3000,3000,"fast","control_informative",0.05,5,0.01,"","separate_mirage","pleiotropy","pp08_fdp",0.8,0
20260894,82,500,15,3000,3000,3000,3000,"fast","control_informative",0.05,5,0.01,"","separate_mirage","pleiotropy","pp08_discoveries",0.8,0
20260894,82,500,15,3000,3000,3000,3000,"fast","control_informative",0.05,5,0.01,"","separate_mirage","trait1","bfdr_observed_fdp",0.01,0
20260894,82,500,15,3000,3000,3000,3000,"fast","control_informative",0.05,5,0.01,"","separate_mirage","trait1","bfdr_estimate",0.01,0.0073768689498965
20260894,82,500,15,3000,3000,3000,3000,"fast","control_informative",0.05,5,0.01,"","separate_mirage","trait1","bfdr_power",0.01,0.16
20260894,82,500,15,3000,3000,3000,3000,"fast","control_informative",0.05,5,0.01,"","separate_mirage","trait1","bfdr_discoveries",0.01,4
20260894,82,500,15,3000,3000,3000,3000,"fast","control_informative",0.05,5,0.01,"","separate_mirage","trait1","bfdr_observed_fdp",0.05,0
20260894,82,500,15,3000,3000,3000,3000,"fast","control_informative",0.05,5,0.01,"","separate_mirage","trait1","bfdr_estimate",0.05,0.0073768689498965
20260894,82,500,15,3000,3000,3000,3000,"fast","control_informative",0.05,5,0.01,"","separate_mirage","trait1","bfdr_power",0.05,0.16
20260894,82,500,15,3000,3000,3000,3000,"fast","control_informative",0.05,5,0.01,"","separate_mirage","trait1","bfdr_discoveries",0.05,4
20260894,82,500,15,3000,3000,3000,3000,"fast","control_informative",0.05,5,0.01,"","separate_mirage","trait1","bfdr_observed_fdp",0.1,0.166666666666667
20260894,82,500,15,3000,3000,3000,3000,"fast","control_informative",0.05,5,0.01,"","separate_mirage","trait1","bfdr_estimate",0.1,0.097348316259533
20260894,82,500,15,3000,3000,3000,3000,"fast","control_informative",0.05,5,0.01,"","separate_mirage","trait1","bfdr_power",0.1,0.2
20260894,82,500,15,3000,3000,3000,3000,"fast","control_informative",0.05,5,0.01,"","separate_mirage","trait1","bfdr_discoveries",0.1,6
20260894,82,500,15,3000,3000,3000,3000,"fast","control_informative",0.05,5,0.01,"","separate_mirage","trait1","bfdr_observed_fdp",0.2,0.25
20260894,82,500,15,3000,3000,3000,3000,"fast","control_informative",0.05,5,0.01,"","separate_mirage","trait1","bfdr_estimate",0.2,0.164574744991641
20260894,82,500,15,3000,3000,3000,3000,"fast","control_informative",0.05,5,0.01,"","separate_mirage","trait1","bfdr_power",0.2,0.24
20260894,82,500,15,3000,3000,3000,3000,"fast","control_informative",0.05,5,0.01,"","separate_mirage","trait1","bfdr_discoveries",0.2,8
20260894,82,500,15,3000,3000,3000,3000,"fast","control_informative",0.05,5,0.01,"","separate_mirage","trait2","bfdr_observed_fdp",0.01,0
20260894,82,500,15,3000,3000,3000,3000,"fast","control_informative",0.05,5,0.01,"","separate_mirage","trait2","bfdr_estimate",0.01,-1.55431223447522e-15
20260894,82,500,15,3000,3000,3000,3000,"fast","control_informative",0.05,5,0.01,"","separate_mirage","trait2","bfdr_power",0.01,0.1
20260894,82,500,15,3000,3000,3000,3000,"fast","control_informative",0.05,5,0.01,"","separate_mirage","trait2","bfdr_discoveries",0.01,1
20260894,82,500,15,3000,3000,3000,3000,"fast","control_informative",0.05,5,0.01,"","separate_mirage","trait2","bfdr_observed_fdp",0.05,0
20260894,82,500,15,3000,3000,3000,3000,"fast","control_informative",0.05,5,0.01,"","separate_mirage","trait2","bfdr_estimate",0.05,-1.55431223447522e-15
20260894,82,500,15,3000,3000,3000,3000,"fast","control_informative",0.05,5,0.01,"","separate_mirage","trait2","bfdr_power",0.05,0.1
20260894,82,500,15,3000,3000,3000,3000,"fast","control_informative",0.05,5,0.01,"","separate_mirage","trait2","bfdr_discoveries",0.05,1
20260894,82,500,15,3000,3000,3000,3000,"fast","control_informative",0.05,5,0.01,"","separate_mirage","trait2","bfdr_observed_fdp",0.1,0
20260894,82,500,15,3000,3000,3000,3000,"fast","control_informative",0.05,5,0.01,"","separate_mirage","trait2","bfdr_estimate",0.1,-1.55431223447522e-15
20260894,82,500,15,3000,3000,3000,3000,"fast","control_informative",0.05,5,0.01,"","separate_mirage","trait2","bfdr_power",0.1,0.1
20260894,82,500,15,3000,3000,3000,3000,"fast","control_informative",0.05,5,0.01,"","separate_mirage","trait2","bfdr_discoveries",0.1,1
20260894,82,500,15,3000,3000,3000,3000,"fast","control_informative",0.05,5,0.01,"","separate_mirage","trait2","bfdr_observed_fdp",0.2,0
20260894,82,500,15,3000,3000,3000,3000,"fast","control_informative",0.05,5,0.01,"","separate_mirage","trait2","bfdr_estimate",0.2,-1.55431223447522e-15
20260894,82,500,15,3000,3000,3000,3000,"fast","control_informative",0.05,5,0.01,"","separate_mirage","trait2","bfdr_power",0.2,0.1
20260894,82,500,15,3000,3000,3000,3000,"fast","control_informative",0.05,5,0.01,"","separate_mirage","trait2","bfdr_discoveries",0.2,1
20260894,82,500,15,3000,3000,3000,3000,"fast","control_informative",0.05,5,0.01,"","separate_mirage","pleiotropy","bfdr_observed_fdp",0.01,0
20260894,82,500,15,3000,3000,3000,3000,"fast","control_informative",0.05,5,0.01,"","separate_mirage","pleiotropy","bfdr_estimate",0.01,0
20260894,82,500,15,3000,3000,3000,3000,"fast","control_informative",0.05,5,0.01,"","separate_mirage","pleiotropy","bfdr_power",0.01,0
20260894,82,500,15,3000,3000,3000,3000,"fast","control_informative",0.05,5,0.01,"","separate_mirage","pleiotropy","bfdr_discoveries",0.01,0
20260894,82,500,15,3000,3000,3000,3000,"fast","control_informative",0.05,5,0.01,"","separate_mirage","pleiotropy","bfdr_observed_fdp",0.05,0
20260894,82,500,15,3000,3000,3000,3000,"fast","control_informative",0.05,5,0.01,"","separate_mirage","pleiotropy","bfdr_estimate",0.05,0
20260894,82,500,15,3000,3000,3000,3000,"fast","control_informative",0.05,5,0.01,"","separate_mirage","pleiotropy","bfdr_power",0.05,0
20260894,82,500,15,3000,3000,3000,3000,"fast","control_informative",0.05,5,0.01,"","separate_mirage","pleiotropy","bfdr_discoveries",0.05,0
20260894,82,500,15,3000,3000,3000,3000,"fast","control_informative",0.05,5,0.01,"","separate_mirage","pleiotropy","bfdr_observed_fdp",0.1,0
20260894,82,500,15,3000,3000,3000,3000,"fast","control_informative",0.05,5,0.01,"","separate_mirage","pleiotropy","bfdr_estimate",0.1,0
20260894,82,500,15,3000,3000,3000,3000,"fast","control_informative",0.05,5,0.01,"","separate_mirage","pleiotropy","bfdr_power",0.1,0
20260894,82,500,15,3000,3000,3000,3000,"fast","control_informative",0.05,5,0.01,"","separate_mirage","pleiotropy","bfdr_discoveries",0.1,0
20260894,82,500,15,3000,3000,3000,3000,"fast","control_informative",0.05,5,0.01,"","separate_mirage","pleiotropy","bfdr_observed_fdp",0.2,0
20260894,82,500,15,3000,3000,3000,3000,"fast","control_informative",0.05,5,0.01,"","separate_mirage","pleiotropy","bfdr_estimate",0.2,0
20260894,82,500,15,3000,3000,3000,3000,"fast","control_informative",0.05,5,0.01,"","separate_mirage","pleiotropy","bfdr_power",0.2,0
20260894,82,500,15,3000,3000,3000,3000,"fast","control_informative",0.05,5,0.01,"","separate_mirage","pleiotropy","bfdr_discoveries",0.2,0
20260894,82,500,15,3000,3000,3000,3000,"fast","control_informative",0.05,5,0.01,"","separate_mirage","global","runtime_seconds",NA,18.5
20260894,82,500,15,3000,3000,3000,3000,"fast","control_informative",0.05,5,0.01,"","separate_mirage","pleiotropy","pi11_estimate",NA,0.001
20260894,82,500,15,3000,3000,3000,3000,"fast","control_informative",0.05,5,0.01,"","mtada_aggregated","trait1","auc",NA,0.7536
20260894,82,500,15,3000,3000,3000,3000,"fast","control_informative",0.05,5,0.01,"","mtada_aggregated","trait2","auc",NA,0.774897959183673
20260894,82,500,15,3000,3000,3000,3000,"fast","control_informative",0.05,5,0.01,"","mtada_aggregated","pleiotropy","auc",NA,0.806464646464646
20260894,82,500,15,3000,3000,3000,3000,"fast","control_informative",0.05,5,0.01,"","mtada_aggregated","trait1","pp08_power",0.8,0.36
20260894,82,500,15,3000,3000,3000,3000,"fast","control_informative",0.05,5,0.01,"","mtada_aggregated","trait1","pp08_fdp",0.8,0.8125
20260894,82,500,15,3000,3000,3000,3000,"fast","control_informative",0.05,5,0.01,"","mtada_aggregated","trait1","pp08_discoveries",0.8,48
20260894,82,500,15,3000,3000,3000,3000,"fast","control_informative",0.05,5,0.01,"","mtada_aggregated","trait2","pp08_power",0.8,0.3
20260894,82,500,15,3000,3000,3000,3000,"fast","control_informative",0.05,5,0.01,"","mtada_aggregated","trait2","pp08_fdp",0.8,0.925
20260894,82,500,15,3000,3000,3000,3000,"fast","control_informative",0.05,5,0.01,"","mtada_aggregated","trait2","pp08_discoveries",0.8,40
20260894,82,500,15,3000,3000,3000,3000,"fast","control_informative",0.05,5,0.01,"","mtada_aggregated","pleiotropy","pp08_power",0.8,0
20260894,82,500,15,3000,3000,3000,3000,"fast","control_informative",0.05,5,0.01,"","mtada_aggregated","pleiotropy","pp08_fdp",0.8,1
20260894,82,500,15,3000,3000,3000,3000,"fast","control_informative",0.05,5,0.01,"","mtada_aggregated","pleiotropy","pp08_discoveries",0.8,1
20260894,82,500,15,3000,3000,3000,3000,"fast","control_informative",0.05,5,0.01,"","mtada_aggregated","trait1","bfdr_observed_fdp",0.01,0.80952380952381
20260894,82,500,15,3000,3000,3000,3000,"fast","control_informative",0.05,5,0.01,"","mtada_aggregated","trait1","bfdr_estimate",0.01,0.00944941080720836
20260894,82,500,15,3000,3000,3000,3000,"fast","control_informative",0.05,5,0.01,"","mtada_aggregated","trait1","bfdr_power",0.01,0.32
20260894,82,500,15,3000,3000,3000,3000,"fast","control_informative",0.05,5,0.01,"","mtada_aggregated","trait1","bfdr_discoveries",0.01,42
20260894,82,500,15,3000,3000,3000,3000,"fast","control_informative",0.05,5,0.01,"","mtada_aggregated","trait1","bfdr_observed_fdp",0.05,0.826923076923077
20260894,82,500,15,3000,3000,3000,3000,"fast","control_informative",0.05,5,0.01,"","mtada_aggregated","trait1","bfdr_estimate",0.05,0.0462887181991737
20260894,82,500,15,3000,3000,3000,3000,"fast","control_informative",0.05,5,0.01,"","mtada_aggregated","trait1","bfdr_power",0.05,0.36
20260894,82,500,15,3000,3000,3000,3000,"fast","control_informative",0.05,5,0.01,"","mtada_aggregated","trait1","bfdr_discoveries",0.05,52
20260894,82,500,15,3000,3000,3000,3000,"fast","control_informative",0.05,5,0.01,"","mtada_aggregated","trait1","bfdr_observed_fdp",0.1,0.793103448275862
20260894,82,500,15,3000,3000,3000,3000,"fast","control_informative",0.05,5,0.01,"","mtada_aggregated","trait1","bfdr_estimate",0.1,0.0974847992668316
20260894,82,500,15,3000,3000,3000,3000,"fast","control_informative",0.05,5,0.01,"","mtada_aggregated","trait1","bfdr_power",0.1,0.48
20260894,82,500,15,3000,3000,3000,3000,"fast","control_informative",0.05,5,0.01,"","mtada_aggregated","trait1","bfdr_discoveries",0.1,58
20260894,82,500,15,3000,3000,3000,3000,"fast","control_informative",0.05,5,0.01,"","mtada_aggregated","trait1","bfdr_observed_fdp",0.2,0.823529411764706
20260894,82,500,15,3000,3000,3000,3000,"fast","control_informative",0.05,5,0.01,"","mtada_aggregated","trait1","bfdr_estimate",0.2,0.196377469005052
20260894,82,500,15,3000,3000,3000,3000,"fast","control_informative",0.05,5,0.01,"","mtada_aggregated","trait1","bfdr_power",0.2,0.48
20260894,82,500,15,3000,3000,3000,3000,"fast","control_informative",0.05,5,0.01,"","mtada_aggregated","trait1","bfdr_discoveries",0.2,68
20260894,82,500,15,3000,3000,3000,3000,"fast","control_informative",0.05,5,0.01,"","mtada_aggregated","trait2","bfdr_observed_fdp",0.01,0.916666666666667
20260894,82,500,15,3000,3000,3000,3000,"fast","control_informative",0.05,5,0.01,"","mtada_aggregated","trait2","bfdr_estimate",0.01,0.00855233547628253
20260894,82,500,15,3000,3000,3000,3000,"fast","control_informative",0.05,5,0.01,"","mtada_aggregated","trait2","bfdr_power",0.01,0.3
20260894,82,500,15,3000,3000,3000,3000,"fast","control_informative",0.05,5,0.01,"","mtada_aggregated","trait2","bfdr_discoveries",0.01,36
20260894,82,500,15,3000,3000,3000,3000,"fast","control_informative",0.05,5,0.01,"","mtada_aggregated","trait2","bfdr_observed_fdp",0.05,0.931818181818182
20260894,82,500,15,3000,3000,3000,3000,"fast","control_informative",0.05,5,0.01,"","mtada_aggregated","trait2","bfdr_estimate",0.05,0.043135212619008
20260894,82,500,15,3000,3000,3000,3000,"fast","control_informative",0.05,5,0.01,"","mtada_aggregated","trait2","bfdr_power",0.05,0.3
20260894,82,500,15,3000,3000,3000,3000,"fast","control_informative",0.05,5,0.01,"","mtada_aggregated","trait2","bfdr_discoveries",0.05,44
20260894,82,500,15,3000,3000,3000,3000,"fast","control_informative",0.05,5,0.01,"","mtada_aggregated","trait2","bfdr_observed_fdp",0.1,0.92156862745098
20260894,82,500,15,3000,3000,3000,3000,"fast","control_informative",0.05,5,0.01,"","mtada_aggregated","trait2","bfdr_estimate",0.1,0.0982314564149688
20260894,82,500,15,3000,3000,3000,3000,"fast","control_informative",0.05,5,0.01,"","mtada_aggregated","trait2","bfdr_power",0.1,0.4
20260894,82,500,15,3000,3000,3000,3000,"fast","control_informative",0.05,5,0.01,"","mtada_aggregated","trait2","bfdr_discoveries",0.1,51
20260894,82,500,15,3000,3000,3000,3000,"fast","control_informative",0.05,5,0.01,"","mtada_aggregated","trait2","bfdr_observed_fdp",0.2,0.935483870967742
20260894,82,500,15,3000,3000,3000,3000,"fast","control_informative",0.05,5,0.01,"","mtada_aggregated","trait2","bfdr_estimate",0.2,0.199881310568116
20260894,82,500,15,3000,3000,3000,3000,"fast","control_informative",0.05,5,0.01,"","mtada_aggregated","trait2","bfdr_power",0.2,0.4
20260894,82,500,15,3000,3000,3000,3000,"fast","control_informative",0.05,5,0.01,"","mtada_aggregated","trait2","bfdr_discoveries",0.2,62
20260894,82,500,15,3000,3000,3000,3000,"fast","control_informative",0.05,5,0.01,"","mtada_aggregated","pleiotropy","bfdr_observed_fdp",0.01,1
20260894,82,500,15,3000,3000,3000,3000,"fast","control_informative",0.05,5,0.01,"","mtada_aggregated","pleiotropy","bfdr_estimate",0.01,0.000465663653282156
20260894,82,500,15,3000,3000,3000,3000,"fast","control_informative",0.05,5,0.01,"","mtada_aggregated","pleiotropy","bfdr_power",0.01,0
20260894,82,500,15,3000,3000,3000,3000,"fast","control_informative",0.05,5,0.01,"","mtada_aggregated","pleiotropy","bfdr_discoveries",0.01,1
20260894,82,500,15,3000,3000,3000,3000,"fast","control_informative",0.05,5,0.01,"","mtada_aggregated","pleiotropy","bfdr_observed_fdp",0.05,1
20260894,82,500,15,3000,3000,3000,3000,"fast","control_informative",0.05,5,0.01,"","mtada_aggregated","pleiotropy","bfdr_estimate",0.05,0.000465663653282156
20260894,82,500,15,3000,3000,3000,3000,"fast","control_informative",0.05,5,0.01,"","mtada_aggregated","pleiotropy","bfdr_power",0.05,0
20260894,82,500,15,3000,3000,3000,3000,"fast","control_informative",0.05,5,0.01,"","mtada_aggregated","pleiotropy","bfdr_discoveries",0.05,1
20260894,82,500,15,3000,3000,3000,3000,"fast","control_informative",0.05,5,0.01,"","mtada_aggregated","pleiotropy","bfdr_observed_fdp",0.1,1
20260894,82,500,15,3000,3000,3000,3000,"fast","control_informative",0.05,5,0.01,"","mtada_aggregated","pleiotropy","bfdr_estimate",0.1,0.000465663653282156
20260894,82,500,15,3000,3000,3000,3000,"fast","control_informative",0.05,5,0.01,"","mtada_aggregated","pleiotropy","bfdr_power",0.1,0
20260894,82,500,15,3000,3000,3000,3000,"fast","control_informative",0.05,5,0.01,"","mtada_aggregated","pleiotropy","bfdr_discoveries",0.1,1
20260894,82,500,15,3000,3000,3000,3000,"fast","control_informative",0.05,5,0.01,"","mtada_aggregated","pleiotropy","bfdr_observed_fdp",0.2,1
20260894,82,500,15,3000,3000,3000,3000,"fast","control_informative",0.05,5,0.01,"","mtada_aggregated","pleiotropy","bfdr_estimate",0.2,0.113046064467229
20260894,82,500,15,3000,3000,3000,3000,"fast","control_informative",0.05,5,0.01,"","mtada_aggregated","pleiotropy","bfdr_power",0.2,0
20260894,82,500,15,3000,3000,3000,3000,"fast","control_informative",0.05,5,0.01,"","mtada_aggregated","pleiotropy","bfdr_discoveries",0.2,2
20260894,82,500,15,3000,3000,3000,3000,"fast","control_informative",0.05,5,0.01,"","mtada_aggregated","global","runtime_seconds",NA,0.804999999999836
20260894,82,500,15,3000,3000,3000,3000,"fast","control_informative",0.05,5,0.01,"","mtada_aggregated","pleiotropy","pi11_estimate",NA,0.000437114
20260895,83,500,15,3000,3000,3000,3000,"fast","control_informative",0.05,5,0.01,"","mirage_joint","trait1","auc",NA,0.611621052631579
20260895,83,500,15,3000,3000,3000,3000,"fast","control_informative",0.05,5,0.01,"","mirage_joint","trait2","auc",NA,0.712448979591837
20260895,83,500,15,3000,3000,3000,3000,"fast","control_informative",0.05,5,0.01,"","mirage_joint","pleiotropy","auc",NA,0.863838383838384
20260895,83,500,15,3000,3000,3000,3000,"fast","control_informative",0.05,5,0.01,"","mirage_joint","trait1","pp08_power",0.8,0.16
20260895,83,500,15,3000,3000,3000,3000,"fast","control_informative",0.05,5,0.01,"","mirage_joint","trait1","pp08_fdp",0.8,0
20260895,83,500,15,3000,3000,3000,3000,"fast","control_informative",0.05,5,0.01,"","mirage_joint","trait1","pp08_discoveries",0.8,4
20260895,83,500,15,3000,3000,3000,3000,"fast","control_informative",0.05,5,0.01,"","mirage_joint","trait2","pp08_power",0.8,0.4
20260895,83,500,15,3000,3000,3000,3000,"fast","control_informative",0.05,5,0.01,"","mirage_joint","trait2","pp08_fdp",0.8,0.428571428571429
20260895,83,500,15,3000,3000,3000,3000,"fast","control_informative",0.05,5,0.01,"","mirage_joint","trait2","pp08_discoveries",0.8,7
20260895,83,500,15,3000,3000,3000,3000,"fast","control_informative",0.05,5,0.01,"","mirage_joint","pleiotropy","pp08_power",0.8,0.2
20260895,83,500,15,3000,3000,3000,3000,"fast","control_informative",0.05,5,0.01,"","mirage_joint","pleiotropy","pp08_fdp",0.8,0.666666666666667
20260895,83,500,15,3000,3000,3000,3000,"fast","control_informative",0.05,5,0.01,"","mirage_joint","pleiotropy","pp08_discoveries",0.8,3
20260895,83,500,15,3000,3000,3000,3000,"fast","control_informative",0.05,5,0.01,"","mirage_joint","trait1","bfdr_observed_fdp",0.01,0
20260895,83,500,15,3000,3000,3000,3000,"fast","control_informative",0.05,5,0.01,"","mirage_joint","trait1","bfdr_estimate",0.01,0
20260895,83,500,15,3000,3000,3000,3000,"fast","control_informative",0.05,5,0.01,"","mirage_joint","trait1","bfdr_power",0.01,0
20260895,83,500,15,3000,3000,3000,3000,"fast","control_informative",0.05,5,0.01,"","mirage_joint","trait1","bfdr_discoveries",0.01,0
20260895,83,500,15,3000,3000,3000,3000,"fast","control_informative",0.05,5,0.01,"","mirage_joint","trait1","bfdr_observed_fdp",0.05,0
20260895,83,500,15,3000,3000,3000,3000,"fast","control_informative",0.05,5,0.01,"","mirage_joint","trait1","bfdr_estimate",0.05,0.0436001845055218
20260895,83,500,15,3000,3000,3000,3000,"fast","control_informative",0.05,5,0.01,"","mirage_joint","trait1","bfdr_power",0.05,0.16
20260895,83,500,15,3000,3000,3000,3000,"fast","control_informative",0.05,5,0.01,"","mirage_joint","trait1","bfdr_discoveries",0.05,4
20260895,83,500,15,3000,3000,3000,3000,"fast","control_informative",0.05,5,0.01,"","mirage_joint","trait1","bfdr_observed_fdp",0.1,0
20260895,83,500,15,3000,3000,3000,3000,"fast","control_informative",0.05,5,0.01,"","mirage_joint","trait1","bfdr_estimate",0.1,0.0436001845055218
20260895,83,500,15,3000,3000,3000,3000,"fast","control_informative",0.05,5,0.01,"","mirage_joint","trait1","bfdr_power",0.1,0.16
20260895,83,500,15,3000,3000,3000,3000,"fast","control_informative",0.05,5,0.01,"","mirage_joint","trait1","bfdr_discoveries",0.1,4
20260895,83,500,15,3000,3000,3000,3000,"fast","control_informative",0.05,5,0.01,"","mirage_joint","trait1","bfdr_observed_fdp",0.2,0.285714285714286
20260895,83,500,15,3000,3000,3000,3000,"fast","control_informative",0.05,5,0.01,"","mirage_joint","trait1","bfdr_estimate",0.2,0.19163121972491
20260895,83,500,15,3000,3000,3000,3000,"fast","control_informative",0.05,5,0.01,"","mirage_joint","trait1","bfdr_power",0.2,0.2
20260895,83,500,15,3000,3000,3000,3000,"fast","control_informative",0.05,5,0.01,"","mirage_joint","trait1","bfdr_discoveries",0.2,7
20260895,83,500,15,3000,3000,3000,3000,"fast","control_informative",0.05,5,0.01,"","mirage_joint","trait2","bfdr_observed_fdp",0.01,0
20260895,83,500,15,3000,3000,3000,3000,"fast","control_informative",0.05,5,0.01,"","mirage_joint","trait2","bfdr_estimate",0.01,1.50716138547965e-05
20260895,83,500,15,3000,3000,3000,3000,"fast","control_informative",0.05,5,0.01,"","mirage_joint","trait2","bfdr_power",0.01,0.3
20260895,83,500,15,3000,3000,3000,3000,"fast","control_informative",0.05,5,0.01,"","mirage_joint","trait2","bfdr_discoveries",0.01,3
20260895,83,500,15,3000,3000,3000,3000,"fast","control_informative",0.05,5,0.01,"","mirage_joint","trait2","bfdr_observed_fdp",0.05,0.4
20260895,83,500,15,3000,3000,3000,3000,"fast","control_informative",0.05,5,0.01,"","mirage_joint","trait2","bfdr_estimate",0.05,0.043863025360261
20260895,83,500,15,3000,3000,3000,3000,"fast","control_informative",0.05,5,0.01,"","mirage_joint","trait2","bfdr_power",0.05,0.3
20260895,83,500,15,3000,3000,3000,3000,"fast","control_informative",0.05,5,0.01,"","mirage_joint","trait2","bfdr_discoveries",0.05,5
20260895,83,500,15,3000,3000,3000,3000,"fast","control_informative",0.05,5,0.01,"","mirage_joint","trait2","bfdr_observed_fdp",0.1,0.5
20260895,83,500,15,3000,3000,3000,3000,"fast","control_informative",0.05,5,0.01,"","mirage_joint","trait2","bfdr_estimate",0.1,0.09570675218144
20260895,83,500,15,3000,3000,3000,3000,"fast","control_informative",0.05,5,0.01,"","mirage_joint","trait2","bfdr_power",0.1,0.4
20260895,83,500,15,3000,3000,3000,3000,"fast","control_informative",0.05,5,0.01,"","mirage_joint","trait2","bfdr_discoveries",0.1,8
20260895,83,500,15,3000,3000,3000,3000,"fast","control_informative",0.05,5,0.01,"","mirage_joint","trait2","bfdr_observed_fdp",0.2,0.666666666666667
20260895,83,500,15,3000,3000,3000,3000,"fast","control_informative",0.05,5,0.01,"","mirage_joint","trait2","bfdr_estimate",0.2,0.190737660522615
20260895,83,500,15,3000,3000,3000,3000,"fast","control_informative",0.05,5,0.01,"","mirage_joint","trait2","bfdr_power",0.2,0.4
20260895,83,500,15,3000,3000,3000,3000,"fast","control_informative",0.05,5,0.01,"","mirage_joint","trait2","bfdr_discoveries",0.2,12
20260895,83,500,15,3000,3000,3000,3000,"fast","control_informative",0.05,5,0.01,"","mirage_joint","pleiotropy","bfdr_observed_fdp",0.01,0
20260895,83,500,15,3000,3000,3000,3000,"fast","control_informative",0.05,5,0.01,"","mirage_joint","pleiotropy","bfdr_estimate",0.01,0
20260895,83,500,15,3000,3000,3000,3000,"fast","control_informative",0.05,5,0.01,"","mirage_joint","pleiotropy","bfdr_power",0.01,0
20260895,83,500,15,3000,3000,3000,3000,"fast","control_informative",0.05,5,0.01,"","mirage_joint","pleiotropy","bfdr_discoveries",0.01,0
20260895,83,500,15,3000,3000,3000,3000,"fast","control_informative",0.05,5,0.01,"","mirage_joint","pleiotropy","bfdr_observed_fdp",0.05,0
20260895,83,500,15,3000,3000,3000,3000,"fast","control_informative",0.05,5,0.01,"","mirage_joint","pleiotropy","bfdr_estimate",0.05,0.0249973809543352
20260895,83,500,15,3000,3000,3000,3000,"fast","control_informative",0.05,5,0.01,"","mirage_joint","pleiotropy","bfdr_power",0.05,0.2
20260895,83,500,15,3000,3000,3000,3000,"fast","control_informative",0.05,5,0.01,"","mirage_joint","pleiotropy","bfdr_discoveries",0.05,1
20260895,83,500,15,3000,3000,3000,3000,"fast","control_informative",0.05,5,0.01,"","mirage_joint","pleiotropy","bfdr_observed_fdp",0.1,0.5
20260895,83,500,15,3000,3000,3000,3000,"fast","control_informative",0.05,5,0.01,"","mirage_joint","pleiotropy","bfdr_estimate",0.1,0.0775347059913471
20260895,83,500,15,3000,3000,3000,3000,"fast","control_informative",0.05,5,0.01,"","mirage_joint","pleiotropy","bfdr_power",0.1,0.2
20260895,83,500,15,3000,3000,3000,3000,"fast","control_informative",0.05,5,0.01,"","mirage_joint","pleiotropy","bfdr_discoveries",0.1,2
20260895,83,500,15,3000,3000,3000,3000,"fast","control_informative",0.05,5,0.01,"","mirage_joint","pleiotropy","bfdr_observed_fdp",0.2,0.6
20260895,83,500,15,3000,3000,3000,3000,"fast","control_informative",0.05,5,0.01,"","mirage_joint","pleiotropy","bfdr_estimate",0.2,0.182197782824253
20260895,83,500,15,3000,3000,3000,3000,"fast","control_informative",0.05,5,0.01,"","mirage_joint","pleiotropy","bfdr_power",0.2,0.4
20260895,83,500,15,3000,3000,3000,3000,"fast","control_informative",0.05,5,0.01,"","mirage_joint","pleiotropy","bfdr_discoveries",0.2,5
20260895,83,500,15,3000,3000,3000,3000,"fast","control_informative",0.05,5,0.01,"","mirage_joint","global","runtime_seconds",NA,19.069
20260895,83,500,15,3000,3000,3000,3000,"fast","control_informative",0.05,5,0.01,"","mirage_joint","pleiotropy","pi11_estimate",NA,0.0925689429409045
20260895,83,500,15,3000,3000,3000,3000,"fast","control_informative",0.05,5,0.01,"","separate_mirage","trait1","auc",NA,0.677136842105263
20260895,83,500,15,3000,3000,3000,3000,"fast","control_informative",0.05,5,0.01,"","separate_mirage","trait2","auc",NA,0.708571428571429
20260895,83,500,15,3000,3000,3000,3000,"fast","control_informative",0.05,5,0.01,"","separate_mirage","pleiotropy","auc",NA,0.845252525252525
20260895,83,500,15,3000,3000,3000,3000,"fast","control_informative",0.05,5,0.01,"","separate_mirage","trait1","pp08_power",0.8,0.12
20260895,83,500,15,3000,3000,3000,3000,"fast","control_informative",0.05,5,0.01,"","separate_mirage","trait1","pp08_fdp",0.8,0
20260895,83,500,15,3000,3000,3000,3000,"fast","control_informative",0.05,5,0.01,"","separate_mirage","trait1","pp08_discoveries",0.8,3
20260895,83,500,15,3000,3000,3000,3000,"fast","control_informative",0.05,5,0.01,"","separate_mirage","trait2","pp08_power",0.8,0.4
20260895,83,500,15,3000,3000,3000,3000,"fast","control_informative",0.05,5,0.01,"","separate_mirage","trait2","pp08_fdp",0.8,0
20260895,83,500,15,3000,3000,3000,3000,"fast","control_informative",0.05,5,0.01,"","separate_mirage","trait2","pp08_discoveries",0.8,4
20260895,83,500,15,3000,3000,3000,3000,"fast","control_informative",0.05,5,0.01,"","separate_mirage","pleiotropy","pp08_power",0.8,0
20260895,83,500,15,3000,3000,3000,3000,"fast","control_informative",0.05,5,0.01,"","separate_mirage","pleiotropy","pp08_fdp",0.8,0
20260895,83,500,15,3000,3000,3000,3000,"fast","control_informative",0.05,5,0.01,"","separate_mirage","pleiotropy","pp08_discoveries",0.8,0
20260895,83,500,15,3000,3000,3000,3000,"fast","control_informative",0.05,5,0.01,"","separate_mirage","trait1","bfdr_observed_fdp",0.01,0
20260895,83,500,15,3000,3000,3000,3000,"fast","control_informative",0.05,5,0.01,"","separate_mirage","trait1","bfdr_estimate",0.01,0
20260895,83,500,15,3000,3000,3000,3000,"fast","control_informative",0.05,5,0.01,"","separate_mirage","trait1","bfdr_power",0.01,0
20260895,83,500,15,3000,3000,3000,3000,"fast","control_informative",0.05,5,0.01,"","separate_mirage","trait1","bfdr_discoveries",0.01,0
20260895,83,500,15,3000,3000,3000,3000,"fast","control_informative",0.05,5,0.01,"","separate_mirage","trait1","bfdr_observed_fdp",0.05,0
20260895,83,500,15,3000,3000,3000,3000,"fast","control_informative",0.05,5,0.01,"","separate_mirage","trait1","bfdr_estimate",0.05,0.0391266047155223
20260895,83,500,15,3000,3000,3000,3000,"fast","control_informative",0.05,5,0.01,"","separate_mirage","trait1","bfdr_power",0.05,0.08
20260895,83,500,15,3000,3000,3000,3000,"fast","control_informative",0.05,5,0.01,"","separate_mirage","trait1","bfdr_discoveries",0.05,2
20260895,83,500,15,3000,3000,3000,3000,"fast","control_informative",0.05,5,0.01,"","separate_mirage","trait1","bfdr_observed_fdp",0.1,0
20260895,83,500,15,3000,3000,3000,3000,"fast","control_informative",0.05,5,0.01,"","separate_mirage","trait1","bfdr_estimate",0.1,0.0569033070444409
20260895,83,500,15,3000,3000,3000,3000,"fast","control_informative",0.05,5,0.01,"","separate_mirage","trait1","bfdr_power",0.1,0.12
20260895,83,500,15,3000,3000,3000,3000,"fast","control_informative",0.05,5,0.01,"","separate_mirage","trait1","bfdr_discoveries",0.1,3
20260895,83,500,15,3000,3000,3000,3000,"fast","control_informative",0.05,5,0.01,"","separate_mirage","trait1","bfdr_observed_fdp",0.2,0
20260895,83,500,15,3000,3000,3000,3000,"fast","control_informative",0.05,5,0.01,"","separate_mirage","trait1","bfdr_estimate",0.2,0.138721640042439
20260895,83,500,15,3000,3000,3000,3000,"fast","control_informative",0.05,5,0.01,"","separate_mirage","trait1","bfdr_power",0.2,0.16
20260895,83,500,15,3000,3000,3000,3000,"fast","control_informative",0.05,5,0.01,"","separate_mirage","trait1","bfdr_discoveries",0.2,4
20260895,83,500,15,3000,3000,3000,3000,"fast","control_informative",0.05,5,0.01,"","separate_mirage","trait2","bfdr_observed_fdp",0.01,0
20260895,83,500,15,3000,3000,3000,3000,"fast","control_informative",0.05,5,0.01,"","separate_mirage","trait2","bfdr_estimate",0.01,0.000142165554022688
20260895,83,500,15,3000,3000,3000,3000,"fast","control_informative",0.05,5,0.01,"","separate_mirage","trait2","bfdr_power",0.01,0.3
20260895,83,500,15,3000,3000,3000,3000,"fast","control_informative",0.05,5,0.01,"","separate_mirage","trait2","bfdr_discoveries",0.01,3
20260895,83,500,15,3000,3000,3000,3000,"fast","control_informative",0.05,5,0.01,"","separate_mirage","trait2","bfdr_observed_fdp",0.05,0
20260895,83,500,15,3000,3000,3000,3000,"fast","control_informative",0.05,5,0.01,"","separate_mirage","trait2","bfdr_estimate",0.05,0.026638746556317
20260895,83,500,15,3000,3000,3000,3000,"fast","control_informative",0.05,5,0.01,"","separate_mirage","trait2","bfdr_power",0.05,0.4
20260895,83,500,15,3000,3000,3000,3000,"fast","control_informative",0.05,5,0.01,"","separate_mirage","trait2","bfdr_discoveries",0.05,4
20260895,83,500,15,3000,3000,3000,3000,"fast","control_informative",0.05,5,0.01,"","separate_mirage","trait2","bfdr_observed_fdp",0.1,0.2
20260895,83,500,15,3000,3000,3000,3000,"fast","control_informative",0.05,5,0.01,"","separate_mirage","trait2","bfdr_estimate",0.1,0.0869862794836158
20260895,83,500,15,3000,3000,3000,3000,"fast","control_informative",0.05,5,0.01,"","separate_mirage","trait2","bfdr_power",0.1,0.4
20260895,83,500,15,3000,3000,3000,3000,"fast","control_informative",0.05,5,0.01,"","separate_mirage","trait2","bfdr_discoveries",0.1,5
20260895,83,500,15,3000,3000,3000,3000,"fast","control_informative",0.05,5,0.01,"","separate_mirage","trait2","bfdr_observed_fdp",0.2,0.333333333333333
20260895,83,500,15,3000,3000,3000,3000,"fast","control_informative",0.05,5,0.01,"","separate_mirage","trait2","bfdr_estimate",0.2,0.127944480863053
20260895,83,500,15,3000,3000,3000,3000,"fast","control_informative",0.05,5,0.01,"","separate_mirage","trait2","bfdr_power",0.2,0.4
20260895,83,500,15,3000,3000,3000,3000,"fast","control_informative",0.05,5,0.01,"","separate_mirage","trait2","bfdr_discoveries",0.2,6
20260895,83,500,15,3000,3000,3000,3000,"fast","control_informative",0.05,5,0.01,"","separate_mirage","pleiotropy","bfdr_observed_fdp",0.01,0
20260895,83,500,15,3000,3000,3000,3000,"fast","control_informative",0.05,5,0.01,"","separate_mirage","pleiotropy","bfdr_estimate",0.01,0
20260895,83,500,15,3000,3000,3000,3000,"fast","control_informative",0.05,5,0.01,"","separate_mirage","pleiotropy","bfdr_power",0.01,0
20260895,83,500,15,3000,3000,3000,3000,"fast","control_informative",0.05,5,0.01,"","separate_mirage","pleiotropy","bfdr_discoveries",0.01,0
20260895,83,500,15,3000,3000,3000,3000,"fast","control_informative",0.05,5,0.01,"","separate_mirage","pleiotropy","bfdr_observed_fdp",0.05,0
20260895,83,500,15,3000,3000,3000,3000,"fast","control_informative",0.05,5,0.01,"","separate_mirage","pleiotropy","bfdr_estimate",0.05,0
20260895,83,500,15,3000,3000,3000,3000,"fast","control_informative",0.05,5,0.01,"","separate_mirage","pleiotropy","bfdr_power",0.05,0
20260895,83,500,15,3000,3000,3000,3000,"fast","control_informative",0.05,5,0.01,"","separate_mirage","pleiotropy","bfdr_discoveries",0.05,0
20260895,83,500,15,3000,3000,3000,3000,"fast","control_informative",0.05,5,0.01,"","separate_mirage","pleiotropy","bfdr_observed_fdp",0.1,0
20260895,83,500,15,3000,3000,3000,3000,"fast","control_informative",0.05,5,0.01,"","separate_mirage","pleiotropy","bfdr_estimate",0.1,0
20260895,83,500,15,3000,3000,3000,3000,"fast","control_informative",0.05,5,0.01,"","separate_mirage","pleiotropy","bfdr_power",0.1,0
20260895,83,500,15,3000,3000,3000,3000,"fast","control_informative",0.05,5,0.01,"","separate_mirage","pleiotropy","bfdr_discoveries",0.1,0
20260895,83,500,15,3000,3000,3000,3000,"fast","control_informative",0.05,5,0.01,"","separate_mirage","pleiotropy","bfdr_observed_fdp",0.2,0
20260895,83,500,15,3000,3000,3000,3000,"fast","control_informative",0.05,5,0.01,"","separate_mirage","pleiotropy","bfdr_estimate",0.2,0
20260895,83,500,15,3000,3000,3000,3000,"fast","control_informative",0.05,5,0.01,"","separate_mirage","pleiotropy","bfdr_power",0.2,0
20260895,83,500,15,3000,3000,3000,3000,"fast","control_informative",0.05,5,0.01,"","separate_mirage","pleiotropy","bfdr_discoveries",0.2,0
20260895,83,500,15,3000,3000,3000,3000,"fast","control_informative",0.05,5,0.01,"","separate_mirage","global","runtime_seconds",NA,18.6489999999999
20260895,83,500,15,3000,3000,3000,3000,"fast","control_informative",0.05,5,0.01,"","separate_mirage","pleiotropy","pi11_estimate",NA,0.001
20260895,83,500,15,3000,3000,3000,3000,"fast","control_informative",0.05,5,0.01,"","mtada_aggregated","trait1","auc",NA,0.679157894736842
20260895,83,500,15,3000,3000,3000,3000,"fast","control_informative",0.05,5,0.01,"","mtada_aggregated","trait2","auc",NA,0.726734693877551
20260895,83,500,15,3000,3000,3000,3000,"fast","control_informative",0.05,5,0.01,"","mtada_aggregated","pleiotropy","auc",NA,0.726060606060606
20260895,83,500,15,3000,3000,3000,3000,"fast","control_informative",0.05,5,0.01,"","mtada_aggregated","trait1","pp08_power",0.8,0.24
20260895,83,500,15,3000,3000,3000,3000,"fast","control_informative",0.05,5,0.01,"","mtada_aggregated","trait1","pp08_fdp",0.8,0.892857142857143
20260895,83,500,15,3000,3000,3000,3000,"fast","control_informative",0.05,5,0.01,"","mtada_aggregated","trait1","pp08_discoveries",0.8,56
20260895,83,500,15,3000,3000,3000,3000,"fast","control_informative",0.05,5,0.01,"","mtada_aggregated","trait2","pp08_power",0.8,0.4
20260895,83,500,15,3000,3000,3000,3000,"fast","control_informative",0.05,5,0.01,"","mtada_aggregated","trait2","pp08_fdp",0.8,0.91304347826087
20260895,83,500,15,3000,3000,3000,3000,"fast","control_informative",0.05,5,0.01,"","mtada_aggregated","trait2","pp08_discoveries",0.8,46
20260895,83,500,15,3000,3000,3000,3000,"fast","control_informative",0.05,5,0.01,"","mtada_aggregated","pleiotropy","pp08_power",0.8,0
20260895,83,500,15,3000,3000,3000,3000,"fast","control_informative",0.05,5,0.01,"","mtada_aggregated","pleiotropy","pp08_fdp",0.8,1
20260895,83,500,15,3000,3000,3000,3000,"fast","control_informative",0.05,5,0.01,"","mtada_aggregated","pleiotropy","pp08_discoveries",0.8,7
20260895,83,500,15,3000,3000,3000,3000,"fast","control_informative",0.05,5,0.01,"","mtada_aggregated","trait1","bfdr_observed_fdp",0.01,0.886792452830189
20260895,83,500,15,3000,3000,3000,3000,"fast","control_informative",0.05,5,0.01,"","mtada_aggregated","trait1","bfdr_estimate",0.01,0.00925168411265695
20260895,83,500,15,3000,3000,3000,3000,"fast","control_informative",0.05,5,0.01,"","mtada_aggregated","trait1","bfdr_power",0.01,0.24
20260895,83,500,15,3000,3000,3000,3000,"fast","control_informative",0.05,5,0.01,"","mtada_aggregated","trait1","bfdr_discoveries",0.01,53
20260895,83,500,15,3000,3000,3000,3000,"fast","control_informative",0.05,5,0.01,"","mtada_aggregated","trait1","bfdr_observed_fdp",0.05,0.854838709677419
20260895,83,500,15,3000,3000,3000,3000,"fast","control_informative",0.05,5,0.01,"","mtada_aggregated","trait1","bfdr_estimate",0.05,0.0494478599008152
20260895,83,500,15,3000,3000,3000,3000,"fast","control_informative",0.05,5,0.01,"","mtada_aggregated","trait1","bfdr_power",0.05,0.36
20260895,83,500,15,3000,3000,3000,3000,"fast","control_informative",0.05,5,0.01,"","mtada_aggregated","trait1","bfdr_discoveries",0.05,62
20260895,83,500,15,3000,3000,3000,3000,"fast","control_informative",0.05,5,0.01,"","mtada_aggregated","trait1","bfdr_observed_fdp",0.1,0.850746268656716
20260895,83,500,15,3000,3000,3000,3000,"fast","control_informative",0.05,5,0.01,"","mtada_aggregated","trait1","bfdr_estimate",0.1,0.0938667293934819
20260895,83,500,15,3000,3000,3000,3000,"fast","control_informative",0.05,5,0.01,"","mtada_aggregated","trait1","bfdr_power",0.1,0.4
20260895,83,500,15,3000,3000,3000,3000,"fast","control_informative",0.05,5,0.01,"","mtada_aggregated","trait1","bfdr_discoveries",0.1,67
20260895,83,500,15,3000,3000,3000,3000,"fast","control_informative",0.05,5,0.01,"","mtada_aggregated","trait1","bfdr_observed_fdp",0.2,0.873417721518987
20260895,83,500,15,3000,3000,3000,3000,"fast","control_informative",0.05,5,0.01,"","mtada_aggregated","trait1","bfdr_estimate",0.2,0.198399434189393
20260895,83,500,15,3000,3000,3000,3000,"fast","control_informative",0.05,5,0.01,"","mtada_aggregated","trait1","bfdr_power",0.2,0.4
20260895,83,500,15,3000,3000,3000,3000,"fast","control_informative",0.05,5,0.01,"","mtada_aggregated","trait1","bfdr_discoveries",0.2,79
20260895,83,500,15,3000,3000,3000,3000,"fast","control_informative",0.05,5,0.01,"","mtada_aggregated","trait2","bfdr_observed_fdp",0.01,0.9
20260895,83,500,15,3000,3000,3000,3000,"fast","control_informative",0.05,5,0.01,"","mtada_aggregated","trait2","bfdr_estimate",0.01,0.00869104382029035
20260895,83,500,15,3000,3000,3000,3000,"fast","control_informative",0.05,5,0.01,"","mtada_aggregated","trait2","bfdr_power",0.01,0.4
20260895,83,500,15,3000,3000,3000,3000,"fast","control_informative",0.05,5,0.01,"","mtada_aggregated","trait2","bfdr_discoveries",0.01,40
20260895,83,500,15,3000,3000,3000,3000,"fast","control_informative",0.05,5,0.01,"","mtada_aggregated","trait2","bfdr_observed_fdp",0.05,0.918367346938776
20260895,83,500,15,3000,3000,3000,3000,"fast","control_informative",0.05,5,0.01,"","mtada_aggregated","trait2","bfdr_estimate",0.05,0.0482249561254163
20260895,83,500,15,3000,3000,3000,3000,"fast","control_informative",0.05,5,0.01,"","mtada_aggregated","trait2","bfdr_power",0.05,0.4
20260895,83,500,15,3000,3000,3000,3000,"fast","control_informative",0.05,5,0.01,"","mtada_aggregated","trait2","bfdr_discoveries",0.05,49
20260895,83,500,15,3000,3000,3000,3000,"fast","control_informative",0.05,5,0.01,"","mtada_aggregated","trait2","bfdr_observed_fdp",0.1,0.925925925925926
20260895,83,500,15,3000,3000,3000,3000,"fast","control_informative",0.05,5,0.01,"","mtada_aggregated","trait2","bfdr_estimate",0.1,0.0991289244279451
20260895,83,500,15,3000,3000,3000,3000,"fast","control_informative",0.05,5,0.01,"","mtada_aggregated","trait2","bfdr_power",0.1,0.4
20260895,83,500,15,3000,3000,3000,3000,"fast","control_informative",0.05,5,0.01,"","mtada_aggregated","trait2","bfdr_discoveries",0.1,54
20260895,83,500,15,3000,3000,3000,3000,"fast","control_informative",0.05,5,0.01,"","mtada_aggregated","trait2","bfdr_observed_fdp",0.2,0.936507936507937
20260895,83,500,15,3000,3000,3000,3000,"fast","control_informative",0.05,5,0.01,"","mtada_aggregated","trait2","bfdr_estimate",0.2,0.195987002358556
20260895,83,500,15,3000,3000,3000,3000,"fast","control_informative",0.05,5,0.01,"","mtada_aggregated","trait2","bfdr_power",0.2,0.4
20260895,83,500,15,3000,3000,3000,3000,"fast","control_informative",0.05,5,0.01,"","mtada_aggregated","trait2","bfdr_discoveries",0.2,63
20260895,83,500,15,3000,3000,3000,3000,"fast","control_informative",0.05,5,0.01,"","mtada_aggregated","pleiotropy","bfdr_observed_fdp",0.01,1
20260895,83,500,15,3000,3000,3000,3000,"fast","control_informative",0.05,5,0.01,"","mtada_aggregated","pleiotropy","bfdr_estimate",0.01,0.0047184483204777
20260895,83,500,15,3000,3000,3000,3000,"fast","control_informative",0.05,5,0.01,"","mtada_aggregated","pleiotropy","bfdr_power",0.01,0
20260895,83,500,15,3000,3000,3000,3000,"fast","control_informative",0.05,5,0.01,"","mtada_aggregated","pleiotropy","bfdr_discoveries",0.01,5
20260895,83,500,15,3000,3000,3000,3000,"fast","control_informative",0.05,5,0.01,"","mtada_aggregated","pleiotropy","bfdr_observed_fdp",0.05,1
20260895,83,500,15,3000,3000,3000,3000,"fast","control_informative",0.05,5,0.01,"","mtada_aggregated","pleiotropy","bfdr_estimate",0.05,0.0375458866241635
20260895,83,500,15,3000,3000,3000,3000,"fast","control_informative",0.05,5,0.01,"","mtada_aggregated","pleiotropy","bfdr_power",0.05,0
20260895,83,500,15,3000,3000,3000,3000,"fast","control_informative",0.05,5,0.01,"","mtada_aggregated","pleiotropy","bfdr_discoveries",0.05,7
20260895,83,500,15,3000,3000,3000,3000,"fast","control_informative",0.05,5,0.01,"","mtada_aggregated","pleiotropy","bfdr_observed_fdp",0.1,0.888888888888889
20260895,83,500,15,3000,3000,3000,3000,"fast","control_informative",0.05,5,0.01,"","mtada_aggregated","pleiotropy","bfdr_estimate",0.1,0.0866820357584505
20260895,83,500,15,3000,3000,3000,3000,"fast","control_informative",0.05,5,0.01,"","mtada_aggregated","pleiotropy","bfdr_power",0.1,0.2
20260895,83,500,15,3000,3000,3000,3000,"fast","control_informative",0.05,5,0.01,"","mtada_aggregated","pleiotropy","bfdr_discoveries",0.1,9
20260895,83,500,15,3000,3000,3000,3000,"fast","control_informative",0.05,5,0.01,"","mtada_aggregated","pleiotropy","bfdr_observed_fdp",0.2,0.909090909090909
20260895,83,500,15,3000,3000,3000,3000,"fast","control_informative",0.05,5,0.01,"","mtada_aggregated","pleiotropy","bfdr_estimate",0.2,0.177209680323794
20260895,83,500,15,3000,3000,3000,3000,"fast","control_informative",0.05,5,0.01,"","mtada_aggregated","pleiotropy","bfdr_power",0.2,0.2
20260895,83,500,15,3000,3000,3000,3000,"fast","control_informative",0.05,5,0.01,"","mtada_aggregated","pleiotropy","bfdr_discoveries",0.2,11
20260895,83,500,15,3000,3000,3000,3000,"fast","control_informative",0.05,5,0.01,"","mtada_aggregated","global","runtime_seconds",NA,0.704000000000178
20260895,83,500,15,3000,3000,3000,3000,"fast","control_informative",0.05,5,0.01,"","mtada_aggregated","pleiotropy","pi11_estimate",NA,0.00205284
20260896,84,500,15,3000,3000,3000,3000,"fast","control_informative",0.05,5,0.01,"","mirage_joint","trait1","auc",NA,0.708294736842105
20260896,84,500,15,3000,3000,3000,3000,"fast","control_informative",0.05,5,0.01,"","mirage_joint","trait2","auc",NA,0.708571428571429
20260896,84,500,15,3000,3000,3000,3000,"fast","control_informative",0.05,5,0.01,"","mirage_joint","pleiotropy","auc",NA,0.775353535353535
20260896,84,500,15,3000,3000,3000,3000,"fast","control_informative",0.05,5,0.01,"","mirage_joint","trait1","pp08_power",0.8,0.08
20260896,84,500,15,3000,3000,3000,3000,"fast","control_informative",0.05,5,0.01,"","mirage_joint","trait1","pp08_fdp",0.8,0
20260896,84,500,15,3000,3000,3000,3000,"fast","control_informative",0.05,5,0.01,"","mirage_joint","trait1","pp08_discoveries",0.8,2
20260896,84,500,15,3000,3000,3000,3000,"fast","control_informative",0.05,5,0.01,"","mirage_joint","trait2","pp08_power",0.8,0.1
20260896,84,500,15,3000,3000,3000,3000,"fast","control_informative",0.05,5,0.01,"","mirage_joint","trait2","pp08_fdp",0.8,0.5
20260896,84,500,15,3000,3000,3000,3000,"fast","control_informative",0.05,5,0.01,"","mirage_joint","trait2","pp08_discoveries",0.8,2
20260896,84,500,15,3000,3000,3000,3000,"fast","control_informative",0.05,5,0.01,"","mirage_joint","pleiotropy","pp08_power",0.8,0.2
20260896,84,500,15,3000,3000,3000,3000,"fast","control_informative",0.05,5,0.01,"","mirage_joint","pleiotropy","pp08_fdp",0.8,0.5
20260896,84,500,15,3000,3000,3000,3000,"fast","control_informative",0.05,5,0.01,"","mirage_joint","pleiotropy","pp08_discoveries",0.8,2
20260896,84,500,15,3000,3000,3000,3000,"fast","control_informative",0.05,5,0.01,"","mirage_joint","trait1","bfdr_observed_fdp",0.01,0
20260896,84,500,15,3000,3000,3000,3000,"fast","control_informative",0.05,5,0.01,"","mirage_joint","trait1","bfdr_estimate",0.01,0.00156353044573498
20260896,84,500,15,3000,3000,3000,3000,"fast","control_informative",0.05,5,0.01,"","mirage_joint","trait1","bfdr_power",0.01,0.04
20260896,84,500,15,3000,3000,3000,3000,"fast","control_informative",0.05,5,0.01,"","mirage_joint","trait1","bfdr_discoveries",0.01,1
20260896,84,500,15,3000,3000,3000,3000,"fast","control_informative",0.05,5,0.01,"","mirage_joint","trait1","bfdr_observed_fdp",0.05,0
20260896,84,500,15,3000,3000,3000,3000,"fast","control_informative",0.05,5,0.01,"","mirage_joint","trait1","bfdr_estimate",0.05,0.0415163352417666
20260896,84,500,15,3000,3000,3000,3000,"fast","control_informative",0.05,5,0.01,"","mirage_joint","trait1","bfdr_power",0.05,0.08
20260896,84,500,15,3000,3000,3000,3000,"fast","control_informative",0.05,5,0.01,"","mirage_joint","trait1","bfdr_discoveries",0.05,2
20260896,84,500,15,3000,3000,3000,3000,"fast","control_informative",0.05,5,0.01,"","mirage_joint","trait1","bfdr_observed_fdp",0.1,0
20260896,84,500,15,3000,3000,3000,3000,"fast","control_informative",0.05,5,0.01,"","mirage_joint","trait1","bfdr_estimate",0.1,0.0415163352417666
20260896,84,500,15,3000,3000,3000,3000,"fast","control_informative",0.05,5,0.01,"","mirage_joint","trait1","bfdr_power",0.1,0.08
20260896,84,500,15,3000,3000,3000,3000,"fast","control_informative",0.05,5,0.01,"","mirage_joint","trait1","bfdr_discoveries",0.1,2
20260896,84,500,15,3000,3000,3000,3000,"fast","control_informative",0.05,5,0.01,"","mirage_joint","trait1","bfdr_observed_fdp",0.2,0
20260896,84,500,15,3000,3000,3000,3000,"fast","control_informative",0.05,5,0.01,"","mirage_joint","trait1","bfdr_estimate",0.2,0.0415163352417666
20260896,84,500,15,3000,3000,3000,3000,"fast","control_informative",0.05,5,0.01,"","mirage_joint","trait1","bfdr_power",0.2,0.08
20260896,84,500,15,3000,3000,3000,3000,"fast","control_informative",0.05,5,0.01,"","mirage_joint","trait1","bfdr_discoveries",0.2,2
20260896,84,500,15,3000,3000,3000,3000,"fast","control_informative",0.05,5,0.01,"","mirage_joint","trait2","bfdr_observed_fdp",0.01,0.5
20260896,84,500,15,3000,3000,3000,3000,"fast","control_informative",0.05,5,0.01,"","mirage_joint","trait2","bfdr_estimate",0.01,0.00379390226257087
20260896,84,500,15,3000,3000,3000,3000,"fast","control_informative",0.05,5,0.01,"","mirage_joint","trait2","bfdr_power",0.01,0.1
20260896,84,500,15,3000,3000,3000,3000,"fast","control_informative",0.05,5,0.01,"","mirage_joint","trait2","bfdr_discoveries",0.01,2
20260896,84,500,15,3000,3000,3000,3000,"fast","control_informative",0.05,5,0.01,"","mirage_joint","trait2","bfdr_observed_fdp",0.05,0.5
20260896,84,500,15,3000,3000,3000,3000,"fast","control_informative",0.05,5,0.01,"","mirage_joint","trait2","bfdr_estimate",0.05,0.00379390226257087
20260896,84,500,15,3000,3000,3000,3000,"fast","control_informative",0.05,5,0.01,"","mirage_joint","trait2","bfdr_power",0.05,0.1
20260896,84,500,15,3000,3000,3000,3000,"fast","control_informative",0.05,5,0.01,"","mirage_joint","trait2","bfdr_discoveries",0.05,2
20260896,84,500,15,3000,3000,3000,3000,"fast","control_informative",0.05,5,0.01,"","mirage_joint","trait2","bfdr_observed_fdp",0.1,0.5
20260896,84,500,15,3000,3000,3000,3000,"fast","control_informative",0.05,5,0.01,"","mirage_joint","trait2","bfdr_estimate",0.1,0.00379390226257087
20260896,84,500,15,3000,3000,3000,3000,"fast","control_informative",0.05,5,0.01,"","mirage_joint","trait2","bfdr_power",0.1,0.1
20260896,84,500,15,3000,3000,3000,3000,"fast","control_informative",0.05,5,0.01,"","mirage_joint","trait2","bfdr_discoveries",0.1,2
20260896,84,500,15,3000,3000,3000,3000,"fast","control_informative",0.05,5,0.01,"","mirage_joint","trait2","bfdr_observed_fdp",0.2,0.75
20260896,84,500,15,3000,3000,3000,3000,"fast","control_informative",0.05,5,0.01,"","mirage_joint","trait2","bfdr_estimate",0.2,0.195725402825815
20260896,84,500,15,3000,3000,3000,3000,"fast","control_informative",0.05,5,0.01,"","mirage_joint","trait2","bfdr_power",0.2,0.1
20260896,84,500,15,3000,3000,3000,3000,"fast","control_informative",0.05,5,0.01,"","mirage_joint","trait2","bfdr_discoveries",0.2,4
20260896,84,500,15,3000,3000,3000,3000,"fast","control_informative",0.05,5,0.01,"","mirage_joint","pleiotropy","bfdr_observed_fdp",0.01,1
20260896,84,500,15,3000,3000,3000,3000,"fast","control_informative",0.05,5,0.01,"","mirage_joint","pleiotropy","bfdr_estimate",0.01,0.00666030412326946
20260896,84,500,15,3000,3000,3000,3000,"fast","control_informative",0.05,5,0.01,"","mirage_joint","pleiotropy","bfdr_power",0.01,0
20260896,84,500,15,3000,3000,3000,3000,"fast","control_informative",0.05,5,0.01,"","mirage_joint","pleiotropy","bfdr_discoveries",0.01,1
20260896,84,500,15,3000,3000,3000,3000,"fast","control_informative",0.05,5,0.01,"","mirage_joint","pleiotropy","bfdr_observed_fdp",0.05,0.5
20260896,84,500,15,3000,3000,3000,3000,"fast","control_informative",0.05,5,0.01,"","mirage_joint","pleiotropy","bfdr_estimate",0.05,0.044065713302294
20260896,84,500,15,3000,3000,3000,3000,"fast","control_informative",0.05,5,0.01,"","mirage_joint","pleiotropy","bfdr_power",0.05,0.2
20260896,84,500,15,3000,3000,3000,3000,"fast","control_informative",0.05,5,0.01,"","mirage_joint","pleiotropy","bfdr_discoveries",0.05,2
20260896,84,500,15,3000,3000,3000,3000,"fast","control_informative",0.05,5,0.01,"","mirage_joint","pleiotropy","bfdr_observed_fdp",0.1,0.5
20260896,84,500,15,3000,3000,3000,3000,"fast","control_informative",0.05,5,0.01,"","mirage_joint","pleiotropy","bfdr_estimate",0.1,0.044065713302294
20260896,84,500,15,3000,3000,3000,3000,"fast","control_informative",0.05,5,0.01,"","mirage_joint","pleiotropy","bfdr_power",0.1,0.2
20260896,84,500,15,3000,3000,3000,3000,"fast","control_informative",0.05,5,0.01,"","mirage_joint","pleiotropy","bfdr_discoveries",0.1,2
20260896,84,500,15,3000,3000,3000,3000,"fast","control_informative",0.05,5,0.01,"","mirage_joint","pleiotropy","bfdr_observed_fdp",0.2,0.5
20260896,84,500,15,3000,3000,3000,3000,"fast","control_informative",0.05,5,0.01,"","mirage_joint","pleiotropy","bfdr_estimate",0.2,0.044065713302294
20260896,84,500,15,3000,3000,3000,3000,"fast","control_informative",0.05,5,0.01,"","mirage_joint","pleiotropy","bfdr_power",0.2,0.2
20260896,84,500,15,3000,3000,3000,3000,"fast","control_informative",0.05,5,0.01,"","mirage_joint","pleiotropy","bfdr_discoveries",0.2,2
20260896,84,500,15,3000,3000,3000,3000,"fast","control_informative",0.05,5,0.01,"","mirage_joint","global","runtime_seconds",NA,19.0660000000003
20260896,84,500,15,3000,3000,3000,3000,"fast","control_informative",0.05,5,0.01,"","mirage_joint","pleiotropy","pi11_estimate",NA,0.0219648410325127
20260896,84,500,15,3000,3000,3000,3000,"fast","control_informative",0.05,5,0.01,"","separate_mirage","trait1","auc",NA,0.679915789473684
20260896,84,500,15,3000,3000,3000,3000,"fast","control_informative",0.05,5,0.01,"","separate_mirage","trait2","auc",NA,0.635918367346939
20260896,84,500,15,3000,3000,3000,3000,"fast","control_informative",0.05,5,0.01,"","separate_mirage","pleiotropy","auc",NA,0.750707070707071
20260896,84,500,15,3000,3000,3000,3000,"fast","control_informative",0.05,5,0.01,"","separate_mirage","trait1","pp08_power",0.8,0.04
20260896,84,500,15,3000,3000,3000,3000,"fast","control_informative",0.05,5,0.01,"","separate_mirage","trait1","pp08_fdp",0.8,0
20260896,84,500,15,3000,3000,3000,3000,"fast","control_informative",0.05,5,0.01,"","separate_mirage","trait1","pp08_discoveries",0.8,1
20260896,84,500,15,3000,3000,3000,3000,"fast","control_informative",0.05,5,0.01,"","separate_mirage","trait2","pp08_power",0.8,0.1
20260896,84,500,15,3000,3000,3000,3000,"fast","control_informative",0.05,5,0.01,"","separate_mirage","trait2","pp08_fdp",0.8,0
20260896,84,500,15,3000,3000,3000,3000,"fast","control_informative",0.05,5,0.01,"","separate_mirage","trait2","pp08_discoveries",0.8,1
20260896,84,500,15,3000,3000,3000,3000,"fast","control_informative",0.05,5,0.01,"","separate_mirage","pleiotropy","pp08_power",0.8,0
20260896,84,500,15,3000,3000,3000,3000,"fast","control_informative",0.05,5,0.01,"","separate_mirage","pleiotropy","pp08_fdp",0.8,0
20260896,84,500,15,3000,3000,3000,3000,"fast","control_informative",0.05,5,0.01,"","separate_mirage","pleiotropy","pp08_discoveries",0.8,0
20260896,84,500,15,3000,3000,3000,3000,"fast","control_informative",0.05,5,0.01,"","separate_mirage","trait1","bfdr_observed_fdp",0.01,0
20260896,84,500,15,3000,3000,3000,3000,"fast","control_informative",0.05,5,0.01,"","separate_mirage","trait1","bfdr_estimate",0.01,0.00147341119832756
20260896,84,500,15,3000,3000,3000,3000,"fast","control_informative",0.05,5,0.01,"","separate_mirage","trait1","bfdr_power",0.01,0.04
20260896,84,500,15,3000,3000,3000,3000,"fast","control_informative",0.05,5,0.01,"","separate_mirage","trait1","bfdr_discoveries",0.01,1
20260896,84,500,15,3000,3000,3000,3000,"fast","control_informative",0.05,5,0.01,"","separate_mirage","trait1","bfdr_observed_fdp",0.05,0
20260896,84,500,15,3000,3000,3000,3000,"fast","control_informative",0.05,5,0.01,"","separate_mirage","trait1","bfdr_estimate",0.05,0.00147341119832756
20260896,84,500,15,3000,3000,3000,3000,"fast","control_informative",0.05,5,0.01,"","separate_mirage","trait1","bfdr_power",0.05,0.04
20260896,84,500,15,3000,3000,3000,3000,"fast","control_informative",0.05,5,0.01,"","separate_mirage","trait1","bfdr_discoveries",0.05,1
20260896,84,500,15,3000,3000,3000,3000,"fast","control_informative",0.05,5,0.01,"","separate_mirage","trait1","bfdr_observed_fdp",0.1,0
20260896,84,500,15,3000,3000,3000,3000,"fast","control_informative",0.05,5,0.01,"","separate_mirage","trait1","bfdr_estimate",0.1,0.00147341119832756
20260896,84,500,15,3000,3000,3000,3000,"fast","control_informative",0.05,5,0.01,"","separate_mirage","trait1","bfdr_power",0.1,0.04
20260896,84,500,15,3000,3000,3000,3000,"fast","control_informative",0.05,5,0.01,"","separate_mirage","trait1","bfdr_discoveries",0.1,1
20260896,84,500,15,3000,3000,3000,3000,"fast","control_informative",0.05,5,0.01,"","separate_mirage","trait1","bfdr_observed_fdp",0.2,0
20260896,84,500,15,3000,3000,3000,3000,"fast","control_informative",0.05,5,0.01,"","separate_mirage","trait1","bfdr_estimate",0.2,0.00147341119832756
20260896,84,500,15,3000,3000,3000,3000,"fast","control_informative",0.05,5,0.01,"","separate_mirage","trait1","bfdr_power",0.2,0.04
20260896,84,500,15,3000,3000,3000,3000,"fast","control_informative",0.05,5,0.01,"","separate_mirage","trait1","bfdr_discoveries",0.2,1
20260896,84,500,15,3000,3000,3000,3000,"fast","control_informative",0.05,5,0.01,"","separate_mirage","trait2","bfdr_observed_fdp",0.01,0
20260896,84,500,15,3000,3000,3000,3000,"fast","control_informative",0.05,5,0.01,"","separate_mirage","trait2","bfdr_estimate",0.01,0
20260896,84,500,15,3000,3000,3000,3000,"fast","control_informative",0.05,5,0.01,"","separate_mirage","trait2","bfdr_power",0.01,0
20260896,84,500,15,3000,3000,3000,3000,"fast","control_informative",0.05,5,0.01,"","separate_mirage","trait2","bfdr_discoveries",0.01,0
20260896,84,500,15,3000,3000,3000,3000,"fast","control_informative",0.05,5,0.01,"","separate_mirage","trait2","bfdr_observed_fdp",0.05,0
20260896,84,500,15,3000,3000,3000,3000,"fast","control_informative",0.05,5,0.01,"","separate_mirage","trait2","bfdr_estimate",0.05,0.0133110909610163
20260896,84,500,15,3000,3000,3000,3000,"fast","control_informative",0.05,5,0.01,"","separate_mirage","trait2","bfdr_power",0.05,0.1
20260896,84,500,15,3000,3000,3000,3000,"fast","control_informative",0.05,5,0.01,"","separate_mirage","trait2","bfdr_discoveries",0.05,1
20260896,84,500,15,3000,3000,3000,3000,"fast","control_informative",0.05,5,0.01,"","separate_mirage","trait2","bfdr_observed_fdp",0.1,0
20260896,84,500,15,3000,3000,3000,3000,"fast","control_informative",0.05,5,0.01,"","separate_mirage","trait2","bfdr_estimate",0.1,0.0133110909610163
20260896,84,500,15,3000,3000,3000,3000,"fast","control_informative",0.05,5,0.01,"","separate_mirage","trait2","bfdr_power",0.1,0.1
20260896,84,500,15,3000,3000,3000,3000,"fast","control_informative",0.05,5,0.01,"","separate_mirage","trait2","bfdr_discoveries",0.1,1
20260896,84,500,15,3000,3000,3000,3000,"fast","control_informative",0.05,5,0.01,"","separate_mirage","trait2","bfdr_observed_fdp",0.2,0
20260896,84,500,15,3000,3000,3000,3000,"fast","control_informative",0.05,5,0.01,"","separate_mirage","trait2","bfdr_estimate",0.2,0.0133110909610163
20260896,84,500,15,3000,3000,3000,3000,"fast","control_informative",0.05,5,0.01,"","separate_mirage","trait2","bfdr_power",0.2,0.1
20260896,84,500,15,3000,3000,3000,3000,"fast","control_informative",0.05,5,0.01,"","separate_mirage","trait2","bfdr_discoveries",0.2,1
20260896,84,500,15,3000,3000,3000,3000,"fast","control_informative",0.05,5,0.01,"","separate_mirage","pleiotropy","bfdr_observed_fdp",0.01,0
20260896,84,500,15,3000,3000,3000,3000,"fast","control_informative",0.05,5,0.01,"","separate_mirage","pleiotropy","bfdr_estimate",0.01,0
20260896,84,500,15,3000,3000,3000,3000,"fast","control_informative",0.05,5,0.01,"","separate_mirage","pleiotropy","bfdr_power",0.01,0
20260896,84,500,15,3000,3000,3000,3000,"fast","control_informative",0.05,5,0.01,"","separate_mirage","pleiotropy","bfdr_discoveries",0.01,0
20260896,84,500,15,3000,3000,3000,3000,"fast","control_informative",0.05,5,0.01,"","separate_mirage","pleiotropy","bfdr_observed_fdp",0.05,0
20260896,84,500,15,3000,3000,3000,3000,"fast","control_informative",0.05,5,0.01,"","separate_mirage","pleiotropy","bfdr_estimate",0.05,0
20260896,84,500,15,3000,3000,3000,3000,"fast","control_informative",0.05,5,0.01,"","separate_mirage","pleiotropy","bfdr_power",0.05,0
20260896,84,500,15,3000,3000,3000,3000,"fast","control_informative",0.05,5,0.01,"","separate_mirage","pleiotropy","bfdr_discoveries",0.05,0
20260896,84,500,15,3000,3000,3000,3000,"fast","control_informative",0.05,5,0.01,"","separate_mirage","pleiotropy","bfdr_observed_fdp",0.1,0
20260896,84,500,15,3000,3000,3000,3000,"fast","control_informative",0.05,5,0.01,"","separate_mirage","pleiotropy","bfdr_estimate",0.1,0
20260896,84,500,15,3000,3000,3000,3000,"fast","control_informative",0.05,5,0.01,"","separate_mirage","pleiotropy","bfdr_power",0.1,0
20260896,84,500,15,3000,3000,3000,3000,"fast","control_informative",0.05,5,0.01,"","separate_mirage","pleiotropy","bfdr_discoveries",0.1,0
20260896,84,500,15,3000,3000,3000,3000,"fast","control_informative",0.05,5,0.01,"","separate_mirage","pleiotropy","bfdr_observed_fdp",0.2,0
20260896,84,500,15,3000,3000,3000,3000,"fast","control_informative",0.05,5,0.01,"","separate_mirage","pleiotropy","bfdr_estimate",0.2,0
20260896,84,500,15,3000,3000,3000,3000,"fast","control_informative",0.05,5,0.01,"","separate_mirage","pleiotropy","bfdr_power",0.2,0
20260896,84,500,15,3000,3000,3000,3000,"fast","control_informative",0.05,5,0.01,"","separate_mirage","pleiotropy","bfdr_discoveries",0.2,0
20260896,84,500,15,3000,3000,3000,3000,"fast","control_informative",0.05,5,0.01,"","separate_mirage","global","runtime_seconds",NA,18.6109999999999
20260896,84,500,15,3000,3000,3000,3000,"fast","control_informative",0.05,5,0.01,"","separate_mirage","pleiotropy","pi11_estimate",NA,0.001
20260896,84,500,15,3000,3000,3000,3000,"fast","control_informative",0.05,5,0.01,"","mtada_aggregated","trait1","auc",NA,0.685052631578947
20260896,84,500,15,3000,3000,3000,3000,"fast","control_informative",0.05,5,0.01,"","mtada_aggregated","trait2","auc",NA,0.650204081632653
20260896,84,500,15,3000,3000,3000,3000,"fast","control_informative",0.05,5,0.01,"","mtada_aggregated","pleiotropy","auc",NA,0.618181818181818
20260896,84,500,15,3000,3000,3000,3000,"fast","control_informative",0.05,5,0.01,"","mtada_aggregated","trait1","pp08_power",0.8,0.12
20260896,84,500,15,3000,3000,3000,3000,"fast","control_informative",0.05,5,0.01,"","mtada_aggregated","trait1","pp08_fdp",0.8,0.933333333333333
20260896,84,500,15,3000,3000,3000,3000,"fast","control_informative",0.05,5,0.01,"","mtada_aggregated","trait1","pp08_discoveries",0.8,45
20260896,84,500,15,3000,3000,3000,3000,"fast","control_informative",0.05,5,0.01,"","mtada_aggregated","trait2","pp08_power",0.8,0.2
20260896,84,500,15,3000,3000,3000,3000,"fast","control_informative",0.05,5,0.01,"","mtada_aggregated","trait2","pp08_fdp",0.8,0.956521739130435
20260896,84,500,15,3000,3000,3000,3000,"fast","control_informative",0.05,5,0.01,"","mtada_aggregated","trait2","pp08_discoveries",0.8,46
20260896,84,500,15,3000,3000,3000,3000,"fast","control_informative",0.05,5,0.01,"","mtada_aggregated","pleiotropy","pp08_power",0.8,0.2
20260896,84,500,15,3000,3000,3000,3000,"fast","control_informative",0.05,5,0.01,"","mtada_aggregated","pleiotropy","pp08_fdp",0.8,0.75
20260896,84,500,15,3000,3000,3000,3000,"fast","control_informative",0.05,5,0.01,"","mtada_aggregated","pleiotropy","pp08_discoveries",0.8,4
20260896,84,500,15,3000,3000,3000,3000,"fast","control_informative",0.05,5,0.01,"","mtada_aggregated","trait1","bfdr_observed_fdp",0.01,0.925
20260896,84,500,15,3000,3000,3000,3000,"fast","control_informative",0.05,5,0.01,"","mtada_aggregated","trait1","bfdr_estimate",0.01,0.00941077479977888
20260896,84,500,15,3000,3000,3000,3000,"fast","control_informative",0.05,5,0.01,"","mtada_aggregated","trait1","bfdr_power",0.01,0.12
20260896,84,500,15,3000,3000,3000,3000,"fast","control_informative",0.05,5,0.01,"","mtada_aggregated","trait1","bfdr_discoveries",0.01,40
20260896,84,500,15,3000,3000,3000,3000,"fast","control_informative",0.05,5,0.01,"","mtada_aggregated","trait1","bfdr_observed_fdp",0.05,0.94
20260896,84,500,15,3000,3000,3000,3000,"fast","control_informative",0.05,5,0.01,"","mtada_aggregated","trait1","bfdr_estimate",0.05,0.0454590433394438
20260896,84,500,15,3000,3000,3000,3000,"fast","control_informative",0.05,5,0.01,"","mtada_aggregated","trait1","bfdr_power",0.05,0.12
20260896,84,500,15,3000,3000,3000,3000,"fast","control_informative",0.05,5,0.01,"","mtada_aggregated","trait1","bfdr_discoveries",0.05,50
20260896,84,500,15,3000,3000,3000,3000,"fast","control_informative",0.05,5,0.01,"","mtada_aggregated","trait1","bfdr_observed_fdp",0.1,0.946428571428571
20260896,84,500,15,3000,3000,3000,3000,"fast","control_informative",0.05,5,0.01,"","mtada_aggregated","trait1","bfdr_estimate",0.1,0.0909206116461856
20260896,84,500,15,3000,3000,3000,3000,"fast","control_informative",0.05,5,0.01,"","mtada_aggregated","trait1","bfdr_power",0.1,0.12
20260896,84,500,15,3000,3000,3000,3000,"fast","control_informative",0.05,5,0.01,"","mtada_aggregated","trait1","bfdr_discoveries",0.1,56
20260896,84,500,15,3000,3000,3000,3000,"fast","control_informative",0.05,5,0.01,"","mtada_aggregated","trait1","bfdr_observed_fdp",0.2,0.924242424242424
20260896,84,500,15,3000,3000,3000,3000,"fast","control_informative",0.05,5,0.01,"","mtada_aggregated","trait1","bfdr_estimate",0.2,0.193202352984448
20260896,84,500,15,3000,3000,3000,3000,"fast","control_informative",0.05,5,0.01,"","mtada_aggregated","trait1","bfdr_power",0.2,0.2
20260896,84,500,15,3000,3000,3000,3000,"fast","control_informative",0.05,5,0.01,"","mtada_aggregated","trait1","bfdr_discoveries",0.2,66
20260896,84,500,15,3000,3000,3000,3000,"fast","control_informative",0.05,5,0.01,"","mtada_aggregated","trait2","bfdr_observed_fdp",0.01,0.954545454545455
20260896,84,500,15,3000,3000,3000,3000,"fast","control_informative",0.05,5,0.01,"","mtada_aggregated","trait2","bfdr_estimate",0.01,0.00896650706478577
20260896,84,500,15,3000,3000,3000,3000,"fast","control_informative",0.05,5,0.01,"","mtada_aggregated","trait2","bfdr_power",0.01,0.2
20260896,84,500,15,3000,3000,3000,3000,"fast","control_informative",0.05,5,0.01,"","mtada_aggregated","trait2","bfdr_discoveries",0.01,44
20260896,84,500,15,3000,3000,3000,3000,"fast","control_informative",0.05,5,0.01,"","mtada_aggregated","trait2","bfdr_observed_fdp",0.05,0.961538461538462
20260896,84,500,15,3000,3000,3000,3000,"fast","control_informative",0.05,5,0.01,"","mtada_aggregated","trait2","bfdr_estimate",0.05,0.0461783368140394
20260896,84,500,15,3000,3000,3000,3000,"fast","control_informative",0.05,5,0.01,"","mtada_aggregated","trait2","bfdr_power",0.05,0.2
20260896,84,500,15,3000,3000,3000,3000,"fast","control_informative",0.05,5,0.01,"","mtada_aggregated","trait2","bfdr_discoveries",0.05,52
20260896,84,500,15,3000,3000,3000,3000,"fast","control_informative",0.05,5,0.01,"","mtada_aggregated","trait2","bfdr_observed_fdp",0.1,0.949152542372881
20260896,84,500,15,3000,3000,3000,3000,"fast","control_informative",0.05,5,0.01,"","mtada_aggregated","trait2","bfdr_estimate",0.1,0.0962098126554371
20260896,84,500,15,3000,3000,3000,3000,"fast","control_informative",0.05,5,0.01,"","mtada_aggregated","trait2","bfdr_power",0.1,0.3
20260896,84,500,15,3000,3000,3000,3000,"fast","control_informative",0.05,5,0.01,"","mtada_aggregated","trait2","bfdr_discoveries",0.1,59
20260896,84,500,15,3000,3000,3000,3000,"fast","control_informative",0.05,5,0.01,"","mtada_aggregated","trait2","bfdr_observed_fdp",0.2,0.957142857142857
20260896,84,500,15,3000,3000,3000,3000,"fast","control_informative",0.05,5,0.01,"","mtada_aggregated","trait2","bfdr_estimate",0.2,0.197181431707717
20260896,84,500,15,3000,3000,3000,3000,"fast","control_informative",0.05,5,0.01,"","mtada_aggregated","trait2","bfdr_power",0.2,0.3
20260896,84,500,15,3000,3000,3000,3000,"fast","control_informative",0.05,5,0.01,"","mtada_aggregated","trait2","bfdr_discoveries",0.2,70
20260896,84,500,15,3000,3000,3000,3000,"fast","control_informative",0.05,5,0.01,"","mtada_aggregated","pleiotropy","bfdr_observed_fdp",0.01,0.5
20260896,84,500,15,3000,3000,3000,3000,"fast","control_informative",0.05,5,0.01,"","mtada_aggregated","pleiotropy","bfdr_estimate",0.01,4.49172743385295e-05
20260896,84,500,15,3000,3000,3000,3000,"fast","control_informative",0.05,5,0.01,"","mtada_aggregated","pleiotropy","bfdr_power",0.01,0.2
20260896,84,500,15,3000,3000,3000,3000,"fast","control_informative",0.05,5,0.01,"","mtada_aggregated","pleiotropy","bfdr_discoveries",0.01,2
20260896,84,500,15,3000,3000,3000,3000,"fast","control_informative",0.05,5,0.01,"","mtada_aggregated","pleiotropy","bfdr_observed_fdp",0.05,0.75
20260896,84,500,15,3000,3000,3000,3000,"fast","control_informative",0.05,5,0.01,"","mtada_aggregated","pleiotropy","bfdr_estimate",0.05,0.0359333870798143
20260896,84,500,15,3000,3000,3000,3000,"fast","control_informative",0.05,5,0.01,"","mtada_aggregated","pleiotropy","bfdr_power",0.05,0.2
20260896,84,500,15,3000,3000,3000,3000,"fast","control_informative",0.05,5,0.01,"","mtada_aggregated","pleiotropy","bfdr_discoveries",0.05,4
20260896,84,500,15,3000,3000,3000,3000,"fast","control_informative",0.05,5,0.01,"","mtada_aggregated","pleiotropy","bfdr_observed_fdp",0.1,0.8
20260896,84,500,15,3000,3000,3000,3000,"fast","control_informative",0.05,5,0.01,"","mtada_aggregated","pleiotropy","bfdr_estimate",0.1,0.0901342562883679
20260896,84,500,15,3000,3000,3000,3000,"fast","control_informative",0.05,5,0.01,"","mtada_aggregated","pleiotropy","bfdr_power",0.1,0.2
20260896,84,500,15,3000,3000,3000,3000,"fast","control_informative",0.05,5,0.01,"","mtada_aggregated","pleiotropy","bfdr_discoveries",0.1,5
20260896,84,500,15,3000,3000,3000,3000,"fast","control_informative",0.05,5,0.01,"","mtada_aggregated","pleiotropy","bfdr_observed_fdp",0.2,0.857142857142857
20260896,84,500,15,3000,3000,3000,3000,"fast","control_informative",0.05,5,0.01,"","mtada_aggregated","pleiotropy","bfdr_estimate",0.2,0.179607673260174
20260896,84,500,15,3000,3000,3000,3000,"fast","control_informative",0.05,5,0.01,"","mtada_aggregated","pleiotropy","bfdr_power",0.2,0.2
20260896,84,500,15,3000,3000,3000,3000,"fast","control_informative",0.05,5,0.01,"","mtada_aggregated","pleiotropy","bfdr_discoveries",0.2,7
20260896,84,500,15,3000,3000,3000,3000,"fast","control_informative",0.05,5,0.01,"","mtada_aggregated","global","runtime_seconds",NA,0.838000000000193
20260896,84,500,15,3000,3000,3000,3000,"fast","control_informative",0.05,5,0.01,"","mtada_aggregated","pleiotropy","pi11_estimate",NA,0.00204154
20260897,85,500,15,3000,3000,3000,3000,"fast","control_informative",0.05,5,0.01,"","mirage_joint","trait1","auc",NA,0.7248
20260897,85,500,15,3000,3000,3000,3000,"fast","control_informative",0.05,5,0.01,"","mirage_joint","trait2","auc",NA,0.65265306122449
20260897,85,500,15,3000,3000,3000,3000,"fast","control_informative",0.05,5,0.01,"","mirage_joint","pleiotropy","auc",NA,0.697777777777778
20260897,85,500,15,3000,3000,3000,3000,"fast","control_informative",0.05,5,0.01,"","mirage_joint","trait1","pp08_power",0.8,0.16
20260897,85,500,15,3000,3000,3000,3000,"fast","control_informative",0.05,5,0.01,"","mirage_joint","trait1","pp08_fdp",0.8,0.2
20260897,85,500,15,3000,3000,3000,3000,"fast","control_informative",0.05,5,0.01,"","mirage_joint","trait1","pp08_discoveries",0.8,5
20260897,85,500,15,3000,3000,3000,3000,"fast","control_informative",0.05,5,0.01,"","mirage_joint","trait2","pp08_power",0.8,0.3
20260897,85,500,15,3000,3000,3000,3000,"fast","control_informative",0.05,5,0.01,"","mirage_joint","trait2","pp08_fdp",0.8,0.4
20260897,85,500,15,3000,3000,3000,3000,"fast","control_informative",0.05,5,0.01,"","mirage_joint","trait2","pp08_discoveries",0.8,5
20260897,85,500,15,3000,3000,3000,3000,"fast","control_informative",0.05,5,0.01,"","mirage_joint","pleiotropy","pp08_power",0.8,0.4
20260897,85,500,15,3000,3000,3000,3000,"fast","control_informative",0.05,5,0.01,"","mirage_joint","pleiotropy","pp08_fdp",0.8,0.6
20260897,85,500,15,3000,3000,3000,3000,"fast","control_informative",0.05,5,0.01,"","mirage_joint","pleiotropy","pp08_discoveries",0.8,5
20260897,85,500,15,3000,3000,3000,3000,"fast","control_informative",0.05,5,0.01,"","mirage_joint","trait1","bfdr_observed_fdp",0.01,0.2
20260897,85,500,15,3000,3000,3000,3000,"fast","control_informative",0.05,5,0.01,"","mirage_joint","trait1","bfdr_estimate",0.01,0.00255199519554368
20260897,85,500,15,3000,3000,3000,3000,"fast","control_informative",0.05,5,0.01,"","mirage_joint","trait1","bfdr_power",0.01,0.16
20260897,85,500,15,3000,3000,3000,3000,"fast","control_informative",0.05,5,0.01,"","mirage_joint","trait1","bfdr_discoveries",0.01,5
20260897,85,500,15,3000,3000,3000,3000,"fast","control_informative",0.05,5,0.01,"","mirage_joint","trait1","bfdr_observed_fdp",0.05,0.166666666666667
20260897,85,500,15,3000,3000,3000,3000,"fast","control_informative",0.05,5,0.01,"","mirage_joint","trait1","bfdr_estimate",0.05,0.0444915900642329
20260897,85,500,15,3000,3000,3000,3000,"fast","control_informative",0.05,5,0.01,"","mirage_joint","trait1","bfdr_power",0.05,0.2
20260897,85,500,15,3000,3000,3000,3000,"fast","control_informative",0.05,5,0.01,"","mirage_joint","trait1","bfdr_discoveries",0.05,6
20260897,85,500,15,3000,3000,3000,3000,"fast","control_informative",0.05,5,0.01,"","mirage_joint","trait1","bfdr_observed_fdp",0.1,0.142857142857143
20260897,85,500,15,3000,3000,3000,3000,"fast","control_informative",0.05,5,0.01,"","mirage_joint","trait1","bfdr_estimate",0.1,0.0770976127098904
20260897,85,500,15,3000,3000,3000,3000,"fast","control_informative",0.05,5,0.01,"","mirage_joint","trait1","bfdr_power",0.1,0.24
20260897,85,500,15,3000,3000,3000,3000,"fast","control_informative",0.05,5,0.01,"","mirage_joint","trait1","bfdr_discoveries",0.1,7
20260897,85,500,15,3000,3000,3000,3000,"fast","control_informative",0.05,5,0.01,"","mirage_joint","trait1","bfdr_observed_fdp",0.2,0.111111111111111
20260897,85,500,15,3000,3000,3000,3000,"fast","control_informative",0.05,5,0.01,"","mirage_joint","trait1","bfdr_estimate",0.2,0.162974416437324
20260897,85,500,15,3000,3000,3000,3000,"fast","control_informative",0.05,5,0.01,"","mirage_joint","trait1","bfdr_power",0.2,0.32
20260897,85,500,15,3000,3000,3000,3000,"fast","control_informative",0.05,5,0.01,"","mirage_joint","trait1","bfdr_discoveries",0.2,9
20260897,85,500,15,3000,3000,3000,3000,"fast","control_informative",0.05,5,0.01,"","mirage_joint","trait2","bfdr_observed_fdp",0.01,0
20260897,85,500,15,3000,3000,3000,3000,"fast","control_informative",0.05,5,0.01,"","mirage_joint","trait2","bfdr_estimate",0.01,0.00244136424046063
20260897,85,500,15,3000,3000,3000,3000,"fast","control_informative",0.05,5,0.01,"","mirage_joint","trait2","bfdr_power",0.01,0.3
20260897,85,500,15,3000,3000,3000,3000,"fast","control_informative",0.05,5,0.01,"","mirage_joint","trait2","bfdr_discoveries",0.01,3
20260897,85,500,15,3000,3000,3000,3000,"fast","control_informative",0.05,5,0.01,"","mirage_joint","trait2","bfdr_observed_fdp",0.05,0.4
20260897,85,500,15,3000,3000,3000,3000,"fast","control_informative",0.05,5,0.01,"","mirage_joint","trait2","bfdr_estimate",0.05,0.0241285146260622
20260897,85,500,15,3000,3000,3000,3000,"fast","control_informative",0.05,5,0.01,"","mirage_joint","trait2","bfdr_power",0.05,0.3
20260897,85,500,15,3000,3000,3000,3000,"fast","control_informative",0.05,5,0.01,"","mirage_joint","trait2","bfdr_discoveries",0.05,5
20260897,85,500,15,3000,3000,3000,3000,"fast","control_informative",0.05,5,0.01,"","mirage_joint","trait2","bfdr_observed_fdp",0.1,0.5
20260897,85,500,15,3000,3000,3000,3000,"fast","control_informative",0.05,5,0.01,"","mirage_joint","trait2","bfdr_estimate",0.1,0.067394446506785
20260897,85,500,15,3000,3000,3000,3000,"fast","control_informative",0.05,5,0.01,"","mirage_joint","trait2","bfdr_power",0.1,0.3
20260897,85,500,15,3000,3000,3000,3000,"fast","control_informative",0.05,5,0.01,"","mirage_joint","trait2","bfdr_discoveries",0.1,6
20260897,85,500,15,3000,3000,3000,3000,"fast","control_informative",0.05,5,0.01,"","mirage_joint","trait2","bfdr_observed_fdp",0.2,0.666666666666667
20260897,85,500,15,3000,3000,3000,3000,"fast","control_informative",0.05,5,0.01,"","mirage_joint","trait2","bfdr_estimate",0.2,0.187866642454053
20260897,85,500,15,3000,3000,3000,3000,"fast","control_informative",0.05,5,0.01,"","mirage_joint","trait2","bfdr_power",0.2,0.3
20260897,85,500,15,3000,3000,3000,3000,"fast","control_informative",0.05,5,0.01,"","mirage_joint","trait2","bfdr_discoveries",0.2,9
20260897,85,500,15,3000,3000,3000,3000,"fast","control_informative",0.05,5,0.01,"","mirage_joint","pleiotropy","bfdr_observed_fdp",0.01,0.333333333333333
20260897,85,500,15,3000,3000,3000,3000,"fast","control_informative",0.05,5,0.01,"","mirage_joint","pleiotropy","bfdr_estimate",0.01,0.0065601428873789
20260897,85,500,15,3000,3000,3000,3000,"fast","control_informative",0.05,5,0.01,"","mirage_joint","pleiotropy","bfdr_power",0.01,0.4
20260897,85,500,15,3000,3000,3000,3000,"fast","control_informative",0.05,5,0.01,"","mirage_joint","pleiotropy","bfdr_discoveries",0.01,3
20260897,85,500,15,3000,3000,3000,3000,"fast","control_informative",0.05,5,0.01,"","mirage_joint","pleiotropy","bfdr_observed_fdp",0.05,0.6
20260897,85,500,15,3000,3000,3000,3000,"fast","control_informative",0.05,5,0.01,"","mirage_joint","pleiotropy","bfdr_estimate",0.05,0.0265998058462982
20260897,85,500,15,3000,3000,3000,3000,"fast","control_informative",0.05,5,0.01,"","mirage_joint","pleiotropy","bfdr_power",0.05,0.4
20260897,85,500,15,3000,3000,3000,3000,"fast","control_informative",0.05,5,0.01,"","mirage_joint","pleiotropy","bfdr_discoveries",0.05,5
20260897,85,500,15,3000,3000,3000,3000,"fast","control_informative",0.05,5,0.01,"","mirage_joint","pleiotropy","bfdr_observed_fdp",0.1,0.666666666666667
20260897,85,500,15,3000,3000,3000,3000,"fast","control_informative",0.05,5,0.01,"","mirage_joint","pleiotropy","bfdr_estimate",0.1,0.0696576560985471
20260897,85,500,15,3000,3000,3000,3000,"fast","control_informative",0.05,5,0.01,"","mirage_joint","pleiotropy","bfdr_power",0.1,0.4
20260897,85,500,15,3000,3000,3000,3000,"fast","control_informative",0.05,5,0.01,"","mirage_joint","pleiotropy","bfdr_discoveries",0.1,6
20260897,85,500,15,3000,3000,3000,3000,"fast","control_informative",0.05,5,0.01,"","mirage_joint","pleiotropy","bfdr_observed_fdp",0.2,0.777777777777778
20260897,85,500,15,3000,3000,3000,3000,"fast","control_informative",0.05,5,0.01,"","mirage_joint","pleiotropy","bfdr_estimate",0.2,0.189546895176741
20260897,85,500,15,3000,3000,3000,3000,"fast","control_informative",0.05,5,0.01,"","mirage_joint","pleiotropy","bfdr_power",0.2,0.4
20260897,85,500,15,3000,3000,3000,3000,"fast","control_informative",0.05,5,0.01,"","mirage_joint","pleiotropy","bfdr_discoveries",0.2,9
20260897,85,500,15,3000,3000,3000,3000,"fast","control_informative",0.05,5,0.01,"","mirage_joint","global","runtime_seconds",NA,19.1040000000003
20260897,85,500,15,3000,3000,3000,3000,"fast","control_informative",0.05,5,0.01,"","mirage_joint","pleiotropy","pi11_estimate",NA,0.0894467944708385
20260897,85,500,15,3000,3000,3000,3000,"fast","control_informative",0.05,5,0.01,"","separate_mirage","trait1","auc",NA,0.743494736842105
20260897,85,500,15,3000,3000,3000,3000,"fast","control_informative",0.05,5,0.01,"","separate_mirage","trait2","auc",NA,0.633673469387755
20260897,85,500,15,3000,3000,3000,3000,"fast","control_informative",0.05,5,0.01,"","separate_mirage","pleiotropy","auc",NA,0.675151515151515
20260897,85,500,15,3000,3000,3000,3000,"fast","control_informative",0.05,5,0.01,"","separate_mirage","trait1","pp08_power",0.8,0.12
20260897,85,500,15,3000,3000,3000,3000,"fast","control_informative",0.05,5,0.01,"","separate_mirage","trait1","pp08_fdp",0.8,0
20260897,85,500,15,3000,3000,3000,3000,"fast","control_informative",0.05,5,0.01,"","separate_mirage","trait1","pp08_discoveries",0.8,3
20260897,85,500,15,3000,3000,3000,3000,"fast","control_informative",0.05,5,0.01,"","separate_mirage","trait2","pp08_power",0.8,0.2
20260897,85,500,15,3000,3000,3000,3000,"fast","control_informative",0.05,5,0.01,"","separate_mirage","trait2","pp08_fdp",0.8,0
20260897,85,500,15,3000,3000,3000,3000,"fast","control_informative",0.05,5,0.01,"","separate_mirage","trait2","pp08_discoveries",0.8,2
20260897,85,500,15,3000,3000,3000,3000,"fast","control_informative",0.05,5,0.01,"","separate_mirage","pleiotropy","pp08_power",0.8,0
20260897,85,500,15,3000,3000,3000,3000,"fast","control_informative",0.05,5,0.01,"","separate_mirage","pleiotropy","pp08_fdp",0.8,0
20260897,85,500,15,3000,3000,3000,3000,"fast","control_informative",0.05,5,0.01,"","separate_mirage","pleiotropy","pp08_discoveries",0.8,0
20260897,85,500,15,3000,3000,3000,3000,"fast","control_informative",0.05,5,0.01,"","separate_mirage","trait1","bfdr_observed_fdp",0.01,0
20260897,85,500,15,3000,3000,3000,3000,"fast","control_informative",0.05,5,0.01,"","separate_mirage","trait1","bfdr_estimate",0.01,0.000940032775214631
20260897,85,500,15,3000,3000,3000,3000,"fast","control_informative",0.05,5,0.01,"","separate_mirage","trait1","bfdr_power",0.01,0.12
20260897,85,500,15,3000,3000,3000,3000,"fast","control_informative",0.05,5,0.01,"","separate_mirage","trait1","bfdr_discoveries",0.01,3
20260897,85,500,15,3000,3000,3000,3000,"fast","control_informative",0.05,5,0.01,"","separate_mirage","trait1","bfdr_observed_fdp",0.05,0
20260897,85,500,15,3000,3000,3000,3000,"fast","control_informative",0.05,5,0.01,"","separate_mirage","trait1","bfdr_estimate",0.05,0.000940032775214631
20260897,85,500,15,3000,3000,3000,3000,"fast","control_informative",0.05,5,0.01,"","separate_mirage","trait1","bfdr_power",0.05,0.12
20260897,85,500,15,3000,3000,3000,3000,"fast","control_informative",0.05,5,0.01,"","separate_mirage","trait1","bfdr_discoveries",0.05,3
20260897,85,500,15,3000,3000,3000,3000,"fast","control_informative",0.05,5,0.01,"","separate_mirage","trait1","bfdr_observed_fdp",0.1,0
20260897,85,500,15,3000,3000,3000,3000,"fast","control_informative",0.05,5,0.01,"","separate_mirage","trait1","bfdr_estimate",0.1,0.0900447705280311
20260897,85,500,15,3000,3000,3000,3000,"fast","control_informative",0.05,5,0.01,"","separate_mirage","trait1","bfdr_power",0.1,0.16
20260897,85,500,15,3000,3000,3000,3000,"fast","control_informative",0.05,5,0.01,"","separate_mirage","trait1","bfdr_discoveries",0.1,4
20260897,85,500,15,3000,3000,3000,3000,"fast","control_informative",0.05,5,0.01,"","separate_mirage","trait1","bfdr_observed_fdp",0.2,0
20260897,85,500,15,3000,3000,3000,3000,"fast","control_informative",0.05,5,0.01,"","separate_mirage","trait1","bfdr_estimate",0.2,0.190835565913251
20260897,85,500,15,3000,3000,3000,3000,"fast","control_informative",0.05,5,0.01,"","separate_mirage","trait1","bfdr_power",0.2,0.2
20260897,85,500,15,3000,3000,3000,3000,"fast","control_informative",0.05,5,0.01,"","separate_mirage","trait1","bfdr_discoveries",0.2,5
20260897,85,500,15,3000,3000,3000,3000,"fast","control_informative",0.05,5,0.01,"","separate_mirage","trait2","bfdr_observed_fdp",0.01,0
20260897,85,500,15,3000,3000,3000,3000,"fast","control_informative",0.05,5,0.01,"","separate_mirage","trait2","bfdr_estimate",0.01,0.000161358739059148
20260897,85,500,15,3000,3000,3000,3000,"fast","control_informative",0.05,5,0.01,"","separate_mirage","trait2","bfdr_power",0.01,0.2
20260897,85,500,15,3000,3000,3000,3000,"fast","control_informative",0.05,5,0.01,"","separate_mirage","trait2","bfdr_discoveries",0.01,2
20260897,85,500,15,3000,3000,3000,3000,"fast","control_informative",0.05,5,0.01,"","separate_mirage","trait2","bfdr_observed_fdp",0.05,0
20260897,85,500,15,3000,3000,3000,3000,"fast","control_informative",0.05,5,0.01,"","separate_mirage","trait2","bfdr_estimate",0.05,0.000161358739059148
20260897,85,500,15,3000,3000,3000,3000,"fast","control_informative",0.05,5,0.01,"","separate_mirage","trait2","bfdr_power",0.05,0.2
20260897,85,500,15,3000,3000,3000,3000,"fast","control_informative",0.05,5,0.01,"","separate_mirage","trait2","bfdr_discoveries",0.05,2
20260897,85,500,15,3000,3000,3000,3000,"fast","control_informative",0.05,5,0.01,"","separate_mirage","trait2","bfdr_observed_fdp",0.1,0
20260897,85,500,15,3000,3000,3000,3000,"fast","control_informative",0.05,5,0.01,"","separate_mirage","trait2","bfdr_estimate",0.1,0.000161358739059148
20260897,85,500,15,3000,3000,3000,3000,"fast","control_informative",0.05,5,0.01,"","separate_mirage","trait2","bfdr_power",0.1,0.2
20260897,85,500,15,3000,3000,3000,3000,"fast","control_informative",0.05,5,0.01,"","separate_mirage","trait2","bfdr_discoveries",0.1,2
20260897,85,500,15,3000,3000,3000,3000,"fast","control_informative",0.05,5,0.01,"","separate_mirage","trait2","bfdr_observed_fdp",0.2,0
20260897,85,500,15,3000,3000,3000,3000,"fast","control_informative",0.05,5,0.01,"","separate_mirage","trait2","bfdr_estimate",0.2,0.000161358739059148
20260897,85,500,15,3000,3000,3000,3000,"fast","control_informative",0.05,5,0.01,"","separate_mirage","trait2","bfdr_power",0.2,0.2
20260897,85,500,15,3000,3000,3000,3000,"fast","control_informative",0.05,5,0.01,"","separate_mirage","trait2","bfdr_discoveries",0.2,2
20260897,85,500,15,3000,3000,3000,3000,"fast","control_informative",0.05,5,0.01,"","separate_mirage","pleiotropy","bfdr_observed_fdp",0.01,0
20260897,85,500,15,3000,3000,3000,3000,"fast","control_informative",0.05,5,0.01,"","separate_mirage","pleiotropy","bfdr_estimate",0.01,0
20260897,85,500,15,3000,3000,3000,3000,"fast","control_informative",0.05,5,0.01,"","separate_mirage","pleiotropy","bfdr_power",0.01,0
20260897,85,500,15,3000,3000,3000,3000,"fast","control_informative",0.05,5,0.01,"","separate_mirage","pleiotropy","bfdr_discoveries",0.01,0
20260897,85,500,15,3000,3000,3000,3000,"fast","control_informative",0.05,5,0.01,"","separate_mirage","pleiotropy","bfdr_observed_fdp",0.05,0
20260897,85,500,15,3000,3000,3000,3000,"fast","control_informative",0.05,5,0.01,"","separate_mirage","pleiotropy","bfdr_estimate",0.05,0
20260897,85,500,15,3000,3000,3000,3000,"fast","control_informative",0.05,5,0.01,"","separate_mirage","pleiotropy","bfdr_power",0.05,0
20260897,85,500,15,3000,3000,3000,3000,"fast","control_informative",0.05,5,0.01,"","separate_mirage","pleiotropy","bfdr_discoveries",0.05,0
20260897,85,500,15,3000,3000,3000,3000,"fast","control_informative",0.05,5,0.01,"","separate_mirage","pleiotropy","bfdr_observed_fdp",0.1,0
20260897,85,500,15,3000,3000,3000,3000,"fast","control_informative",0.05,5,0.01,"","separate_mirage","pleiotropy","bfdr_estimate",0.1,0
20260897,85,500,15,3000,3000,3000,3000,"fast","control_informative",0.05,5,0.01,"","separate_mirage","pleiotropy","bfdr_power",0.1,0
20260897,85,500,15,3000,3000,3000,3000,"fast","control_informative",0.05,5,0.01,"","separate_mirage","pleiotropy","bfdr_discoveries",0.1,0
20260897,85,500,15,3000,3000,3000,3000,"fast","control_informative",0.05,5,0.01,"","separate_mirage","pleiotropy","bfdr_observed_fdp",0.2,0
20260897,85,500,15,3000,3000,3000,3000,"fast","control_informative",0.05,5,0.01,"","separate_mirage","pleiotropy","bfdr_estimate",0.2,0
20260897,85,500,15,3000,3000,3000,3000,"fast","control_informative",0.05,5,0.01,"","separate_mirage","pleiotropy","bfdr_power",0.2,0
20260897,85,500,15,3000,3000,3000,3000,"fast","control_informative",0.05,5,0.01,"","separate_mirage","pleiotropy","bfdr_discoveries",0.2,0
20260897,85,500,15,3000,3000,3000,3000,"fast","control_informative",0.05,5,0.01,"","separate_mirage","global","runtime_seconds",NA,18.672
20260897,85,500,15,3000,3000,3000,3000,"fast","control_informative",0.05,5,0.01,"","separate_mirage","pleiotropy","pi11_estimate",NA,0.001
20260897,85,500,15,3000,3000,3000,3000,"fast","control_informative",0.05,5,0.01,"","mtada_aggregated","trait1","auc",NA,0.77461052631579
20260897,85,500,15,3000,3000,3000,3000,"fast","control_informative",0.05,5,0.01,"","mtada_aggregated","trait2","auc",NA,0.779795918367347
20260897,85,500,15,3000,3000,3000,3000,"fast","control_informative",0.05,5,0.01,"","mtada_aggregated","pleiotropy","auc",NA,0.82989898989899
20260897,85,500,15,3000,3000,3000,3000,"fast","control_informative",0.05,5,0.01,"","mtada_aggregated","trait1","pp08_power",0.8,0.4
20260897,85,500,15,3000,3000,3000,3000,"fast","control_informative",0.05,5,0.01,"","mtada_aggregated","trait1","pp08_fdp",0.8,0.8
20260897,85,500,15,3000,3000,3000,3000,"fast","control_informative",0.05,5,0.01,"","mtada_aggregated","trait1","pp08_discoveries",0.8,50
20260897,85,500,15,3000,3000,3000,3000,"fast","control_informative",0.05,5,0.01,"","mtada_aggregated","trait2","pp08_power",0.8,0.4
20260897,85,500,15,3000,3000,3000,3000,"fast","control_informative",0.05,5,0.01,"","mtada_aggregated","trait2","pp08_fdp",0.8,0.888888888888889
20260897,85,500,15,3000,3000,3000,3000,"fast","control_informative",0.05,5,0.01,"","mtada_aggregated","trait2","pp08_discoveries",0.8,36
20260897,85,500,15,3000,3000,3000,3000,"fast","control_informative",0.05,5,0.01,"","mtada_aggregated","pleiotropy","pp08_power",0.8,0.2
20260897,85,500,15,3000,3000,3000,3000,"fast","control_informative",0.05,5,0.01,"","mtada_aggregated","pleiotropy","pp08_fdp",0.8,0.8
20260897,85,500,15,3000,3000,3000,3000,"fast","control_informative",0.05,5,0.01,"","mtada_aggregated","pleiotropy","pp08_discoveries",0.8,5
20260897,85,500,15,3000,3000,3000,3000,"fast","control_informative",0.05,5,0.01,"","mtada_aggregated","trait1","bfdr_observed_fdp",0.01,0.8
20260897,85,500,15,3000,3000,3000,3000,"fast","control_informative",0.05,5,0.01,"","mtada_aggregated","trait1","bfdr_estimate",0.01,0.00830992381392107
20260897,85,500,15,3000,3000,3000,3000,"fast","control_informative",0.05,5,0.01,"","mtada_aggregated","trait1","bfdr_power",0.01,0.36
20260897,85,500,15,3000,3000,3000,3000,"fast","control_informative",0.05,5,0.01,"","mtada_aggregated","trait1","bfdr_discoveries",0.01,45
20260897,85,500,15,3000,3000,3000,3000,"fast","control_informative",0.05,5,0.01,"","mtada_aggregated","trait1","bfdr_observed_fdp",0.05,0.803571428571429
20260897,85,500,15,3000,3000,3000,3000,"fast","control_informative",0.05,5,0.01,"","mtada_aggregated","trait1","bfdr_estimate",0.05,0.0466543519514133
20260897,85,500,15,3000,3000,3000,3000,"fast","control_informative",0.05,5,0.01,"","mtada_aggregated","trait1","bfdr_power",0.05,0.44
20260897,85,500,15,3000,3000,3000,3000,"fast","control_informative",0.05,5,0.01,"","mtada_aggregated","trait1","bfdr_discoveries",0.05,56
20260897,85,500,15,3000,3000,3000,3000,"fast","control_informative",0.05,5,0.01,"","mtada_aggregated","trait1","bfdr_observed_fdp",0.1,0.8125
20260897,85,500,15,3000,3000,3000,3000,"fast","control_informative",0.05,5,0.01,"","mtada_aggregated","trait1","bfdr_estimate",0.1,0.0940529436948543
20260897,85,500,15,3000,3000,3000,3000,"fast","control_informative",0.05,5,0.01,"","mtada_aggregated","trait1","bfdr_power",0.1,0.48
20260897,85,500,15,3000,3000,3000,3000,"fast","control_informative",0.05,5,0.01,"","mtada_aggregated","trait1","bfdr_discoveries",0.1,64
20260897,85,500,15,3000,3000,3000,3000,"fast","control_informative",0.05,5,0.01,"","mtada_aggregated","trait1","bfdr_observed_fdp",0.2,0.818181818181818
20260897,85,500,15,3000,3000,3000,3000,"fast","control_informative",0.05,5,0.01,"","mtada_aggregated","trait1","bfdr_estimate",0.2,0.195404861052278
20260897,85,500,15,3000,3000,3000,3000,"fast","control_informative",0.05,5,0.01,"","mtada_aggregated","trait1","bfdr_power",0.2,0.56
20260897,85,500,15,3000,3000,3000,3000,"fast","control_informative",0.05,5,0.01,"","mtada_aggregated","trait1","bfdr_discoveries",0.2,77
20260897,85,500,15,3000,3000,3000,3000,"fast","control_informative",0.05,5,0.01,"","mtada_aggregated","trait2","bfdr_observed_fdp",0.01,0.857142857142857
20260897,85,500,15,3000,3000,3000,3000,"fast","control_informative",0.05,5,0.01,"","mtada_aggregated","trait2","bfdr_estimate",0.01,0.00849060384934376
20260897,85,500,15,3000,3000,3000,3000,"fast","control_informative",0.05,5,0.01,"","mtada_aggregated","trait2","bfdr_power",0.01,0.4
20260897,85,500,15,3000,3000,3000,3000,"fast","control_informative",0.05,5,0.01,"","mtada_aggregated","trait2","bfdr_discoveries",0.01,28
20260897,85,500,15,3000,3000,3000,3000,"fast","control_informative",0.05,5,0.01,"","mtada_aggregated","trait2","bfdr_observed_fdp",0.05,0.894736842105263
20260897,85,500,15,3000,3000,3000,3000,"fast","control_informative",0.05,5,0.01,"","mtada_aggregated","trait2","bfdr_estimate",0.05,0.0456561138661464
20260897,85,500,15,3000,3000,3000,3000,"fast","control_informative",0.05,5,0.01,"","mtada_aggregated","trait2","bfdr_power",0.05,0.4
20260897,85,500,15,3000,3000,3000,3000,"fast","control_informative",0.05,5,0.01,"","mtada_aggregated","trait2","bfdr_discoveries",0.05,38
20260897,85,500,15,3000,3000,3000,3000,"fast","control_informative",0.05,5,0.01,"","mtada_aggregated","trait2","bfdr_observed_fdp",0.1,0.883720930232558
20260897,85,500,15,3000,3000,3000,3000,"fast","control_informative",0.05,5,0.01,"","mtada_aggregated","trait2","bfdr_estimate",0.1,0.0890519490677565
20260897,85,500,15,3000,3000,3000,3000,"fast","control_informative",0.05,5,0.01,"","mtada_aggregated","trait2","bfdr_power",0.1,0.5
20260897,85,500,15,3000,3000,3000,3000,"fast","control_informative",0.05,5,0.01,"","mtada_aggregated","trait2","bfdr_discoveries",0.1,43
20260897,85,500,15,3000,3000,3000,3000,"fast","control_informative",0.05,5,0.01,"","mtada_aggregated","trait2","bfdr_observed_fdp",0.2,0.903846153846154
20260897,85,500,15,3000,3000,3000,3000,"fast","control_informative",0.05,5,0.01,"","mtada_aggregated","trait2","bfdr_estimate",0.2,0.189974677452078
20260897,85,500,15,3000,3000,3000,3000,"fast","control_informative",0.05,5,0.01,"","mtada_aggregated","trait2","bfdr_power",0.2,0.5
20260897,85,500,15,3000,3000,3000,3000,"fast","control_informative",0.05,5,0.01,"","mtada_aggregated","trait2","bfdr_discoveries",0.2,52
20260897,85,500,15,3000,3000,3000,3000,"fast","control_informative",0.05,5,0.01,"","mtada_aggregated","pleiotropy","bfdr_observed_fdp",0.01,0.666666666666667
20260897,85,500,15,3000,3000,3000,3000,"fast","control_informative",0.05,5,0.01,"","mtada_aggregated","pleiotropy","bfdr_estimate",0.01,5.06017946618383e-07
20260897,85,500,15,3000,3000,3000,3000,"fast","control_informative",0.05,5,0.01,"","mtada_aggregated","pleiotropy","bfdr_power",0.01,0.2
20260897,85,500,15,3000,3000,3000,3000,"fast","control_informative",0.05,5,0.01,"","mtada_aggregated","pleiotropy","bfdr_discoveries",0.01,3
20260897,85,500,15,3000,3000,3000,3000,"fast","control_informative",0.05,5,0.01,"","mtada_aggregated","pleiotropy","bfdr_observed_fdp",0.05,0.8
20260897,85,500,15,3000,3000,3000,3000,"fast","control_informative",0.05,5,0.01,"","mtada_aggregated","pleiotropy","bfdr_estimate",0.05,0.0334909746259185
20260897,85,500,15,3000,3000,3000,3000,"fast","control_informative",0.05,5,0.01,"","mtada_aggregated","pleiotropy","bfdr_power",0.05,0.2
20260897,85,500,15,3000,3000,3000,3000,"fast","control_informative",0.05,5,0.01,"","mtada_aggregated","pleiotropy","bfdr_discoveries",0.05,5
20260897,85,500,15,3000,3000,3000,3000,"fast","control_informative",0.05,5,0.01,"","mtada_aggregated","pleiotropy","bfdr_observed_fdp",0.1,0.666666666666667
20260897,85,500,15,3000,3000,3000,3000,"fast","control_informative",0.05,5,0.01,"","mtada_aggregated","pleiotropy","bfdr_estimate",0.1,0.0853136976023355
20260897,85,500,15,3000,3000,3000,3000,"fast","control_informative",0.05,5,0.01,"","mtada_aggregated","pleiotropy","bfdr_power",0.1,0.4
20260897,85,500,15,3000,3000,3000,3000,"fast","control_informative",0.05,5,0.01,"","mtada_aggregated","pleiotropy","bfdr_discoveries",0.1,6
20260897,85,500,15,3000,3000,3000,3000,"fast","control_informative",0.05,5,0.01,"","mtada_aggregated","pleiotropy","bfdr_observed_fdp",0.2,0.777777777777778
20260897,85,500,15,3000,3000,3000,3000,"fast","control_informative",0.05,5,0.01,"","mtada_aggregated","pleiotropy","bfdr_estimate",0.2,0.193426904820716
20260897,85,500,15,3000,3000,3000,3000,"fast","control_informative",0.05,5,0.01,"","mtada_aggregated","pleiotropy","bfdr_power",0.2,0.4
20260897,85,500,15,3000,3000,3000,3000,"fast","control_informative",0.05,5,0.01,"","mtada_aggregated","pleiotropy","bfdr_discoveries",0.2,9
20260897,85,500,15,3000,3000,3000,3000,"fast","control_informative",0.05,5,0.01,"","mtada_aggregated","global","runtime_seconds",NA,0.710000000000036
20260897,85,500,15,3000,3000,3000,3000,"fast","control_informative",0.05,5,0.01,"","mtada_aggregated","pleiotropy","pi11_estimate",NA,0.00292922
20260898,86,500,15,3000,3000,3000,3000,"fast","control_informative",0.05,5,0.01,"","mirage_joint","trait1","auc",NA,0.709389473684211
20260898,86,500,15,3000,3000,3000,3000,"fast","control_informative",0.05,5,0.01,"","mirage_joint","trait2","auc",NA,0.40469387755102
20260898,86,500,15,3000,3000,3000,3000,"fast","control_informative",0.05,5,0.01,"","mirage_joint","pleiotropy","auc",NA,0.452525252525253
20260898,86,500,15,3000,3000,3000,3000,"fast","control_informative",0.05,5,0.01,"","mirage_joint","trait1","pp08_power",0.8,0.08
20260898,86,500,15,3000,3000,3000,3000,"fast","control_informative",0.05,5,0.01,"","mirage_joint","trait1","pp08_fdp",0.8,0.333333333333333
20260898,86,500,15,3000,3000,3000,3000,"fast","control_informative",0.05,5,0.01,"","mirage_joint","trait1","pp08_discoveries",0.8,3
20260898,86,500,15,3000,3000,3000,3000,"fast","control_informative",0.05,5,0.01,"","mirage_joint","trait2","pp08_power",0.8,0
20260898,86,500,15,3000,3000,3000,3000,"fast","control_informative",0.05,5,0.01,"","mirage_joint","trait2","pp08_fdp",0.8,0
20260898,86,500,15,3000,3000,3000,3000,"fast","control_informative",0.05,5,0.01,"","mirage_joint","trait2","pp08_discoveries",0.8,0
20260898,86,500,15,3000,3000,3000,3000,"fast","control_informative",0.05,5,0.01,"","mirage_joint","pleiotropy","pp08_power",0.8,0
20260898,86,500,15,3000,3000,3000,3000,"fast","control_informative",0.05,5,0.01,"","mirage_joint","pleiotropy","pp08_fdp",0.8,0
20260898,86,500,15,3000,3000,3000,3000,"fast","control_informative",0.05,5,0.01,"","mirage_joint","pleiotropy","pp08_discoveries",0.8,0
20260898,86,500,15,3000,3000,3000,3000,"fast","control_informative",0.05,5,0.01,"","mirage_joint","trait1","bfdr_observed_fdp",0.01,0
20260898,86,500,15,3000,3000,3000,3000,"fast","control_informative",0.05,5,0.01,"","mirage_joint","trait1","bfdr_estimate",0.01,0
20260898,86,500,15,3000,3000,3000,3000,"fast","control_informative",0.05,5,0.01,"","mirage_joint","trait1","bfdr_power",0.01,0
20260898,86,500,15,3000,3000,3000,3000,"fast","control_informative",0.05,5,0.01,"","mirage_joint","trait1","bfdr_discoveries",0.01,0
20260898,86,500,15,3000,3000,3000,3000,"fast","control_informative",0.05,5,0.01,"","mirage_joint","trait1","bfdr_observed_fdp",0.05,0
20260898,86,500,15,3000,3000,3000,3000,"fast","control_informative",0.05,5,0.01,"","mirage_joint","trait1","bfdr_estimate",0.05,0
20260898,86,500,15,3000,3000,3000,3000,"fast","control_informative",0.05,5,0.01,"","mirage_joint","trait1","bfdr_power",0.05,0
20260898,86,500,15,3000,3000,3000,3000,"fast","control_informative",0.05,5,0.01,"","mirage_joint","trait1","bfdr_discoveries",0.05,0
20260898,86,500,15,3000,3000,3000,3000,"fast","control_informative",0.05,5,0.01,"","mirage_joint","trait1","bfdr_observed_fdp",0.1,0.5
20260898,86,500,15,3000,3000,3000,3000,"fast","control_informative",0.05,5,0.01,"","mirage_joint","trait1","bfdr_estimate",0.1,0.0967896604040734
20260898,86,500,15,3000,3000,3000,3000,"fast","control_informative",0.05,5,0.01,"","mirage_joint","trait1","bfdr_power",0.1,0.04
20260898,86,500,15,3000,3000,3000,3000,"fast","control_informative",0.05,5,0.01,"","mirage_joint","trait1","bfdr_discoveries",0.1,2
20260898,86,500,15,3000,3000,3000,3000,"fast","control_informative",0.05,5,0.01,"","mirage_joint","trait1","bfdr_observed_fdp",0.2,0.25
20260898,86,500,15,3000,3000,3000,3000,"fast","control_informative",0.05,5,0.01,"","mirage_joint","trait1","bfdr_estimate",0.2,0.146505586017034
20260898,86,500,15,3000,3000,3000,3000,"fast","control_informative",0.05,5,0.01,"","mirage_joint","trait1","bfdr_power",0.2,0.12
20260898,86,500,15,3000,3000,3000,3000,"fast","control_informative",0.05,5,0.01,"","mirage_joint","trait1","bfdr_discoveries",0.2,4
20260898,86,500,15,3000,3000,3000,3000,"fast","control_informative",0.05,5,0.01,"","mirage_joint","trait2","bfdr_observed_fdp",0.01,0
20260898,86,500,15,3000,3000,3000,3000,"fast","control_informative",0.05,5,0.01,"","mirage_joint","trait2","bfdr_estimate",0.01,0
20260898,86,500,15,3000,3000,3000,3000,"fast","control_informative",0.05,5,0.01,"","mirage_joint","trait2","bfdr_power",0.01,0
20260898,86,500,15,3000,3000,3000,3000,"fast","control_informative",0.05,5,0.01,"","mirage_joint","trait2","bfdr_discoveries",0.01,0
20260898,86,500,15,3000,3000,3000,3000,"fast","control_informative",0.05,5,0.01,"","mirage_joint","trait2","bfdr_observed_fdp",0.05,0
20260898,86,500,15,3000,3000,3000,3000,"fast","control_informative",0.05,5,0.01,"","mirage_joint","trait2","bfdr_estimate",0.05,0
20260898,86,500,15,3000,3000,3000,3000,"fast","control_informative",0.05,5,0.01,"","mirage_joint","trait2","bfdr_power",0.05,0
20260898,86,500,15,3000,3000,3000,3000,"fast","control_informative",0.05,5,0.01,"","mirage_joint","trait2","bfdr_discoveries",0.05,0
20260898,86,500,15,3000,3000,3000,3000,"fast","control_informative",0.05,5,0.01,"","mirage_joint","trait2","bfdr_observed_fdp",0.1,0
20260898,86,500,15,3000,3000,3000,3000,"fast","control_informative",0.05,5,0.01,"","mirage_joint","trait2","bfdr_estimate",0.1,0
20260898,86,500,15,3000,3000,3000,3000,"fast","control_informative",0.05,5,0.01,"","mirage_joint","trait2","bfdr_power",0.1,0
20260898,86,500,15,3000,3000,3000,3000,"fast","control_informative",0.05,5,0.01,"","mirage_joint","trait2","bfdr_discoveries",0.1,0
20260898,86,500,15,3000,3000,3000,3000,"fast","control_informative",0.05,5,0.01,"","mirage_joint","trait2","bfdr_observed_fdp",0.2,0
20260898,86,500,15,3000,3000,3000,3000,"fast","control_informative",0.05,5,0.01,"","mirage_joint","trait2","bfdr_estimate",0.2,0
20260898,86,500,15,3000,3000,3000,3000,"fast","control_informative",0.05,5,0.01,"","mirage_joint","trait2","bfdr_power",0.2,0
20260898,86,500,15,3000,3000,3000,3000,"fast","control_informative",0.05,5,0.01,"","mirage_joint","trait2","bfdr_discoveries",0.2,0
20260898,86,500,15,3000,3000,3000,3000,"fast","control_informative",0.05,5,0.01,"","mirage_joint","pleiotropy","bfdr_observed_fdp",0.01,0
20260898,86,500,15,3000,3000,3000,3000,"fast","control_informative",0.05,5,0.01,"","mirage_joint","pleiotropy","bfdr_estimate",0.01,0
20260898,86,500,15,3000,3000,3000,3000,"fast","control_informative",0.05,5,0.01,"","mirage_joint","pleiotropy","bfdr_power",0.01,0
20260898,86,500,15,3000,3000,3000,3000,"fast","control_informative",0.05,5,0.01,"","mirage_joint","pleiotropy","bfdr_discoveries",0.01,0
20260898,86,500,15,3000,3000,3000,3000,"fast","control_informative",0.05,5,0.01,"","mirage_joint","pleiotropy","bfdr_observed_fdp",0.05,0
20260898,86,500,15,3000,3000,3000,3000,"fast","control_informative",0.05,5,0.01,"","mirage_joint","pleiotropy","bfdr_estimate",0.05,0
20260898,86,500,15,3000,3000,3000,3000,"fast","control_informative",0.05,5,0.01,"","mirage_joint","pleiotropy","bfdr_power",0.05,0
20260898,86,500,15,3000,3000,3000,3000,"fast","control_informative",0.05,5,0.01,"","mirage_joint","pleiotropy","bfdr_discoveries",0.05,0
20260898,86,500,15,3000,3000,3000,3000,"fast","control_informative",0.05,5,0.01,"","mirage_joint","pleiotropy","bfdr_observed_fdp",0.1,0
20260898,86,500,15,3000,3000,3000,3000,"fast","control_informative",0.05,5,0.01,"","mirage_joint","pleiotropy","bfdr_estimate",0.1,0
20260898,86,500,15,3000,3000,3000,3000,"fast","control_informative",0.05,5,0.01,"","mirage_joint","pleiotropy","bfdr_power",0.1,0
20260898,86,500,15,3000,3000,3000,3000,"fast","control_informative",0.05,5,0.01,"","mirage_joint","pleiotropy","bfdr_discoveries",0.1,0
20260898,86,500,15,3000,3000,3000,3000,"fast","control_informative",0.05,5,0.01,"","mirage_joint","pleiotropy","bfdr_observed_fdp",0.2,0
20260898,86,500,15,3000,3000,3000,3000,"fast","control_informative",0.05,5,0.01,"","mirage_joint","pleiotropy","bfdr_estimate",0.2,0
20260898,86,500,15,3000,3000,3000,3000,"fast","control_informative",0.05,5,0.01,"","mirage_joint","pleiotropy","bfdr_power",0.2,0
20260898,86,500,15,3000,3000,3000,3000,"fast","control_informative",0.05,5,0.01,"","mirage_joint","pleiotropy","bfdr_discoveries",0.2,0
20260898,86,500,15,3000,3000,3000,3000,"fast","control_informative",0.05,5,0.01,"","mirage_joint","global","runtime_seconds",NA,19.0409999999997
20260898,86,500,15,3000,3000,3000,3000,"fast","control_informative",0.05,5,0.01,"","mirage_joint","pleiotropy","pi11_estimate",NA,0.037942767206754
20260898,86,500,15,3000,3000,3000,3000,"fast","control_informative",0.05,5,0.01,"","separate_mirage","trait1","auc",NA,0.690526315789474
20260898,86,500,15,3000,3000,3000,3000,"fast","control_informative",0.05,5,0.01,"","separate_mirage","trait2","auc",NA,0.431632653061225
20260898,86,500,15,3000,3000,3000,3000,"fast","control_informative",0.05,5,0.01,"","separate_mirage","pleiotropy","auc",NA,0.470707070707071
20260898,86,500,15,3000,3000,3000,3000,"fast","control_informative",0.05,5,0.01,"","separate_mirage","trait1","pp08_power",0.8,0.04
20260898,86,500,15,3000,3000,3000,3000,"fast","control_informative",0.05,5,0.01,"","separate_mirage","trait1","pp08_fdp",0.8,0
20260898,86,500,15,3000,3000,3000,3000,"fast","control_informative",0.05,5,0.01,"","separate_mirage","trait1","pp08_discoveries",0.8,1
20260898,86,500,15,3000,3000,3000,3000,"fast","control_informative",0.05,5,0.01,"","separate_mirage","trait2","pp08_power",0.8,0
20260898,86,500,15,3000,3000,3000,3000,"fast","control_informative",0.05,5,0.01,"","separate_mirage","trait2","pp08_fdp",0.8,0
20260898,86,500,15,3000,3000,3000,3000,"fast","control_informative",0.05,5,0.01,"","separate_mirage","trait2","pp08_discoveries",0.8,0
20260898,86,500,15,3000,3000,3000,3000,"fast","control_informative",0.05,5,0.01,"","separate_mirage","pleiotropy","pp08_power",0.8,0
20260898,86,500,15,3000,3000,3000,3000,"fast","control_informative",0.05,5,0.01,"","separate_mirage","pleiotropy","pp08_fdp",0.8,0
20260898,86,500,15,3000,3000,3000,3000,"fast","control_informative",0.05,5,0.01,"","separate_mirage","pleiotropy","pp08_discoveries",0.8,0
20260898,86,500,15,3000,3000,3000,3000,"fast","control_informative",0.05,5,0.01,"","separate_mirage","trait1","bfdr_observed_fdp",0.01,0
20260898,86,500,15,3000,3000,3000,3000,"fast","control_informative",0.05,5,0.01,"","separate_mirage","trait1","bfdr_estimate",0.01,0
20260898,86,500,15,3000,3000,3000,3000,"fast","control_informative",0.05,5,0.01,"","separate_mirage","trait1","bfdr_power",0.01,0
20260898,86,500,15,3000,3000,3000,3000,"fast","control_informative",0.05,5,0.01,"","separate_mirage","trait1","bfdr_discoveries",0.01,0
20260898,86,500,15,3000,3000,3000,3000,"fast","control_informative",0.05,5,0.01,"","separate_mirage","trait1","bfdr_observed_fdp",0.05,0
20260898,86,500,15,3000,3000,3000,3000,"fast","control_informative",0.05,5,0.01,"","separate_mirage","trait1","bfdr_estimate",0.05,0
20260898,86,500,15,3000,3000,3000,3000,"fast","control_informative",0.05,5,0.01,"","separate_mirage","trait1","bfdr_power",0.05,0
20260898,86,500,15,3000,3000,3000,3000,"fast","control_informative",0.05,5,0.01,"","separate_mirage","trait1","bfdr_discoveries",0.05,0
20260898,86,500,15,3000,3000,3000,3000,"fast","control_informative",0.05,5,0.01,"","separate_mirage","trait1","bfdr_observed_fdp",0.1,0
20260898,86,500,15,3000,3000,3000,3000,"fast","control_informative",0.05,5,0.01,"","separate_mirage","trait1","bfdr_estimate",0.1,0
20260898,86,500,15,3000,3000,3000,3000,"fast","control_informative",0.05,5,0.01,"","separate_mirage","trait1","bfdr_power",0.1,0
20260898,86,500,15,3000,3000,3000,3000,"fast","control_informative",0.05,5,0.01,"","separate_mirage","trait1","bfdr_discoveries",0.1,0
20260898,86,500,15,3000,3000,3000,3000,"fast","control_informative",0.05,5,0.01,"","separate_mirage","trait1","bfdr_observed_fdp",0.2,0.5
20260898,86,500,15,3000,3000,3000,3000,"fast","control_informative",0.05,5,0.01,"","separate_mirage","trait1","bfdr_estimate",0.2,0.172728624457246
20260898,86,500,15,3000,3000,3000,3000,"fast","control_informative",0.05,5,0.01,"","separate_mirage","trait1","bfdr_power",0.2,0.04
20260898,86,500,15,3000,3000,3000,3000,"fast","control_informative",0.05,5,0.01,"","separate_mirage","trait1","bfdr_discoveries",0.2,2
20260898,86,500,15,3000,3000,3000,3000,"fast","control_informative",0.05,5,0.01,"","separate_mirage","trait2","bfdr_observed_fdp",0.01,0
20260898,86,500,15,3000,3000,3000,3000,"fast","control_informative",0.05,5,0.01,"","separate_mirage","trait2","bfdr_estimate",0.01,0
20260898,86,500,15,3000,3000,3000,3000,"fast","control_informative",0.05,5,0.01,"","separate_mirage","trait2","bfdr_power",0.01,0
20260898,86,500,15,3000,3000,3000,3000,"fast","control_informative",0.05,5,0.01,"","separate_mirage","trait2","bfdr_discoveries",0.01,0
20260898,86,500,15,3000,3000,3000,3000,"fast","control_informative",0.05,5,0.01,"","separate_mirage","trait2","bfdr_observed_fdp",0.05,0
20260898,86,500,15,3000,3000,3000,3000,"fast","control_informative",0.05,5,0.01,"","separate_mirage","trait2","bfdr_estimate",0.05,0
20260898,86,500,15,3000,3000,3000,3000,"fast","control_informative",0.05,5,0.01,"","separate_mirage","trait2","bfdr_power",0.05,0
20260898,86,500,15,3000,3000,3000,3000,"fast","control_informative",0.05,5,0.01,"","separate_mirage","trait2","bfdr_discoveries",0.05,0
20260898,86,500,15,3000,3000,3000,3000,"fast","control_informative",0.05,5,0.01,"","separate_mirage","trait2","bfdr_observed_fdp",0.1,0
20260898,86,500,15,3000,3000,3000,3000,"fast","control_informative",0.05,5,0.01,"","separate_mirage","trait2","bfdr_estimate",0.1,0
20260898,86,500,15,3000,3000,3000,3000,"fast","control_informative",0.05,5,0.01,"","separate_mirage","trait2","bfdr_power",0.1,0
20260898,86,500,15,3000,3000,3000,3000,"fast","control_informative",0.05,5,0.01,"","separate_mirage","trait2","bfdr_discoveries",0.1,0
20260898,86,500,15,3000,3000,3000,3000,"fast","control_informative",0.05,5,0.01,"","separate_mirage","trait2","bfdr_observed_fdp",0.2,0
20260898,86,500,15,3000,3000,3000,3000,"fast","control_informative",0.05,5,0.01,"","separate_mirage","trait2","bfdr_estimate",0.2,0
20260898,86,500,15,3000,3000,3000,3000,"fast","control_informative",0.05,5,0.01,"","separate_mirage","trait2","bfdr_power",0.2,0
20260898,86,500,15,3000,3000,3000,3000,"fast","control_informative",0.05,5,0.01,"","separate_mirage","trait2","bfdr_discoveries",0.2,0
20260898,86,500,15,3000,3000,3000,3000,"fast","control_informative",0.05,5,0.01,"","separate_mirage","pleiotropy","bfdr_observed_fdp",0.01,0
20260898,86,500,15,3000,3000,3000,3000,"fast","control_informative",0.05,5,0.01,"","separate_mirage","pleiotropy","bfdr_estimate",0.01,0
20260898,86,500,15,3000,3000,3000,3000,"fast","control_informative",0.05,5,0.01,"","separate_mirage","pleiotropy","bfdr_power",0.01,0
20260898,86,500,15,3000,3000,3000,3000,"fast","control_informative",0.05,5,0.01,"","separate_mirage","pleiotropy","bfdr_discoveries",0.01,0
20260898,86,500,15,3000,3000,3000,3000,"fast","control_informative",0.05,5,0.01,"","separate_mirage","pleiotropy","bfdr_observed_fdp",0.05,0
20260898,86,500,15,3000,3000,3000,3000,"fast","control_informative",0.05,5,0.01,"","separate_mirage","pleiotropy","bfdr_estimate",0.05,0
20260898,86,500,15,3000,3000,3000,3000,"fast","control_informative",0.05,5,0.01,"","separate_mirage","pleiotropy","bfdr_power",0.05,0
20260898,86,500,15,3000,3000,3000,3000,"fast","control_informative",0.05,5,0.01,"","separate_mirage","pleiotropy","bfdr_discoveries",0.05,0
20260898,86,500,15,3000,3000,3000,3000,"fast","control_informative",0.05,5,0.01,"","separate_mirage","pleiotropy","bfdr_observed_fdp",0.1,0
20260898,86,500,15,3000,3000,3000,3000,"fast","control_informative",0.05,5,0.01,"","separate_mirage","pleiotropy","bfdr_estimate",0.1,0
20260898,86,500,15,3000,3000,3000,3000,"fast","control_informative",0.05,5,0.01,"","separate_mirage","pleiotropy","bfdr_power",0.1,0
20260898,86,500,15,3000,3000,3000,3000,"fast","control_informative",0.05,5,0.01,"","separate_mirage","pleiotropy","bfdr_discoveries",0.1,0
20260898,86,500,15,3000,3000,3000,3000,"fast","control_informative",0.05,5,0.01,"","separate_mirage","pleiotropy","bfdr_observed_fdp",0.2,0
20260898,86,500,15,3000,3000,3000,3000,"fast","control_informative",0.05,5,0.01,"","separate_mirage","pleiotropy","bfdr_estimate",0.2,0
20260898,86,500,15,3000,3000,3000,3000,"fast","control_informative",0.05,5,0.01,"","separate_mirage","pleiotropy","bfdr_power",0.2,0
20260898,86,500,15,3000,3000,3000,3000,"fast","control_informative",0.05,5,0.01,"","separate_mirage","pleiotropy","bfdr_discoveries",0.2,0
20260898,86,500,15,3000,3000,3000,3000,"fast","control_informative",0.05,5,0.01,"","separate_mirage","global","runtime_seconds",NA,18.6709999999998
20260898,86,500,15,3000,3000,3000,3000,"fast","control_informative",0.05,5,0.01,"","separate_mirage","pleiotropy","pi11_estimate",NA,0.001
20260898,86,500,15,3000,3000,3000,3000,"fast","control_informative",0.05,5,0.01,"","mtada_aggregated","trait1","auc",NA,0.703831578947368
20260898,86,500,15,3000,3000,3000,3000,"fast","control_informative",0.05,5,0.01,"","mtada_aggregated","trait2","auc",NA,0.490408163265306
20260898,86,500,15,3000,3000,3000,3000,"fast","control_informative",0.05,5,0.01,"","mtada_aggregated","pleiotropy","auc",NA,0.583030303030303
20260898,86,500,15,3000,3000,3000,3000,"fast","control_informative",0.05,5,0.01,"","mtada_aggregated","trait1","pp08_power",0.8,0.16
20260898,86,500,15,3000,3000,3000,3000,"fast","control_informative",0.05,5,0.01,"","mtada_aggregated","trait1","pp08_fdp",0.8,0.894736842105263
20260898,86,500,15,3000,3000,3000,3000,"fast","control_informative",0.05,5,0.01,"","mtada_aggregated","trait1","pp08_discoveries",0.8,38
20260898,86,500,15,3000,3000,3000,3000,"fast","control_informative",0.05,5,0.01,"","mtada_aggregated","trait2","pp08_power",0.8,0.1
20260898,86,500,15,3000,3000,3000,3000,"fast","control_informative",0.05,5,0.01,"","mtada_aggregated","trait2","pp08_fdp",0.8,0.974358974358974
20260898,86,500,15,3000,3000,3000,3000,"fast","control_informative",0.05,5,0.01,"","mtada_aggregated","trait2","pp08_discoveries",0.8,39
20260898,86,500,15,3000,3000,3000,3000,"fast","control_informative",0.05,5,0.01,"","mtada_aggregated","pleiotropy","pp08_power",0.8,0
20260898,86,500,15,3000,3000,3000,3000,"fast","control_informative",0.05,5,0.01,"","mtada_aggregated","pleiotropy","pp08_fdp",0.8,1
20260898,86,500,15,3000,3000,3000,3000,"fast","control_informative",0.05,5,0.01,"","mtada_aggregated","pleiotropy","pp08_discoveries",0.8,2
20260898,86,500,15,3000,3000,3000,3000,"fast","control_informative",0.05,5,0.01,"","mtada_aggregated","trait1","bfdr_observed_fdp",0.01,0.891891891891892
20260898,86,500,15,3000,3000,3000,3000,"fast","control_informative",0.05,5,0.01,"","mtada_aggregated","trait1","bfdr_estimate",0.01,0.00892223113302321
20260898,86,500,15,3000,3000,3000,3000,"fast","control_informative",0.05,5,0.01,"","mtada_aggregated","trait1","bfdr_power",0.01,0.16
20260898,86,500,15,3000,3000,3000,3000,"fast","control_informative",0.05,5,0.01,"","mtada_aggregated","trait1","bfdr_discoveries",0.01,37
20260898,86,500,15,3000,3000,3000,3000,"fast","control_informative",0.05,5,0.01,"","mtada_aggregated","trait1","bfdr_observed_fdp",0.05,0.880952380952381
20260898,86,500,15,3000,3000,3000,3000,"fast","control_informative",0.05,5,0.01,"","mtada_aggregated","trait1","bfdr_estimate",0.05,0.0442813759162591
20260898,86,500,15,3000,3000,3000,3000,"fast","control_informative",0.05,5,0.01,"","mtada_aggregated","trait1","bfdr_power",0.05,0.2
20260898,86,500,15,3000,3000,3000,3000,"fast","control_informative",0.05,5,0.01,"","mtada_aggregated","trait1","bfdr_discoveries",0.05,42
20260898,86,500,15,3000,3000,3000,3000,"fast","control_informative",0.05,5,0.01,"","mtada_aggregated","trait1","bfdr_observed_fdp",0.1,0.875
20260898,86,500,15,3000,3000,3000,3000,"fast","control_informative",0.05,5,0.01,"","mtada_aggregated","trait1","bfdr_estimate",0.1,0.0974507235452911
20260898,86,500,15,3000,3000,3000,3000,"fast","control_informative",0.05,5,0.01,"","mtada_aggregated","trait1","bfdr_power",0.1,0.24
20260898,86,500,15,3000,3000,3000,3000,"fast","control_informative",0.05,5,0.01,"","mtada_aggregated","trait1","bfdr_discoveries",0.1,48
20260898,86,500,15,3000,3000,3000,3000,"fast","control_informative",0.05,5,0.01,"","mtada_aggregated","trait1","bfdr_observed_fdp",0.2,0.87719298245614
20260898,86,500,15,3000,3000,3000,3000,"fast","control_informative",0.05,5,0.01,"","mtada_aggregated","trait1","bfdr_estimate",0.2,0.190690773202471
20260898,86,500,15,3000,3000,3000,3000,"fast","control_informative",0.05,5,0.01,"","mtada_aggregated","trait1","bfdr_power",0.2,0.28
20260898,86,500,15,3000,3000,3000,3000,"fast","control_informative",0.05,5,0.01,"","mtada_aggregated","trait1","bfdr_discoveries",0.2,57
20260898,86,500,15,3000,3000,3000,3000,"fast","control_informative",0.05,5,0.01,"","mtada_aggregated","trait2","bfdr_observed_fdp",0.01,0.972972972972973
20260898,86,500,15,3000,3000,3000,3000,"fast","control_informative",0.05,5,0.01,"","mtada_aggregated","trait2","bfdr_estimate",0.01,0.00695561442404233
20260898,86,500,15,3000,3000,3000,3000,"fast","control_informative",0.05,5,0.01,"","mtada_aggregated","trait2","bfdr_power",0.01,0.1
20260898,86,500,15,3000,3000,3000,3000,"fast","control_informative",0.05,5,0.01,"","mtada_aggregated","trait2","bfdr_discoveries",0.01,37
20260898,86,500,15,3000,3000,3000,3000,"fast","control_informative",0.05,5,0.01,"","mtada_aggregated","trait2","bfdr_observed_fdp",0.05,0.977272727272727
20260898,86,500,15,3000,3000,3000,3000,"fast","control_informative",0.05,5,0.01,"","mtada_aggregated","trait2","bfdr_estimate",0.05,0.0425816833958907
20260898,86,500,15,3000,3000,3000,3000,"fast","control_informative",0.05,5,0.01,"","mtada_aggregated","trait2","bfdr_power",0.05,0.1
20260898,86,500,15,3000,3000,3000,3000,"fast","control_informative",0.05,5,0.01,"","mtada_aggregated","trait2","bfdr_discoveries",0.05,44
20260898,86,500,15,3000,3000,3000,3000,"fast","control_informative",0.05,5,0.01,"","mtada_aggregated","trait2","bfdr_observed_fdp",0.1,0.979591836734694
20260898,86,500,15,3000,3000,3000,3000,"fast","control_informative",0.05,5,0.01,"","mtada_aggregated","trait2","bfdr_estimate",0.1,0.0912871721420759
20260898,86,500,15,3000,3000,3000,3000,"fast","control_informative",0.05,5,0.01,"","mtada_aggregated","trait2","bfdr_power",0.1,0.1
20260898,86,500,15,3000,3000,3000,3000,"fast","control_informative",0.05,5,0.01,"","mtada_aggregated","trait2","bfdr_discoveries",0.1,49
20260898,86,500,15,3000,3000,3000,3000,"fast","control_informative",0.05,5,0.01,"","mtada_aggregated","trait2","bfdr_observed_fdp",0.2,0.983333333333333
20260898,86,500,15,3000,3000,3000,3000,"fast","control_informative",0.05,5,0.01,"","mtada_aggregated","trait2","bfdr_estimate",0.2,0.196724640465332
20260898,86,500,15,3000,3000,3000,3000,"fast","control_informative",0.05,5,0.01,"","mtada_aggregated","trait2","bfdr_power",0.2,0.1
20260898,86,500,15,3000,3000,3000,3000,"fast","control_informative",0.05,5,0.01,"","mtada_aggregated","trait2","bfdr_discoveries",0.2,60
20260898,86,500,15,3000,3000,3000,3000,"fast","control_informative",0.05,5,0.01,"","mtada_aggregated","pleiotropy","bfdr_observed_fdp",0.01,1
20260898,86,500,15,3000,3000,3000,3000,"fast","control_informative",0.05,5,0.01,"","mtada_aggregated","pleiotropy","bfdr_estimate",0.01,0.0018477525205054
20260898,86,500,15,3000,3000,3000,3000,"fast","control_informative",0.05,5,0.01,"","mtada_aggregated","pleiotropy","bfdr_power",0.01,0
20260898,86,500,15,3000,3000,3000,3000,"fast","control_informative",0.05,5,0.01,"","mtada_aggregated","pleiotropy","bfdr_discoveries",0.01,1
20260898,86,500,15,3000,3000,3000,3000,"fast","control_informative",0.05,5,0.01,"","mtada_aggregated","pleiotropy","bfdr_observed_fdp",0.05,1
20260898,86,500,15,3000,3000,3000,3000,"fast","control_informative",0.05,5,0.01,"","mtada_aggregated","pleiotropy","bfdr_estimate",0.05,0.0106611331108256
20260898,86,500,15,3000,3000,3000,3000,"fast","control_informative",0.05,5,0.01,"","mtada_aggregated","pleiotropy","bfdr_power",0.05,0
20260898,86,500,15,3000,3000,3000,3000,"fast","control_informative",0.05,5,0.01,"","mtada_aggregated","pleiotropy","bfdr_discoveries",0.05,2
20260898,86,500,15,3000,3000,3000,3000,"fast","control_informative",0.05,5,0.01,"","mtada_aggregated","pleiotropy","bfdr_observed_fdp",0.1,1
20260898,86,500,15,3000,3000,3000,3000,"fast","control_informative",0.05,5,0.01,"","mtada_aggregated","pleiotropy","bfdr_estimate",0.1,0.0106611331108256
20260898,86,500,15,3000,3000,3000,3000,"fast","control_informative",0.05,5,0.01,"","mtada_aggregated","pleiotropy","bfdr_power",0.1,0
20260898,86,500,15,3000,3000,3000,3000,"fast","control_informative",0.05,5,0.01,"","mtada_aggregated","pleiotropy","bfdr_discoveries",0.1,2
20260898,86,500,15,3000,3000,3000,3000,"fast","control_informative",0.05,5,0.01,"","mtada_aggregated","pleiotropy","bfdr_observed_fdp",0.2,1
20260898,86,500,15,3000,3000,3000,3000,"fast","control_informative",0.05,5,0.01,"","mtada_aggregated","pleiotropy","bfdr_estimate",0.2,0.141153393832411
20260898,86,500,15,3000,3000,3000,3000,"fast","control_informative",0.05,5,0.01,"","mtada_aggregated","pleiotropy","bfdr_power",0.2,0
20260898,86,500,15,3000,3000,3000,3000,"fast","control_informative",0.05,5,0.01,"","mtada_aggregated","pleiotropy","bfdr_discoveries",0.2,3
20260898,86,500,15,3000,3000,3000,3000,"fast","control_informative",0.05,5,0.01,"","mtada_aggregated","global","runtime_seconds",NA,0.795000000000073
20260898,86,500,15,3000,3000,3000,3000,"fast","control_informative",0.05,5,0.01,"","mtada_aggregated","pleiotropy","pi11_estimate",NA,0.000753383
20260899,87,500,15,3000,3000,3000,3000,"fast","control_informative",0.05,5,0.01,"","mirage_joint","trait1","auc",NA,0.6736
20260899,87,500,15,3000,3000,3000,3000,"fast","control_informative",0.05,5,0.01,"","mirage_joint","trait2","auc",NA,0.586326530612245
20260899,87,500,15,3000,3000,3000,3000,"fast","control_informative",0.05,5,0.01,"","mirage_joint","pleiotropy","auc",NA,0.705454545454545
20260899,87,500,15,3000,3000,3000,3000,"fast","control_informative",0.05,5,0.01,"","mirage_joint","trait1","pp08_power",0.8,0.16
20260899,87,500,15,3000,3000,3000,3000,"fast","control_informative",0.05,5,0.01,"","mirage_joint","trait1","pp08_fdp",0.8,0
20260899,87,500,15,3000,3000,3000,3000,"fast","control_informative",0.05,5,0.01,"","mirage_joint","trait1","pp08_discoveries",0.8,4
20260899,87,500,15,3000,3000,3000,3000,"fast","control_informative",0.05,5,0.01,"","mirage_joint","trait2","pp08_power",0.8,0.3
20260899,87,500,15,3000,3000,3000,3000,"fast","control_informative",0.05,5,0.01,"","mirage_joint","trait2","pp08_fdp",0.8,0.25
20260899,87,500,15,3000,3000,3000,3000,"fast","control_informative",0.05,5,0.01,"","mirage_joint","trait2","pp08_discoveries",0.8,4
20260899,87,500,15,3000,3000,3000,3000,"fast","control_informative",0.05,5,0.01,"","mirage_joint","pleiotropy","pp08_power",0.8,0.2
20260899,87,500,15,3000,3000,3000,3000,"fast","control_informative",0.05,5,0.01,"","mirage_joint","pleiotropy","pp08_fdp",0.8,0
20260899,87,500,15,3000,3000,3000,3000,"fast","control_informative",0.05,5,0.01,"","mirage_joint","pleiotropy","pp08_discoveries",0.8,1
20260899,87,500,15,3000,3000,3000,3000,"fast","control_informative",0.05,5,0.01,"","mirage_joint","trait1","bfdr_observed_fdp",0.01,0
20260899,87,500,15,3000,3000,3000,3000,"fast","control_informative",0.05,5,0.01,"","mirage_joint","trait1","bfdr_estimate",0.01,0.00211573340333698
20260899,87,500,15,3000,3000,3000,3000,"fast","control_informative",0.05,5,0.01,"","mirage_joint","trait1","bfdr_power",0.01,0.16
20260899,87,500,15,3000,3000,3000,3000,"fast","control_informative",0.05,5,0.01,"","mirage_joint","trait1","bfdr_discoveries",0.01,4
20260899,87,500,15,3000,3000,3000,3000,"fast","control_informative",0.05,5,0.01,"","mirage_joint","trait1","bfdr_observed_fdp",0.05,0.2
20260899,87,500,15,3000,3000,3000,3000,"fast","control_informative",0.05,5,0.01,"","mirage_joint","trait1","bfdr_estimate",0.05,0.0475504652783251
20260899,87,500,15,3000,3000,3000,3000,"fast","control_informative",0.05,5,0.01,"","mirage_joint","trait1","bfdr_power",0.05,0.16
20260899,87,500,15,3000,3000,3000,3000,"fast","control_informative",0.05,5,0.01,"","mirage_joint","trait1","bfdr_discoveries",0.05,5
20260899,87,500,15,3000,3000,3000,3000,"fast","control_informative",0.05,5,0.01,"","mirage_joint","trait1","bfdr_observed_fdp",0.1,0.333333333333333
20260899,87,500,15,3000,3000,3000,3000,"fast","control_informative",0.05,5,0.01,"","mirage_joint","trait1","bfdr_estimate",0.1,0.0786066968100585
20260899,87,500,15,3000,3000,3000,3000,"fast","control_informative",0.05,5,0.01,"","mirage_joint","trait1","bfdr_power",0.1,0.16
20260899,87,500,15,3000,3000,3000,3000,"fast","control_informative",0.05,5,0.01,"","mirage_joint","trait1","bfdr_discoveries",0.1,6
20260899,87,500,15,3000,3000,3000,3000,"fast","control_informative",0.05,5,0.01,"","mirage_joint","trait1","bfdr_observed_fdp",0.2,0.4
20260899,87,500,15,3000,3000,3000,3000,"fast","control_informative",0.05,5,0.01,"","mirage_joint","trait1","bfdr_estimate",0.2,0.195708104511179
20260899,87,500,15,3000,3000,3000,3000,"fast","control_informative",0.05,5,0.01,"","mirage_joint","trait1","bfdr_power",0.2,0.24
20260899,87,500,15,3000,3000,3000,3000,"fast","control_informative",0.05,5,0.01,"","mirage_joint","trait1","bfdr_discoveries",0.2,10
20260899,87,500,15,3000,3000,3000,3000,"fast","control_informative",0.05,5,0.01,"","mirage_joint","trait2","bfdr_observed_fdp",0.01,0
20260899,87,500,15,3000,3000,3000,3000,"fast","control_informative",0.05,5,0.01,"","mirage_joint","trait2","bfdr_estimate",0.01,0.00635597079730871
20260899,87,500,15,3000,3000,3000,3000,"fast","control_informative",0.05,5,0.01,"","mirage_joint","trait2","bfdr_power",0.01,0.2
20260899,87,500,15,3000,3000,3000,3000,"fast","control_informative",0.05,5,0.01,"","mirage_joint","trait2","bfdr_discoveries",0.01,2
20260899,87,500,15,3000,3000,3000,3000,"fast","control_informative",0.05,5,0.01,"","mirage_joint","trait2","bfdr_observed_fdp",0.05,0.25
20260899,87,500,15,3000,3000,3000,3000,"fast","control_informative",0.05,5,0.01,"","mirage_joint","trait2","bfdr_estimate",0.05,0.0361908831416262
20260899,87,500,15,3000,3000,3000,3000,"fast","control_informative",0.05,5,0.01,"","mirage_joint","trait2","bfdr_power",0.05,0.3
20260899,87,500,15,3000,3000,3000,3000,"fast","control_informative",0.05,5,0.01,"","mirage_joint","trait2","bfdr_discoveries",0.05,4
20260899,87,500,15,3000,3000,3000,3000,"fast","control_informative",0.05,5,0.01,"","mirage_joint","trait2","bfdr_observed_fdp",0.1,0.2
20260899,87,500,15,3000,3000,3000,3000,"fast","control_informative",0.05,5,0.01,"","mirage_joint","trait2","bfdr_estimate",0.1,0.0739981746765792
20260899,87,500,15,3000,3000,3000,3000,"fast","control_informative",0.05,5,0.01,"","mirage_joint","trait2","bfdr_power",0.1,0.4
20260899,87,500,15,3000,3000,3000,3000,"fast","control_informative",0.05,5,0.01,"","mirage_joint","trait2","bfdr_discoveries",0.1,5
20260899,87,500,15,3000,3000,3000,3000,"fast","control_informative",0.05,5,0.01,"","mirage_joint","trait2","bfdr_observed_fdp",0.2,0.375
20260899,87,500,15,3000,3000,3000,3000,"fast","control_informative",0.05,5,0.01,"","mirage_joint","trait2","bfdr_estimate",0.2,0.180132344612817
20260899,87,500,15,3000,3000,3000,3000,"fast","control_informative",0.05,5,0.01,"","mirage_joint","trait2","bfdr_power",0.2,0.5
20260899,87,500,15,3000,3000,3000,3000,"fast","control_informative",0.05,5,0.01,"","mirage_joint","trait2","bfdr_discoveries",0.2,8
20260899,87,500,15,3000,3000,3000,3000,"fast","control_informative",0.05,5,0.01,"","mirage_joint","pleiotropy","bfdr_observed_fdp",0.01,0
20260899,87,500,15,3000,3000,3000,3000,"fast","control_informative",0.05,5,0.01,"","mirage_joint","pleiotropy","bfdr_estimate",0.01,0
20260899,87,500,15,3000,3000,3000,3000,"fast","control_informative",0.05,5,0.01,"","mirage_joint","pleiotropy","bfdr_power",0.01,0
20260899,87,500,15,3000,3000,3000,3000,"fast","control_informative",0.05,5,0.01,"","mirage_joint","pleiotropy","bfdr_discoveries",0.01,0
20260899,87,500,15,3000,3000,3000,3000,"fast","control_informative",0.05,5,0.01,"","mirage_joint","pleiotropy","bfdr_observed_fdp",0.05,0
20260899,87,500,15,3000,3000,3000,3000,"fast","control_informative",0.05,5,0.01,"","mirage_joint","pleiotropy","bfdr_estimate",0.05,0.0212303503787029
20260899,87,500,15,3000,3000,3000,3000,"fast","control_informative",0.05,5,0.01,"","mirage_joint","pleiotropy","bfdr_power",0.05,0.2
20260899,87,500,15,3000,3000,3000,3000,"fast","control_informative",0.05,5,0.01,"","mirage_joint","pleiotropy","bfdr_discoveries",0.05,1
20260899,87,500,15,3000,3000,3000,3000,"fast","control_informative",0.05,5,0.01,"","mirage_joint","pleiotropy","bfdr_observed_fdp",0.1,0
20260899,87,500,15,3000,3000,3000,3000,"fast","control_informative",0.05,5,0.01,"","mirage_joint","pleiotropy","bfdr_estimate",0.1,0.0212303503787029
20260899,87,500,15,3000,3000,3000,3000,"fast","control_informative",0.05,5,0.01,"","mirage_joint","pleiotropy","bfdr_power",0.1,0.2
20260899,87,500,15,3000,3000,3000,3000,"fast","control_informative",0.05,5,0.01,"","mirage_joint","pleiotropy","bfdr_discoveries",0.1,1
20260899,87,500,15,3000,3000,3000,3000,"fast","control_informative",0.05,5,0.01,"","mirage_joint","pleiotropy","bfdr_observed_fdp",0.2,0.5
20260899,87,500,15,3000,3000,3000,3000,"fast","control_informative",0.05,5,0.01,"","mirage_joint","pleiotropy","bfdr_estimate",0.2,0.189724676459783
20260899,87,500,15,3000,3000,3000,3000,"fast","control_informative",0.05,5,0.01,"","mirage_joint","pleiotropy","bfdr_power",0.2,0.4
20260899,87,500,15,3000,3000,3000,3000,"fast","control_informative",0.05,5,0.01,"","mirage_joint","pleiotropy","bfdr_discoveries",0.2,4
20260899,87,500,15,3000,3000,3000,3000,"fast","control_informative",0.05,5,0.01,"","mirage_joint","global","runtime_seconds",NA,19.029
20260899,87,500,15,3000,3000,3000,3000,"fast","control_informative",0.05,5,0.01,"","mirage_joint","pleiotropy","pi11_estimate",NA,0.106484076012926
20260899,87,500,15,3000,3000,3000,3000,"fast","control_informative",0.05,5,0.01,"","separate_mirage","trait1","auc",NA,0.692715789473684
20260899,87,500,15,3000,3000,3000,3000,"fast","control_informative",0.05,5,0.01,"","separate_mirage","trait2","auc",NA,0.61734693877551
20260899,87,500,15,3000,3000,3000,3000,"fast","control_informative",0.05,5,0.01,"","separate_mirage","pleiotropy","auc",NA,0.713535353535354
20260899,87,500,15,3000,3000,3000,3000,"fast","control_informative",0.05,5,0.01,"","separate_mirage","trait1","pp08_power",0.8,0.16
20260899,87,500,15,3000,3000,3000,3000,"fast","control_informative",0.05,5,0.01,"","separate_mirage","trait1","pp08_fdp",0.8,0
20260899,87,500,15,3000,3000,3000,3000,"fast","control_informative",0.05,5,0.01,"","separate_mirage","trait1","pp08_discoveries",0.8,4
20260899,87,500,15,3000,3000,3000,3000,"fast","control_informative",0.05,5,0.01,"","separate_mirage","trait2","pp08_power",0.8,0.2
20260899,87,500,15,3000,3000,3000,3000,"fast","control_informative",0.05,5,0.01,"","separate_mirage","trait2","pp08_fdp",0.8,0
20260899,87,500,15,3000,3000,3000,3000,"fast","control_informative",0.05,5,0.01,"","separate_mirage","trait2","pp08_discoveries",0.8,2
20260899,87,500,15,3000,3000,3000,3000,"fast","control_informative",0.05,5,0.01,"","separate_mirage","pleiotropy","pp08_power",0.8,0
20260899,87,500,15,3000,3000,3000,3000,"fast","control_informative",0.05,5,0.01,"","separate_mirage","pleiotropy","pp08_fdp",0.8,0
20260899,87,500,15,3000,3000,3000,3000,"fast","control_informative",0.05,5,0.01,"","separate_mirage","pleiotropy","pp08_discoveries",0.8,0
20260899,87,500,15,3000,3000,3000,3000,"fast","control_informative",0.05,5,0.01,"","separate_mirage","trait1","bfdr_observed_fdp",0.01,0
20260899,87,500,15,3000,3000,3000,3000,"fast","control_informative",0.05,5,0.01,"","separate_mirage","trait1","bfdr_estimate",0.01,0.0043564195663916
20260899,87,500,15,3000,3000,3000,3000,"fast","control_informative",0.05,5,0.01,"","separate_mirage","trait1","bfdr_power",0.01,0.16
20260899,87,500,15,3000,3000,3000,3000,"fast","control_informative",0.05,5,0.01,"","separate_mirage","trait1","bfdr_discoveries",0.01,4
20260899,87,500,15,3000,3000,3000,3000,"fast","control_informative",0.05,5,0.01,"","separate_mirage","trait1","bfdr_observed_fdp",0.05,0
20260899,87,500,15,3000,3000,3000,3000,"fast","control_informative",0.05,5,0.01,"","separate_mirage","trait1","bfdr_estimate",0.05,0.0043564195663916
20260899,87,500,15,3000,3000,3000,3000,"fast","control_informative",0.05,5,0.01,"","separate_mirage","trait1","bfdr_power",0.05,0.16
20260899,87,500,15,3000,3000,3000,3000,"fast","control_informative",0.05,5,0.01,"","separate_mirage","trait1","bfdr_discoveries",0.05,4
20260899,87,500,15,3000,3000,3000,3000,"fast","control_informative",0.05,5,0.01,"","separate_mirage","trait1","bfdr_observed_fdp",0.1,0
20260899,87,500,15,3000,3000,3000,3000,"fast","control_informative",0.05,5,0.01,"","separate_mirage","trait1","bfdr_estimate",0.1,0.0043564195663916
20260899,87,500,15,3000,3000,3000,3000,"fast","control_informative",0.05,5,0.01,"","separate_mirage","trait1","bfdr_power",0.1,0.16
20260899,87,500,15,3000,3000,3000,3000,"fast","control_informative",0.05,5,0.01,"","separate_mirage","trait1","bfdr_discoveries",0.1,4
20260899,87,500,15,3000,3000,3000,3000,"fast","control_informative",0.05,5,0.01,"","separate_mirage","trait1","bfdr_observed_fdp",0.2,0.2
20260899,87,500,15,3000,3000,3000,3000,"fast","control_informative",0.05,5,0.01,"","separate_mirage","trait1","bfdr_estimate",0.2,0.126413913515391
20260899,87,500,15,3000,3000,3000,3000,"fast","control_informative",0.05,5,0.01,"","separate_mirage","trait1","bfdr_power",0.2,0.16
20260899,87,500,15,3000,3000,3000,3000,"fast","control_informative",0.05,5,0.01,"","separate_mirage","trait1","bfdr_discoveries",0.2,5
20260899,87,500,15,3000,3000,3000,3000,"fast","control_informative",0.05,5,0.01,"","separate_mirage","trait2","bfdr_observed_fdp",0.01,0
20260899,87,500,15,3000,3000,3000,3000,"fast","control_informative",0.05,5,0.01,"","separate_mirage","trait2","bfdr_estimate",0.01,0.00807174154332457
20260899,87,500,15,3000,3000,3000,3000,"fast","control_informative",0.05,5,0.01,"","separate_mirage","trait2","bfdr_power",0.01,0.1
20260899,87,500,15,3000,3000,3000,3000,"fast","control_informative",0.05,5,0.01,"","separate_mirage","trait2","bfdr_discoveries",0.01,1
20260899,87,500,15,3000,3000,3000,3000,"fast","control_informative",0.05,5,0.01,"","separate_mirage","trait2","bfdr_observed_fdp",0.05,0
20260899,87,500,15,3000,3000,3000,3000,"fast","control_informative",0.05,5,0.01,"","separate_mirage","trait2","bfdr_estimate",0.05,0.0148866632519155
20260899,87,500,15,3000,3000,3000,3000,"fast","control_informative",0.05,5,0.01,"","separate_mirage","trait2","bfdr_power",0.05,0.2
20260899,87,500,15,3000,3000,3000,3000,"fast","control_informative",0.05,5,0.01,"","separate_mirage","trait2","bfdr_discoveries",0.05,2
20260899,87,500,15,3000,3000,3000,3000,"fast","control_informative",0.05,5,0.01,"","separate_mirage","trait2","bfdr_observed_fdp",0.1,0
20260899,87,500,15,3000,3000,3000,3000,"fast","control_informative",0.05,5,0.01,"","separate_mirage","trait2","bfdr_estimate",0.1,0.0148866632519155
20260899,87,500,15,3000,3000,3000,3000,"fast","control_informative",0.05,5,0.01,"","separate_mirage","trait2","bfdr_power",0.1,0.2
20260899,87,500,15,3000,3000,3000,3000,"fast","control_informative",0.05,5,0.01,"","separate_mirage","trait2","bfdr_discoveries",0.1,2
20260899,87,500,15,3000,3000,3000,3000,"fast","control_informative",0.05,5,0.01,"","separate_mirage","trait2","bfdr_observed_fdp",0.2,0.25
20260899,87,500,15,3000,3000,3000,3000,"fast","control_informative",0.05,5,0.01,"","separate_mirage","trait2","bfdr_estimate",0.2,0.196121478906023
20260899,87,500,15,3000,3000,3000,3000,"fast","control_informative",0.05,5,0.01,"","separate_mirage","trait2","bfdr_power",0.2,0.3
20260899,87,500,15,3000,3000,3000,3000,"fast","control_informative",0.05,5,0.01,"","separate_mirage","trait2","bfdr_discoveries",0.2,4
20260899,87,500,15,3000,3000,3000,3000,"fast","control_informative",0.05,5,0.01,"","separate_mirage","pleiotropy","bfdr_observed_fdp",0.01,0
20260899,87,500,15,3000,3000,3000,3000,"fast","control_informative",0.05,5,0.01,"","separate_mirage","pleiotropy","bfdr_estimate",0.01,0
20260899,87,500,15,3000,3000,3000,3000,"fast","control_informative",0.05,5,0.01,"","separate_mirage","pleiotropy","bfdr_power",0.01,0
20260899,87,500,15,3000,3000,3000,3000,"fast","control_informative",0.05,5,0.01,"","separate_mirage","pleiotropy","bfdr_discoveries",0.01,0
20260899,87,500,15,3000,3000,3000,3000,"fast","control_informative",0.05,5,0.01,"","separate_mirage","pleiotropy","bfdr_observed_fdp",0.05,0
20260899,87,500,15,3000,3000,3000,3000,"fast","control_informative",0.05,5,0.01,"","separate_mirage","pleiotropy","bfdr_estimate",0.05,0
20260899,87,500,15,3000,3000,3000,3000,"fast","control_informative",0.05,5,0.01,"","separate_mirage","pleiotropy","bfdr_power",0.05,0
20260899,87,500,15,3000,3000,3000,3000,"fast","control_informative",0.05,5,0.01,"","separate_mirage","pleiotropy","bfdr_discoveries",0.05,0
20260899,87,500,15,3000,3000,3000,3000,"fast","control_informative",0.05,5,0.01,"","separate_mirage","pleiotropy","bfdr_observed_fdp",0.1,0
20260899,87,500,15,3000,3000,3000,3000,"fast","control_informative",0.05,5,0.01,"","separate_mirage","pleiotropy","bfdr_estimate",0.1,0
20260899,87,500,15,3000,3000,3000,3000,"fast","control_informative",0.05,5,0.01,"","separate_mirage","pleiotropy","bfdr_power",0.1,0
20260899,87,500,15,3000,3000,3000,3000,"fast","control_informative",0.05,5,0.01,"","separate_mirage","pleiotropy","bfdr_discoveries",0.1,0
20260899,87,500,15,3000,3000,3000,3000,"fast","control_informative",0.05,5,0.01,"","separate_mirage","pleiotropy","bfdr_observed_fdp",0.2,0
20260899,87,500,15,3000,3000,3000,3000,"fast","control_informative",0.05,5,0.01,"","separate_mirage","pleiotropy","bfdr_estimate",0.2,0
20260899,87,500,15,3000,3000,3000,3000,"fast","control_informative",0.05,5,0.01,"","separate_mirage","pleiotropy","bfdr_power",0.2,0
20260899,87,500,15,3000,3000,3000,3000,"fast","control_informative",0.05,5,0.01,"","separate_mirage","pleiotropy","bfdr_discoveries",0.2,0
20260899,87,500,15,3000,3000,3000,3000,"fast","control_informative",0.05,5,0.01,"","separate_mirage","global","runtime_seconds",NA,18.5149999999999
20260899,87,500,15,3000,3000,3000,3000,"fast","control_informative",0.05,5,0.01,"","separate_mirage","pleiotropy","pi11_estimate",NA,0.001
20260899,87,500,15,3000,3000,3000,3000,"fast","control_informative",0.05,5,0.01,"","mtada_aggregated","trait1","auc",NA,0.6528
20260899,87,500,15,3000,3000,3000,3000,"fast","control_informative",0.05,5,0.01,"","mtada_aggregated","trait2","auc",NA,0.63234693877551
20260899,87,500,15,3000,3000,3000,3000,"fast","control_informative",0.05,5,0.01,"","mtada_aggregated","pleiotropy","auc",NA,0.752727272727273
20260899,87,500,15,3000,3000,3000,3000,"fast","control_informative",0.05,5,0.01,"","mtada_aggregated","trait1","pp08_power",0.8,0.36
20260899,87,500,15,3000,3000,3000,3000,"fast","control_informative",0.05,5,0.01,"","mtada_aggregated","trait1","pp08_fdp",0.8,0.82
20260899,87,500,15,3000,3000,3000,3000,"fast","control_informative",0.05,5,0.01,"","mtada_aggregated","trait1","pp08_discoveries",0.8,50
20260899,87,500,15,3000,3000,3000,3000,"fast","control_informative",0.05,5,0.01,"","mtada_aggregated","trait2","pp08_power",0.8,0.5
20260899,87,500,15,3000,3000,3000,3000,"fast","control_informative",0.05,5,0.01,"","mtada_aggregated","trait2","pp08_fdp",0.8,0.871794871794872
20260899,87,500,15,3000,3000,3000,3000,"fast","control_informative",0.05,5,0.01,"","mtada_aggregated","trait2","pp08_discoveries",0.8,39
20260899,87,500,15,3000,3000,3000,3000,"fast","control_informative",0.05,5,0.01,"","mtada_aggregated","pleiotropy","pp08_power",0.8,0.4
20260899,87,500,15,3000,3000,3000,3000,"fast","control_informative",0.05,5,0.01,"","mtada_aggregated","pleiotropy","pp08_fdp",0.8,0.714285714285714
20260899,87,500,15,3000,3000,3000,3000,"fast","control_informative",0.05,5,0.01,"","mtada_aggregated","pleiotropy","pp08_discoveries",0.8,7
20260899,87,500,15,3000,3000,3000,3000,"fast","control_informative",0.05,5,0.01,"","mtada_aggregated","trait1","bfdr_observed_fdp",0.01,0.8
20260899,87,500,15,3000,3000,3000,3000,"fast","control_informative",0.05,5,0.01,"","mtada_aggregated","trait1","bfdr_estimate",0.01,0.009504619421787
20260899,87,500,15,3000,3000,3000,3000,"fast","control_informative",0.05,5,0.01,"","mtada_aggregated","trait1","bfdr_power",0.01,0.36
20260899,87,500,15,3000,3000,3000,3000,"fast","control_informative",0.05,5,0.01,"","mtada_aggregated","trait1","bfdr_discoveries",0.01,45
20260899,87,500,15,3000,3000,3000,3000,"fast","control_informative",0.05,5,0.01,"","mtada_aggregated","trait1","bfdr_observed_fdp",0.05,0.836363636363636
20260899,87,500,15,3000,3000,3000,3000,"fast","control_informative",0.05,5,0.01,"","mtada_aggregated","trait1","bfdr_estimate",0.05,0.0476125335053613
20260899,87,500,15,3000,3000,3000,3000,"fast","control_informative",0.05,5,0.01,"","mtada_aggregated","trait1","bfdr_power",0.05,0.36
20260899,87,500,15,3000,3000,3000,3000,"fast","control_informative",0.05,5,0.01,"","mtada_aggregated","trait1","bfdr_discoveries",0.05,55
20260899,87,500,15,3000,3000,3000,3000,"fast","control_informative",0.05,5,0.01,"","mtada_aggregated","trait1","bfdr_observed_fdp",0.1,0.857142857142857
20260899,87,500,15,3000,3000,3000,3000,"fast","control_informative",0.05,5,0.01,"","mtada_aggregated","trait1","bfdr_estimate",0.1,0.0970349050909638
20260899,87,500,15,3000,3000,3000,3000,"fast","control_informative",0.05,5,0.01,"","mtada_aggregated","trait1","bfdr_power",0.1,0.36
20260899,87,500,15,3000,3000,3000,3000,"fast","control_informative",0.05,5,0.01,"","mtada_aggregated","trait1","bfdr_discoveries",0.1,63
20260899,87,500,15,3000,3000,3000,3000,"fast","control_informative",0.05,5,0.01,"","mtada_aggregated","trait1","bfdr_observed_fdp",0.2,0.881578947368421
20260899,87,500,15,3000,3000,3000,3000,"fast","control_informative",0.05,5,0.01,"","mtada_aggregated","trait1","bfdr_estimate",0.2,0.193288795444944
20260899,87,500,15,3000,3000,3000,3000,"fast","control_informative",0.05,5,0.01,"","mtada_aggregated","trait1","bfdr_power",0.2,0.36
20260899,87,500,15,3000,3000,3000,3000,"fast","control_informative",0.05,5,0.01,"","mtada_aggregated","trait1","bfdr_discoveries",0.2,76
20260899,87,500,15,3000,3000,3000,3000,"fast","control_informative",0.05,5,0.01,"","mtada_aggregated","trait2","bfdr_observed_fdp",0.01,0.857142857142857
20260899,87,500,15,3000,3000,3000,3000,"fast","control_informative",0.05,5,0.01,"","mtada_aggregated","trait2","bfdr_estimate",0.01,0.00809572614799412
20260899,87,500,15,3000,3000,3000,3000,"fast","control_informative",0.05,5,0.01,"","mtada_aggregated","trait2","bfdr_power",0.01,0.5
20260899,87,500,15,3000,3000,3000,3000,"fast","control_informative",0.05,5,0.01,"","mtada_aggregated","trait2","bfdr_discoveries",0.01,35
20260899,87,500,15,3000,3000,3000,3000,"fast","control_informative",0.05,5,0.01,"","mtada_aggregated","trait2","bfdr_observed_fdp",0.05,0.880952380952381
20260899,87,500,15,3000,3000,3000,3000,"fast","control_informative",0.05,5,0.01,"","mtada_aggregated","trait2","bfdr_estimate",0.05,0.0433473665594282
20260899,87,500,15,3000,3000,3000,3000,"fast","control_informative",0.05,5,0.01,"","mtada_aggregated","trait2","bfdr_power",0.05,0.5
20260899,87,500,15,3000,3000,3000,3000,"fast","control_informative",0.05,5,0.01,"","mtada_aggregated","trait2","bfdr_discoveries",0.05,42
20260899,87,500,15,3000,3000,3000,3000,"fast","control_informative",0.05,5,0.01,"","mtada_aggregated","trait2","bfdr_observed_fdp",0.1,0.893617021276596
20260899,87,500,15,3000,3000,3000,3000,"fast","control_informative",0.05,5,0.01,"","mtada_aggregated","trait2","bfdr_estimate",0.1,0.0983210064520862
20260899,87,500,15,3000,3000,3000,3000,"fast","control_informative",0.05,5,0.01,"","mtada_aggregated","trait2","bfdr_power",0.1,0.5
20260899,87,500,15,3000,3000,3000,3000,"fast","control_informative",0.05,5,0.01,"","mtada_aggregated","trait2","bfdr_discoveries",0.1,47
20260899,87,500,15,3000,3000,3000,3000,"fast","control_informative",0.05,5,0.01,"","mtada_aggregated","trait2","bfdr_observed_fdp",0.2,0.910714285714286
20260899,87,500,15,3000,3000,3000,3000,"fast","control_informative",0.05,5,0.01,"","mtada_aggregated","trait2","bfdr_estimate",0.2,0.198937623262102
20260899,87,500,15,3000,3000,3000,3000,"fast","control_informative",0.05,5,0.01,"","mtada_aggregated","trait2","bfdr_power",0.2,0.5
20260899,87,500,15,3000,3000,3000,3000,"fast","control_informative",0.05,5,0.01,"","mtada_aggregated","trait2","bfdr_discoveries",0.2,56
20260899,87,500,15,3000,3000,3000,3000,"fast","control_informative",0.05,5,0.01,"","mtada_aggregated","pleiotropy","bfdr_observed_fdp",0.01,0.666666666666667
20260899,87,500,15,3000,3000,3000,3000,"fast","control_informative",0.05,5,0.01,"","mtada_aggregated","pleiotropy","bfdr_estimate",0.01,0.00138633820096094
20260899,87,500,15,3000,3000,3000,3000,"fast","control_informative",0.05,5,0.01,"","mtada_aggregated","pleiotropy","bfdr_power",0.01,0.4
20260899,87,500,15,3000,3000,3000,3000,"fast","control_informative",0.05,5,0.01,"","mtada_aggregated","pleiotropy","bfdr_discoveries",0.01,6
20260899,87,500,15,3000,3000,3000,3000,"fast","control_informative",0.05,5,0.01,"","mtada_aggregated","pleiotropy","bfdr_observed_fdp",0.05,0.714285714285714
20260899,87,500,15,3000,3000,3000,3000,"fast","control_informative",0.05,5,0.01,"","mtada_aggregated","pleiotropy","bfdr_estimate",0.05,0.0262749766226982
20260899,87,500,15,3000,3000,3000,3000,"fast","control_informative",0.05,5,0.01,"","mtada_aggregated","pleiotropy","bfdr_power",0.05,0.4
20260899,87,500,15,3000,3000,3000,3000,"fast","control_informative",0.05,5,0.01,"","mtada_aggregated","pleiotropy","bfdr_discoveries",0.05,7
20260899,87,500,15,3000,3000,3000,3000,"fast","control_informative",0.05,5,0.01,"","mtada_aggregated","pleiotropy","bfdr_observed_fdp",0.1,0.75
20260899,87,500,15,3000,3000,3000,3000,"fast","control_informative",0.05,5,0.01,"","mtada_aggregated","pleiotropy","bfdr_estimate",0.1,0.0716110336266736
20260899,87,500,15,3000,3000,3000,3000,"fast","control_informative",0.05,5,0.01,"","mtada_aggregated","pleiotropy","bfdr_power",0.1,0.4
20260899,87,500,15,3000,3000,3000,3000,"fast","control_informative",0.05,5,0.01,"","mtada_aggregated","pleiotropy","bfdr_discoveries",0.1,8
20260899,87,500,15,3000,3000,3000,3000,"fast","control_informative",0.05,5,0.01,"","mtada_aggregated","pleiotropy","bfdr_observed_fdp",0.2,0.818181818181818
20260899,87,500,15,3000,3000,3000,3000,"fast","control_informative",0.05,5,0.01,"","mtada_aggregated","pleiotropy","bfdr_estimate",0.2,0.188208152167668
20260899,87,500,15,3000,3000,3000,3000,"fast","control_informative",0.05,5,0.01,"","mtada_aggregated","pleiotropy","bfdr_power",0.2,0.4
20260899,87,500,15,3000,3000,3000,3000,"fast","control_informative",0.05,5,0.01,"","mtada_aggregated","pleiotropy","bfdr_discoveries",0.2,11
20260899,87,500,15,3000,3000,3000,3000,"fast","control_informative",0.05,5,0.01,"","mtada_aggregated","global","runtime_seconds",NA,1.0890000000004
20260899,87,500,15,3000,3000,3000,3000,"fast","control_informative",0.05,5,0.01,"","mtada_aggregated","pleiotropy","pi11_estimate",NA,0.00248439
20260900,88,500,15,3000,3000,3000,3000,"fast","control_informative",0.05,5,0.01,"","mirage_joint","trait1","auc",NA,0.606568421052632
20260900,88,500,15,3000,3000,3000,3000,"fast","control_informative",0.05,5,0.01,"","mirage_joint","trait2","auc",NA,0.798367346938776
20260900,88,500,15,3000,3000,3000,3000,"fast","control_informative",0.05,5,0.01,"","mirage_joint","pleiotropy","auc",NA,0.756767676767677
20260900,88,500,15,3000,3000,3000,3000,"fast","control_informative",0.05,5,0.01,"","mirage_joint","trait1","pp08_power",0.8,0.12
20260900,88,500,15,3000,3000,3000,3000,"fast","control_informative",0.05,5,0.01,"","mirage_joint","trait1","pp08_fdp",0.8,0
20260900,88,500,15,3000,3000,3000,3000,"fast","control_informative",0.05,5,0.01,"","mirage_joint","trait1","pp08_discoveries",0.8,3
20260900,88,500,15,3000,3000,3000,3000,"fast","control_informative",0.05,5,0.01,"","mirage_joint","trait2","pp08_power",0.8,0.2
20260900,88,500,15,3000,3000,3000,3000,"fast","control_informative",0.05,5,0.01,"","mirage_joint","trait2","pp08_fdp",0.8,0
20260900,88,500,15,3000,3000,3000,3000,"fast","control_informative",0.05,5,0.01,"","mirage_joint","trait2","pp08_discoveries",0.8,2
20260900,88,500,15,3000,3000,3000,3000,"fast","control_informative",0.05,5,0.01,"","mirage_joint","pleiotropy","pp08_power",0.8,0
20260900,88,500,15,3000,3000,3000,3000,"fast","control_informative",0.05,5,0.01,"","mirage_joint","pleiotropy","pp08_fdp",0.8,0
20260900,88,500,15,3000,3000,3000,3000,"fast","control_informative",0.05,5,0.01,"","mirage_joint","pleiotropy","pp08_discoveries",0.8,0
20260900,88,500,15,3000,3000,3000,3000,"fast","control_informative",0.05,5,0.01,"","mirage_joint","trait1","bfdr_observed_fdp",0.01,0
20260900,88,500,15,3000,3000,3000,3000,"fast","control_informative",0.05,5,0.01,"","mirage_joint","trait1","bfdr_estimate",0.01,0.00868763495453417
20260900,88,500,15,3000,3000,3000,3000,"fast","control_informative",0.05,5,0.01,"","mirage_joint","trait1","bfdr_power",0.01,0.04
20260900,88,500,15,3000,3000,3000,3000,"fast","control_informative",0.05,5,0.01,"","mirage_joint","trait1","bfdr_discoveries",0.01,1
20260900,88,500,15,3000,3000,3000,3000,"fast","control_informative",0.05,5,0.01,"","mirage_joint","trait1","bfdr_observed_fdp",0.05,0
20260900,88,500,15,3000,3000,3000,3000,"fast","control_informative",0.05,5,0.01,"","mirage_joint","trait1","bfdr_estimate",0.05,0.0231968764232642
20260900,88,500,15,3000,3000,3000,3000,"fast","control_informative",0.05,5,0.01,"","mirage_joint","trait1","bfdr_power",0.05,0.08
20260900,88,500,15,3000,3000,3000,3000,"fast","control_informative",0.05,5,0.01,"","mirage_joint","trait1","bfdr_discoveries",0.05,2
20260900,88,500,15,3000,3000,3000,3000,"fast","control_informative",0.05,5,0.01,"","mirage_joint","trait1","bfdr_observed_fdp",0.1,0
20260900,88,500,15,3000,3000,3000,3000,"fast","control_informative",0.05,5,0.01,"","mirage_joint","trait1","bfdr_estimate",0.1,0.0525816542263936
20260900,88,500,15,3000,3000,3000,3000,"fast","control_informative",0.05,5,0.01,"","mirage_joint","trait1","bfdr_power",0.1,0.12
20260900,88,500,15,3000,3000,3000,3000,"fast","control_informative",0.05,5,0.01,"","mirage_joint","trait1","bfdr_discoveries",0.1,3
20260900,88,500,15,3000,3000,3000,3000,"fast","control_informative",0.05,5,0.01,"","mirage_joint","trait1","bfdr_observed_fdp",0.2,0.25
20260900,88,500,15,3000,3000,3000,3000,"fast","control_informative",0.05,5,0.01,"","mirage_joint","trait1","bfdr_estimate",0.2,0.167638543744333
20260900,88,500,15,3000,3000,3000,3000,"fast","control_informative",0.05,5,0.01,"","mirage_joint","trait1","bfdr_power",0.2,0.12
20260900,88,500,15,3000,3000,3000,3000,"fast","control_informative",0.05,5,0.01,"","mirage_joint","trait1","bfdr_discoveries",0.2,4
20260900,88,500,15,3000,3000,3000,3000,"fast","control_informative",0.05,5,0.01,"","mirage_joint","trait2","bfdr_observed_fdp",0.01,0
20260900,88,500,15,3000,3000,3000,3000,"fast","control_informative",0.05,5,0.01,"","mirage_joint","trait2","bfdr_estimate",0.01,3.48399642469133e-10
20260900,88,500,15,3000,3000,3000,3000,"fast","control_informative",0.05,5,0.01,"","mirage_joint","trait2","bfdr_power",0.01,0.1
20260900,88,500,15,3000,3000,3000,3000,"fast","control_informative",0.05,5,0.01,"","mirage_joint","trait2","bfdr_discoveries",0.01,1
20260900,88,500,15,3000,3000,3000,3000,"fast","control_informative",0.05,5,0.01,"","mirage_joint","trait2","bfdr_observed_fdp",0.05,0
20260900,88,500,15,3000,3000,3000,3000,"fast","control_informative",0.05,5,0.01,"","mirage_joint","trait2","bfdr_estimate",0.05,0.0195162840779144
20260900,88,500,15,3000,3000,3000,3000,"fast","control_informative",0.05,5,0.01,"","mirage_joint","trait2","bfdr_power",0.05,0.2
20260900,88,500,15,3000,3000,3000,3000,"fast","control_informative",0.05,5,0.01,"","mirage_joint","trait2","bfdr_discoveries",0.05,2
20260900,88,500,15,3000,3000,3000,3000,"fast","control_informative",0.05,5,0.01,"","mirage_joint","trait2","bfdr_observed_fdp",0.1,0
20260900,88,500,15,3000,3000,3000,3000,"fast","control_informative",0.05,5,0.01,"","mirage_joint","trait2","bfdr_estimate",0.1,0.0195162840779144
20260900,88,500,15,3000,3000,3000,3000,"fast","control_informative",0.05,5,0.01,"","mirage_joint","trait2","bfdr_power",0.1,0.2
20260900,88,500,15,3000,3000,3000,3000,"fast","control_informative",0.05,5,0.01,"","mirage_joint","trait2","bfdr_discoveries",0.1,2
20260900,88,500,15,3000,3000,3000,3000,"fast","control_informative",0.05,5,0.01,"","mirage_joint","trait2","bfdr_observed_fdp",0.2,0
20260900,88,500,15,3000,3000,3000,3000,"fast","control_informative",0.05,5,0.01,"","mirage_joint","trait2","bfdr_estimate",0.2,0.151292499884959
20260900,88,500,15,3000,3000,3000,3000,"fast","control_informative",0.05,5,0.01,"","mirage_joint","trait2","bfdr_power",0.2,0.3
20260900,88,500,15,3000,3000,3000,3000,"fast","control_informative",0.05,5,0.01,"","mirage_joint","trait2","bfdr_discoveries",0.2,3
20260900,88,500,15,3000,3000,3000,3000,"fast","control_informative",0.05,5,0.01,"","mirage_joint","pleiotropy","bfdr_observed_fdp",0.01,0
20260900,88,500,15,3000,3000,3000,3000,"fast","control_informative",0.05,5,0.01,"","mirage_joint","pleiotropy","bfdr_estimate",0.01,0
20260900,88,500,15,3000,3000,3000,3000,"fast","control_informative",0.05,5,0.01,"","mirage_joint","pleiotropy","bfdr_power",0.01,0
20260900,88,500,15,3000,3000,3000,3000,"fast","control_informative",0.05,5,0.01,"","mirage_joint","pleiotropy","bfdr_discoveries",0.01,0
20260900,88,500,15,3000,3000,3000,3000,"fast","control_informative",0.05,5,0.01,"","mirage_joint","pleiotropy","bfdr_observed_fdp",0.05,0
20260900,88,500,15,3000,3000,3000,3000,"fast","control_informative",0.05,5,0.01,"","mirage_joint","pleiotropy","bfdr_estimate",0.05,0
20260900,88,500,15,3000,3000,3000,3000,"fast","control_informative",0.05,5,0.01,"","mirage_joint","pleiotropy","bfdr_power",0.05,0
20260900,88,500,15,3000,3000,3000,3000,"fast","control_informative",0.05,5,0.01,"","mirage_joint","pleiotropy","bfdr_discoveries",0.05,0
20260900,88,500,15,3000,3000,3000,3000,"fast","control_informative",0.05,5,0.01,"","mirage_joint","pleiotropy","bfdr_observed_fdp",0.1,0
20260900,88,500,15,3000,3000,3000,3000,"fast","control_informative",0.05,5,0.01,"","mirage_joint","pleiotropy","bfdr_estimate",0.1,0
20260900,88,500,15,3000,3000,3000,3000,"fast","control_informative",0.05,5,0.01,"","mirage_joint","pleiotropy","bfdr_power",0.1,0
20260900,88,500,15,3000,3000,3000,3000,"fast","control_informative",0.05,5,0.01,"","mirage_joint","pleiotropy","bfdr_discoveries",0.1,0
20260900,88,500,15,3000,3000,3000,3000,"fast","control_informative",0.05,5,0.01,"","mirage_joint","pleiotropy","bfdr_observed_fdp",0.2,0
20260900,88,500,15,3000,3000,3000,3000,"fast","control_informative",0.05,5,0.01,"","mirage_joint","pleiotropy","bfdr_estimate",0.2,0
20260900,88,500,15,3000,3000,3000,3000,"fast","control_informative",0.05,5,0.01,"","mirage_joint","pleiotropy","bfdr_power",0.2,0
20260900,88,500,15,3000,3000,3000,3000,"fast","control_informative",0.05,5,0.01,"","mirage_joint","pleiotropy","bfdr_discoveries",0.2,0
20260900,88,500,15,3000,3000,3000,3000,"fast","control_informative",0.05,5,0.01,"","mirage_joint","global","runtime_seconds",NA,19.1259999999997
20260900,88,500,15,3000,3000,3000,3000,"fast","control_informative",0.05,5,0.01,"","mirage_joint","pleiotropy","pi11_estimate",NA,0.000515598115331451
20260900,88,500,15,3000,3000,3000,3000,"fast","control_informative",0.05,5,0.01,"","separate_mirage","trait1","auc",NA,0.644631578947368
20260900,88,500,15,3000,3000,3000,3000,"fast","control_informative",0.05,5,0.01,"","separate_mirage","trait2","auc",NA,0.752448979591837
20260900,88,500,15,3000,3000,3000,3000,"fast","control_informative",0.05,5,0.01,"","separate_mirage","pleiotropy","auc",NA,0.787474747474747
20260900,88,500,15,3000,3000,3000,3000,"fast","control_informative",0.05,5,0.01,"","separate_mirage","trait1","pp08_power",0.8,0.08
20260900,88,500,15,3000,3000,3000,3000,"fast","control_informative",0.05,5,0.01,"","separate_mirage","trait1","pp08_fdp",0.8,0
20260900,88,500,15,3000,3000,3000,3000,"fast","control_informative",0.05,5,0.01,"","separate_mirage","trait1","pp08_discoveries",0.8,2
20260900,88,500,15,3000,3000,3000,3000,"fast","control_informative",0.05,5,0.01,"","separate_mirage","trait2","pp08_power",0.8,0.2
20260900,88,500,15,3000,3000,3000,3000,"fast","control_informative",0.05,5,0.01,"","separate_mirage","trait2","pp08_fdp",0.8,0
20260900,88,500,15,3000,3000,3000,3000,"fast","control_informative",0.05,5,0.01,"","separate_mirage","trait2","pp08_discoveries",0.8,2
20260900,88,500,15,3000,3000,3000,3000,"fast","control_informative",0.05,5,0.01,"","separate_mirage","pleiotropy","pp08_power",0.8,0
20260900,88,500,15,3000,3000,3000,3000,"fast","control_informative",0.05,5,0.01,"","separate_mirage","pleiotropy","pp08_fdp",0.8,0
20260900,88,500,15,3000,3000,3000,3000,"fast","control_informative",0.05,5,0.01,"","separate_mirage","pleiotropy","pp08_discoveries",0.8,0
20260900,88,500,15,3000,3000,3000,3000,"fast","control_informative",0.05,5,0.01,"","separate_mirage","trait1","bfdr_observed_fdp",0.01,0
20260900,88,500,15,3000,3000,3000,3000,"fast","control_informative",0.05,5,0.01,"","separate_mirage","trait1","bfdr_estimate",0.01,0
20260900,88,500,15,3000,3000,3000,3000,"fast","control_informative",0.05,5,0.01,"","separate_mirage","trait1","bfdr_power",0.01,0
20260900,88,500,15,3000,3000,3000,3000,"fast","control_informative",0.05,5,0.01,"","separate_mirage","trait1","bfdr_discoveries",0.01,0
20260900,88,500,15,3000,3000,3000,3000,"fast","control_informative",0.05,5,0.01,"","separate_mirage","trait1","bfdr_observed_fdp",0.05,0
20260900,88,500,15,3000,3000,3000,3000,"fast","control_informative",0.05,5,0.01,"","separate_mirage","trait1","bfdr_estimate",0.05,0.042319163264568
20260900,88,500,15,3000,3000,3000,3000,"fast","control_informative",0.05,5,0.01,"","separate_mirage","trait1","bfdr_power",0.05,0.08
20260900,88,500,15,3000,3000,3000,3000,"fast","control_informative",0.05,5,0.01,"","separate_mirage","trait1","bfdr_discoveries",0.05,2
20260900,88,500,15,3000,3000,3000,3000,"fast","control_informative",0.05,5,0.01,"","separate_mirage","trait1","bfdr_observed_fdp",0.1,0
20260900,88,500,15,3000,3000,3000,3000,"fast","control_informative",0.05,5,0.01,"","separate_mirage","trait1","bfdr_estimate",0.1,0.042319163264568
20260900,88,500,15,3000,3000,3000,3000,"fast","control_informative",0.05,5,0.01,"","separate_mirage","trait1","bfdr_power",0.1,0.08
20260900,88,500,15,3000,3000,3000,3000,"fast","control_informative",0.05,5,0.01,"","separate_mirage","trait1","bfdr_discoveries",0.1,2
20260900,88,500,15,3000,3000,3000,3000,"fast","control_informative",0.05,5,0.01,"","separate_mirage","trait1","bfdr_observed_fdp",0.2,0
20260900,88,500,15,3000,3000,3000,3000,"fast","control_informative",0.05,5,0.01,"","separate_mirage","trait1","bfdr_estimate",0.2,0.106075945243715
20260900,88,500,15,3000,3000,3000,3000,"fast","control_informative",0.05,5,0.01,"","separate_mirage","trait1","bfdr_power",0.2,0.12
20260900,88,500,15,3000,3000,3000,3000,"fast","control_informative",0.05,5,0.01,"","separate_mirage","trait1","bfdr_discoveries",0.2,3
20260900,88,500,15,3000,3000,3000,3000,"fast","control_informative",0.05,5,0.01,"","separate_mirage","trait2","bfdr_observed_fdp",0.01,0
20260900,88,500,15,3000,3000,3000,3000,"fast","control_informative",0.05,5,0.01,"","separate_mirage","trait2","bfdr_estimate",0.01,4.66852334568557e-10
20260900,88,500,15,3000,3000,3000,3000,"fast","control_informative",0.05,5,0.01,"","separate_mirage","trait2","bfdr_power",0.01,0.1
20260900,88,500,15,3000,3000,3000,3000,"fast","control_informative",0.05,5,0.01,"","separate_mirage","trait2","bfdr_discoveries",0.01,1
20260900,88,500,15,3000,3000,3000,3000,"fast","control_informative",0.05,5,0.01,"","separate_mirage","trait2","bfdr_observed_fdp",0.05,0
20260900,88,500,15,3000,3000,3000,3000,"fast","control_informative",0.05,5,0.01,"","separate_mirage","trait2","bfdr_estimate",0.05,0.0241931332503216
20260900,88,500,15,3000,3000,3000,3000,"fast","control_informative",0.05,5,0.01,"","separate_mirage","trait2","bfdr_power",0.05,0.2
20260900,88,500,15,3000,3000,3000,3000,"fast","control_informative",0.05,5,0.01,"","separate_mirage","trait2","bfdr_discoveries",0.05,2
20260900,88,500,15,3000,3000,3000,3000,"fast","control_informative",0.05,5,0.01,"","separate_mirage","trait2","bfdr_observed_fdp",0.1,0
20260900,88,500,15,3000,3000,3000,3000,"fast","control_informative",0.05,5,0.01,"","separate_mirage","trait2","bfdr_estimate",0.1,0.0241931332503216
20260900,88,500,15,3000,3000,3000,3000,"fast","control_informative",0.05,5,0.01,"","separate_mirage","trait2","bfdr_power",0.1,0.2
20260900,88,500,15,3000,3000,3000,3000,"fast","control_informative",0.05,5,0.01,"","separate_mirage","trait2","bfdr_discoveries",0.1,2
20260900,88,500,15,3000,3000,3000,3000,"fast","control_informative",0.05,5,0.01,"","separate_mirage","trait2","bfdr_observed_fdp",0.2,0
20260900,88,500,15,3000,3000,3000,3000,"fast","control_informative",0.05,5,0.01,"","separate_mirage","trait2","bfdr_estimate",0.2,0.149315556078904
20260900,88,500,15,3000,3000,3000,3000,"fast","control_informative",0.05,5,0.01,"","separate_mirage","trait2","bfdr_power",0.2,0.3
20260900,88,500,15,3000,3000,3000,3000,"fast","control_informative",0.05,5,0.01,"","separate_mirage","trait2","bfdr_discoveries",0.2,3
20260900,88,500,15,3000,3000,3000,3000,"fast","control_informative",0.05,5,0.01,"","separate_mirage","pleiotropy","bfdr_observed_fdp",0.01,0
20260900,88,500,15,3000,3000,3000,3000,"fast","control_informative",0.05,5,0.01,"","separate_mirage","pleiotropy","bfdr_estimate",0.01,0
20260900,88,500,15,3000,3000,3000,3000,"fast","control_informative",0.05,5,0.01,"","separate_mirage","pleiotropy","bfdr_power",0.01,0
20260900,88,500,15,3000,3000,3000,3000,"fast","control_informative",0.05,5,0.01,"","separate_mirage","pleiotropy","bfdr_discoveries",0.01,0
20260900,88,500,15,3000,3000,3000,3000,"fast","control_informative",0.05,5,0.01,"","separate_mirage","pleiotropy","bfdr_observed_fdp",0.05,0
20260900,88,500,15,3000,3000,3000,3000,"fast","control_informative",0.05,5,0.01,"","separate_mirage","pleiotropy","bfdr_estimate",0.05,0
20260900,88,500,15,3000,3000,3000,3000,"fast","control_informative",0.05,5,0.01,"","separate_mirage","pleiotropy","bfdr_power",0.05,0
20260900,88,500,15,3000,3000,3000,3000,"fast","control_informative",0.05,5,0.01,"","separate_mirage","pleiotropy","bfdr_discoveries",0.05,0
20260900,88,500,15,3000,3000,3000,3000,"fast","control_informative",0.05,5,0.01,"","separate_mirage","pleiotropy","bfdr_observed_fdp",0.1,0
20260900,88,500,15,3000,3000,3000,3000,"fast","control_informative",0.05,5,0.01,"","separate_mirage","pleiotropy","bfdr_estimate",0.1,0
20260900,88,500,15,3000,3000,3000,3000,"fast","control_informative",0.05,5,0.01,"","separate_mirage","pleiotropy","bfdr_power",0.1,0
20260900,88,500,15,3000,3000,3000,3000,"fast","control_informative",0.05,5,0.01,"","separate_mirage","pleiotropy","bfdr_discoveries",0.1,0
20260900,88,500,15,3000,3000,3000,3000,"fast","control_informative",0.05,5,0.01,"","separate_mirage","pleiotropy","bfdr_observed_fdp",0.2,0
20260900,88,500,15,3000,3000,3000,3000,"fast","control_informative",0.05,5,0.01,"","separate_mirage","pleiotropy","bfdr_estimate",0.2,0
20260900,88,500,15,3000,3000,3000,3000,"fast","control_informative",0.05,5,0.01,"","separate_mirage","pleiotropy","bfdr_power",0.2,0
20260900,88,500,15,3000,3000,3000,3000,"fast","control_informative",0.05,5,0.01,"","separate_mirage","pleiotropy","bfdr_discoveries",0.2,0
20260900,88,500,15,3000,3000,3000,3000,"fast","control_informative",0.05,5,0.01,"","separate_mirage","global","runtime_seconds",NA,18.6930000000002
20260900,88,500,15,3000,3000,3000,3000,"fast","control_informative",0.05,5,0.01,"","separate_mirage","pleiotropy","pi11_estimate",NA,0.001
20260900,88,500,15,3000,3000,3000,3000,"fast","control_informative",0.05,5,0.01,"","mtada_aggregated","trait1","auc",NA,0.74138947368421
20260900,88,500,15,3000,3000,3000,3000,"fast","control_informative",0.05,5,0.01,"","mtada_aggregated","trait2","auc",NA,0.752040816326531
20260900,88,500,15,3000,3000,3000,3000,"fast","control_informative",0.05,5,0.01,"","mtada_aggregated","pleiotropy","auc",NA,0.723636363636364
20260900,88,500,15,3000,3000,3000,3000,"fast","control_informative",0.05,5,0.01,"","mtada_aggregated","trait1","pp08_power",0.8,0.24
20260900,88,500,15,3000,3000,3000,3000,"fast","control_informative",0.05,5,0.01,"","mtada_aggregated","trait1","pp08_fdp",0.8,0.863636363636364
20260900,88,500,15,3000,3000,3000,3000,"fast","control_informative",0.05,5,0.01,"","mtada_aggregated","trait1","pp08_discoveries",0.8,44
20260900,88,500,15,3000,3000,3000,3000,"fast","control_informative",0.05,5,0.01,"","mtada_aggregated","trait2","pp08_power",0.8,0.3
20260900,88,500,15,3000,3000,3000,3000,"fast","control_informative",0.05,5,0.01,"","mtada_aggregated","trait2","pp08_fdp",0.8,0.928571428571429
20260900,88,500,15,3000,3000,3000,3000,"fast","control_informative",0.05,5,0.01,"","mtada_aggregated","trait2","pp08_discoveries",0.8,42
20260900,88,500,15,3000,3000,3000,3000,"fast","control_informative",0.05,5,0.01,"","mtada_aggregated","pleiotropy","pp08_power",0.8,0.2
20260900,88,500,15,3000,3000,3000,3000,"fast","control_informative",0.05,5,0.01,"","mtada_aggregated","pleiotropy","pp08_fdp",0.8,0.833333333333333
20260900,88,500,15,3000,3000,3000,3000,"fast","control_informative",0.05,5,0.01,"","mtada_aggregated","pleiotropy","pp08_discoveries",0.8,6
20260900,88,500,15,3000,3000,3000,3000,"fast","control_informative",0.05,5,0.01,"","mtada_aggregated","trait1","bfdr_observed_fdp",0.01,0.837837837837838
20260900,88,500,15,3000,3000,3000,3000,"fast","control_informative",0.05,5,0.01,"","mtada_aggregated","trait1","bfdr_estimate",0.01,0.00883026957965703
20260900,88,500,15,3000,3000,3000,3000,"fast","control_informative",0.05,5,0.01,"","mtada_aggregated","trait1","bfdr_power",0.01,0.24
20260900,88,500,15,3000,3000,3000,3000,"fast","control_informative",0.05,5,0.01,"","mtada_aggregated","trait1","bfdr_discoveries",0.01,37
20260900,88,500,15,3000,3000,3000,3000,"fast","control_informative",0.05,5,0.01,"","mtada_aggregated","trait1","bfdr_observed_fdp",0.05,0.851063829787234
20260900,88,500,15,3000,3000,3000,3000,"fast","control_informative",0.05,5,0.01,"","mtada_aggregated","trait1","bfdr_estimate",0.05,0.043760192995732
20260900,88,500,15,3000,3000,3000,3000,"fast","control_informative",0.05,5,0.01,"","mtada_aggregated","trait1","bfdr_power",0.05,0.28
20260900,88,500,15,3000,3000,3000,3000,"fast","control_informative",0.05,5,0.01,"","mtada_aggregated","trait1","bfdr_discoveries",0.05,47
20260900,88,500,15,3000,3000,3000,3000,"fast","control_informative",0.05,5,0.01,"","mtada_aggregated","trait1","bfdr_observed_fdp",0.1,0.849056603773585
20260900,88,500,15,3000,3000,3000,3000,"fast","control_informative",0.05,5,0.01,"","mtada_aggregated","trait1","bfdr_estimate",0.1,0.0965185495763824
20260900,88,500,15,3000,3000,3000,3000,"fast","control_informative",0.05,5,0.01,"","mtada_aggregated","trait1","bfdr_power",0.1,0.32
20260900,88,500,15,3000,3000,3000,3000,"fast","control_informative",0.05,5,0.01,"","mtada_aggregated","trait1","bfdr_discoveries",0.1,53
20260900,88,500,15,3000,3000,3000,3000,"fast","control_informative",0.05,5,0.01,"","mtada_aggregated","trait1","bfdr_observed_fdp",0.2,0.854838709677419
20260900,88,500,15,3000,3000,3000,3000,"fast","control_informative",0.05,5,0.01,"","mtada_aggregated","trait1","bfdr_estimate",0.2,0.195713932547685
20260900,88,500,15,3000,3000,3000,3000,"fast","control_informative",0.05,5,0.01,"","mtada_aggregated","trait1","bfdr_power",0.2,0.36
20260900,88,500,15,3000,3000,3000,3000,"fast","control_informative",0.05,5,0.01,"","mtada_aggregated","trait1","bfdr_discoveries",0.2,62
20260900,88,500,15,3000,3000,3000,3000,"fast","control_informative",0.05,5,0.01,"","mtada_aggregated","trait2","bfdr_observed_fdp",0.01,0.916666666666667
20260900,88,500,15,3000,3000,3000,3000,"fast","control_informative",0.05,5,0.01,"","mtada_aggregated","trait2","bfdr_estimate",0.01,0.0082244850253611
20260900,88,500,15,3000,3000,3000,3000,"fast","control_informative",0.05,5,0.01,"","mtada_aggregated","trait2","bfdr_power",0.01,0.3
20260900,88,500,15,3000,3000,3000,3000,"fast","control_informative",0.05,5,0.01,"","mtada_aggregated","trait2","bfdr_discoveries",0.01,36
20260900,88,500,15,3000,3000,3000,3000,"fast","control_informative",0.05,5,0.01,"","mtada_aggregated","trait2","bfdr_observed_fdp",0.05,0.936170212765957
20260900,88,500,15,3000,3000,3000,3000,"fast","control_informative",0.05,5,0.01,"","mtada_aggregated","trait2","bfdr_estimate",0.05,0.0463062794015405
20260900,88,500,15,3000,3000,3000,3000,"fast","control_informative",0.05,5,0.01,"","mtada_aggregated","trait2","bfdr_power",0.05,0.3
20260900,88,500,15,3000,3000,3000,3000,"fast","control_informative",0.05,5,0.01,"","mtada_aggregated","trait2","bfdr_discoveries",0.05,47
20260900,88,500,15,3000,3000,3000,3000,"fast","control_informative",0.05,5,0.01,"","mtada_aggregated","trait2","bfdr_observed_fdp",0.1,0.945454545454545
20260900,88,500,15,3000,3000,3000,3000,"fast","control_informative",0.05,5,0.01,"","mtada_aggregated","trait2","bfdr_estimate",0.1,0.0994736709285806
20260900,88,500,15,3000,3000,3000,3000,"fast","control_informative",0.05,5,0.01,"","mtada_aggregated","trait2","bfdr_power",0.1,0.3
20260900,88,500,15,3000,3000,3000,3000,"fast","control_informative",0.05,5,0.01,"","mtada_aggregated","trait2","bfdr_discoveries",0.1,55
20260900,88,500,15,3000,3000,3000,3000,"fast","control_informative",0.05,5,0.01,"","mtada_aggregated","trait2","bfdr_observed_fdp",0.2,0.953846153846154
20260900,88,500,15,3000,3000,3000,3000,"fast","control_informative",0.05,5,0.01,"","mtada_aggregated","trait2","bfdr_estimate",0.2,0.196035586828245
20260900,88,500,15,3000,3000,3000,3000,"fast","control_informative",0.05,5,0.01,"","mtada_aggregated","trait2","bfdr_power",0.2,0.3
20260900,88,500,15,3000,3000,3000,3000,"fast","control_informative",0.05,5,0.01,"","mtada_aggregated","trait2","bfdr_discoveries",0.2,65
20260900,88,500,15,3000,3000,3000,3000,"fast","control_informative",0.05,5,0.01,"","mtada_aggregated","pleiotropy","bfdr_observed_fdp",0.01,1
20260900,88,500,15,3000,3000,3000,3000,"fast","control_informative",0.05,5,0.01,"","mtada_aggregated","pleiotropy","bfdr_estimate",0.01,4.25986896955277e-05
20260900,88,500,15,3000,3000,3000,3000,"fast","control_informative",0.05,5,0.01,"","mtada_aggregated","pleiotropy","bfdr_power",0.01,0
20260900,88,500,15,3000,3000,3000,3000,"fast","control_informative",0.05,5,0.01,"","mtada_aggregated","pleiotropy","bfdr_discoveries",0.01,2
20260900,88,500,15,3000,3000,3000,3000,"fast","control_informative",0.05,5,0.01,"","mtada_aggregated","pleiotropy","bfdr_observed_fdp",0.05,0.833333333333333
20260900,88,500,15,3000,3000,3000,3000,"fast","control_informative",0.05,5,0.01,"","mtada_aggregated","pleiotropy","bfdr_estimate",0.05,0.0407031458136255
20260900,88,500,15,3000,3000,3000,3000,"fast","control_informative",0.05,5,0.01,"","mtada_aggregated","pleiotropy","bfdr_power",0.05,0.2
20260900,88,500,15,3000,3000,3000,3000,"fast","control_informative",0.05,5,0.01,"","mtada_aggregated","pleiotropy","bfdr_discoveries",0.05,6
20260900,88,500,15,3000,3000,3000,3000,"fast","control_informative",0.05,5,0.01,"","mtada_aggregated","pleiotropy","bfdr_observed_fdp",0.1,0.833333333333333
20260900,88,500,15,3000,3000,3000,3000,"fast","control_informative",0.05,5,0.01,"","mtada_aggregated","pleiotropy","bfdr_estimate",0.1,0.0407031458136255
20260900,88,500,15,3000,3000,3000,3000,"fast","control_informative",0.05,5,0.01,"","mtada_aggregated","pleiotropy","bfdr_power",0.1,0.2
20260900,88,500,15,3000,3000,3000,3000,"fast","control_informative",0.05,5,0.01,"","mtada_aggregated","pleiotropy","bfdr_discoveries",0.1,6
20260900,88,500,15,3000,3000,3000,3000,"fast","control_informative",0.05,5,0.01,"","mtada_aggregated","pleiotropy","bfdr_observed_fdp",0.2,0.857142857142857
20260900,88,500,15,3000,3000,3000,3000,"fast","control_informative",0.05,5,0.01,"","mtada_aggregated","pleiotropy","bfdr_estimate",0.2,0.131446018302666
20260900,88,500,15,3000,3000,3000,3000,"fast","control_informative",0.05,5,0.01,"","mtada_aggregated","pleiotropy","bfdr_power",0.2,0.2
20260900,88,500,15,3000,3000,3000,3000,"fast","control_informative",0.05,5,0.01,"","mtada_aggregated","pleiotropy","bfdr_discoveries",0.2,7
20260900,88,500,15,3000,3000,3000,3000,"fast","control_informative",0.05,5,0.01,"","mtada_aggregated","global","runtime_seconds",NA,0.900000000000091
20260900,88,500,15,3000,3000,3000,3000,"fast","control_informative",0.05,5,0.01,"","mtada_aggregated","pleiotropy","pi11_estimate",NA,0.00234982
20260901,89,500,15,3000,3000,3000,3000,"fast","control_informative",0.05,5,0.01,"","mirage_joint","trait1","auc",NA,0.660126315789474
20260901,89,500,15,3000,3000,3000,3000,"fast","control_informative",0.05,5,0.01,"","mirage_joint","trait2","auc",NA,0.577755102040816
20260901,89,500,15,3000,3000,3000,3000,"fast","control_informative",0.05,5,0.01,"","mirage_joint","pleiotropy","auc",NA,0.490909090909091
20260901,89,500,15,3000,3000,3000,3000,"fast","control_informative",0.05,5,0.01,"","mirage_joint","trait1","pp08_power",0.8,0.16
20260901,89,500,15,3000,3000,3000,3000,"fast","control_informative",0.05,5,0.01,"","mirage_joint","trait1","pp08_fdp",0.8,0
20260901,89,500,15,3000,3000,3000,3000,"fast","control_informative",0.05,5,0.01,"","mirage_joint","trait1","pp08_discoveries",0.8,4
20260901,89,500,15,3000,3000,3000,3000,"fast","control_informative",0.05,5,0.01,"","mirage_joint","trait2","pp08_power",0.8,0.1
20260901,89,500,15,3000,3000,3000,3000,"fast","control_informative",0.05,5,0.01,"","mirage_joint","trait2","pp08_fdp",0.8,0
20260901,89,500,15,3000,3000,3000,3000,"fast","control_informative",0.05,5,0.01,"","mirage_joint","trait2","pp08_discoveries",0.8,1
20260901,89,500,15,3000,3000,3000,3000,"fast","control_informative",0.05,5,0.01,"","mirage_joint","pleiotropy","pp08_power",0.8,0
20260901,89,500,15,3000,3000,3000,3000,"fast","control_informative",0.05,5,0.01,"","mirage_joint","pleiotropy","pp08_fdp",0.8,0
20260901,89,500,15,3000,3000,3000,3000,"fast","control_informative",0.05,5,0.01,"","mirage_joint","pleiotropy","pp08_discoveries",0.8,0
20260901,89,500,15,3000,3000,3000,3000,"fast","control_informative",0.05,5,0.01,"","mirage_joint","trait1","bfdr_observed_fdp",0.01,0
20260901,89,500,15,3000,3000,3000,3000,"fast","control_informative",0.05,5,0.01,"","mirage_joint","trait1","bfdr_estimate",0.01,0.000103306917471624
20260901,89,500,15,3000,3000,3000,3000,"fast","control_informative",0.05,5,0.01,"","mirage_joint","trait1","bfdr_power",0.01,0.12
20260901,89,500,15,3000,3000,3000,3000,"fast","control_informative",0.05,5,0.01,"","mirage_joint","trait1","bfdr_discoveries",0.01,3
20260901,89,500,15,3000,3000,3000,3000,"fast","control_informative",0.05,5,0.01,"","mirage_joint","trait1","bfdr_observed_fdp",0.05,0
20260901,89,500,15,3000,3000,3000,3000,"fast","control_informative",0.05,5,0.01,"","mirage_joint","trait1","bfdr_estimate",0.05,0.0178223614211685
20260901,89,500,15,3000,3000,3000,3000,"fast","control_informative",0.05,5,0.01,"","mirage_joint","trait1","bfdr_power",0.05,0.16
20260901,89,500,15,3000,3000,3000,3000,"fast","control_informative",0.05,5,0.01,"","mirage_joint","trait1","bfdr_discoveries",0.05,4
20260901,89,500,15,3000,3000,3000,3000,"fast","control_informative",0.05,5,0.01,"","mirage_joint","trait1","bfdr_observed_fdp",0.1,0
20260901,89,500,15,3000,3000,3000,3000,"fast","control_informative",0.05,5,0.01,"","mirage_joint","trait1","bfdr_estimate",0.1,0.0178223614211685
20260901,89,500,15,3000,3000,3000,3000,"fast","control_informative",0.05,5,0.01,"","mirage_joint","trait1","bfdr_power",0.1,0.16
20260901,89,500,15,3000,3000,3000,3000,"fast","control_informative",0.05,5,0.01,"","mirage_joint","trait1","bfdr_discoveries",0.1,4
20260901,89,500,15,3000,3000,3000,3000,"fast","control_informative",0.05,5,0.01,"","mirage_joint","trait1","bfdr_observed_fdp",0.2,0
20260901,89,500,15,3000,3000,3000,3000,"fast","control_informative",0.05,5,0.01,"","mirage_joint","trait1","bfdr_estimate",0.2,0.16430620728129
20260901,89,500,15,3000,3000,3000,3000,"fast","control_informative",0.05,5,0.01,"","mirage_joint","trait1","bfdr_power",0.2,0.2
20260901,89,500,15,3000,3000,3000,3000,"fast","control_informative",0.05,5,0.01,"","mirage_joint","trait1","bfdr_discoveries",0.2,5
20260901,89,500,15,3000,3000,3000,3000,"fast","control_informative",0.05,5,0.01,"","mirage_joint","trait2","bfdr_observed_fdp",0.01,0
20260901,89,500,15,3000,3000,3000,3000,"fast","control_informative",0.05,5,0.01,"","mirage_joint","trait2","bfdr_estimate",0.01,0.00695693984228019
20260901,89,500,15,3000,3000,3000,3000,"fast","control_informative",0.05,5,0.01,"","mirage_joint","trait2","bfdr_power",0.01,0.1
20260901,89,500,15,3000,3000,3000,3000,"fast","control_informative",0.05,5,0.01,"","mirage_joint","trait2","bfdr_discoveries",0.01,1
20260901,89,500,15,3000,3000,3000,3000,"fast","control_informative",0.05,5,0.01,"","mirage_joint","trait2","bfdr_observed_fdp",0.05,0
20260901,89,500,15,3000,3000,3000,3000,"fast","control_informative",0.05,5,0.01,"","mirage_joint","trait2","bfdr_estimate",0.05,0.00695693984228019
20260901,89,500,15,3000,3000,3000,3000,"fast","control_informative",0.05,5,0.01,"","mirage_joint","trait2","bfdr_power",0.05,0.1
20260901,89,500,15,3000,3000,3000,3000,"fast","control_informative",0.05,5,0.01,"","mirage_joint","trait2","bfdr_discoveries",0.05,1
20260901,89,500,15,3000,3000,3000,3000,"fast","control_informative",0.05,5,0.01,"","mirage_joint","trait2","bfdr_observed_fdp",0.1,0
20260901,89,500,15,3000,3000,3000,3000,"fast","control_informative",0.05,5,0.01,"","mirage_joint","trait2","bfdr_estimate",0.1,0.00695693984228019
20260901,89,500,15,3000,3000,3000,3000,"fast","control_informative",0.05,5,0.01,"","mirage_joint","trait2","bfdr_power",0.1,0.1
20260901,89,500,15,3000,3000,3000,3000,"fast","control_informative",0.05,5,0.01,"","mirage_joint","trait2","bfdr_discoveries",0.1,1
20260901,89,500,15,3000,3000,3000,3000,"fast","control_informative",0.05,5,0.01,"","mirage_joint","trait2","bfdr_observed_fdp",0.2,0
20260901,89,500,15,3000,3000,3000,3000,"fast","control_informative",0.05,5,0.01,"","mirage_joint","trait2","bfdr_estimate",0.2,0.00695693984228019
20260901,89,500,15,3000,3000,3000,3000,"fast","control_informative",0.05,5,0.01,"","mirage_joint","trait2","bfdr_power",0.2,0.1
20260901,89,500,15,3000,3000,3000,3000,"fast","control_informative",0.05,5,0.01,"","mirage_joint","trait2","bfdr_discoveries",0.2,1
20260901,89,500,15,3000,3000,3000,3000,"fast","control_informative",0.05,5,0.01,"","mirage_joint","pleiotropy","bfdr_observed_fdp",0.01,0
20260901,89,500,15,3000,3000,3000,3000,"fast","control_informative",0.05,5,0.01,"","mirage_joint","pleiotropy","bfdr_estimate",0.01,0
20260901,89,500,15,3000,3000,3000,3000,"fast","control_informative",0.05,5,0.01,"","mirage_joint","pleiotropy","bfdr_power",0.01,0
20260901,89,500,15,3000,3000,3000,3000,"fast","control_informative",0.05,5,0.01,"","mirage_joint","pleiotropy","bfdr_discoveries",0.01,0
20260901,89,500,15,3000,3000,3000,3000,"fast","control_informative",0.05,5,0.01,"","mirage_joint","pleiotropy","bfdr_observed_fdp",0.05,0
20260901,89,500,15,3000,3000,3000,3000,"fast","control_informative",0.05,5,0.01,"","mirage_joint","pleiotropy","bfdr_estimate",0.05,0
20260901,89,500,15,3000,3000,3000,3000,"fast","control_informative",0.05,5,0.01,"","mirage_joint","pleiotropy","bfdr_power",0.05,0
20260901,89,500,15,3000,3000,3000,3000,"fast","control_informative",0.05,5,0.01,"","mirage_joint","pleiotropy","bfdr_discoveries",0.05,0
20260901,89,500,15,3000,3000,3000,3000,"fast","control_informative",0.05,5,0.01,"","mirage_joint","pleiotropy","bfdr_observed_fdp",0.1,0
20260901,89,500,15,3000,3000,3000,3000,"fast","control_informative",0.05,5,0.01,"","mirage_joint","pleiotropy","bfdr_estimate",0.1,0
20260901,89,500,15,3000,3000,3000,3000,"fast","control_informative",0.05,5,0.01,"","mirage_joint","pleiotropy","bfdr_power",0.1,0
20260901,89,500,15,3000,3000,3000,3000,"fast","control_informative",0.05,5,0.01,"","mirage_joint","pleiotropy","bfdr_discoveries",0.1,0
20260901,89,500,15,3000,3000,3000,3000,"fast","control_informative",0.05,5,0.01,"","mirage_joint","pleiotropy","bfdr_observed_fdp",0.2,0
20260901,89,500,15,3000,3000,3000,3000,"fast","control_informative",0.05,5,0.01,"","mirage_joint","pleiotropy","bfdr_estimate",0.2,0
20260901,89,500,15,3000,3000,3000,3000,"fast","control_informative",0.05,5,0.01,"","mirage_joint","pleiotropy","bfdr_power",0.2,0
20260901,89,500,15,3000,3000,3000,3000,"fast","control_informative",0.05,5,0.01,"","mirage_joint","pleiotropy","bfdr_discoveries",0.2,0
20260901,89,500,15,3000,3000,3000,3000,"fast","control_informative",0.05,5,0.01,"","mirage_joint","global","runtime_seconds",NA,19.0810000000001
20260901,89,500,15,3000,3000,3000,3000,"fast","control_informative",0.05,5,0.01,"","mirage_joint","pleiotropy","pi11_estimate",NA,0.0105232187264946
20260901,89,500,15,3000,3000,3000,3000,"fast","control_informative",0.05,5,0.01,"","separate_mirage","trait1","auc",NA,0.631578947368421
20260901,89,500,15,3000,3000,3000,3000,"fast","control_informative",0.05,5,0.01,"","separate_mirage","trait2","auc",NA,0.548571428571429
20260901,89,500,15,3000,3000,3000,3000,"fast","control_informative",0.05,5,0.01,"","separate_mirage","pleiotropy","auc",NA,0.491313131313131
20260901,89,500,15,3000,3000,3000,3000,"fast","control_informative",0.05,5,0.01,"","separate_mirage","trait1","pp08_power",0.8,0.16
20260901,89,500,15,3000,3000,3000,3000,"fast","control_informative",0.05,5,0.01,"","separate_mirage","trait1","pp08_fdp",0.8,0
20260901,89,500,15,3000,3000,3000,3000,"fast","control_informative",0.05,5,0.01,"","separate_mirage","trait1","pp08_discoveries",0.8,4
20260901,89,500,15,3000,3000,3000,3000,"fast","control_informative",0.05,5,0.01,"","separate_mirage","trait2","pp08_power",0.8,0.1
20260901,89,500,15,3000,3000,3000,3000,"fast","control_informative",0.05,5,0.01,"","separate_mirage","trait2","pp08_fdp",0.8,0
20260901,89,500,15,3000,3000,3000,3000,"fast","control_informative",0.05,5,0.01,"","separate_mirage","trait2","pp08_discoveries",0.8,1
20260901,89,500,15,3000,3000,3000,3000,"fast","control_informative",0.05,5,0.01,"","separate_mirage","pleiotropy","pp08_power",0.8,0
20260901,89,500,15,3000,3000,3000,3000,"fast","control_informative",0.05,5,0.01,"","separate_mirage","pleiotropy","pp08_fdp",0.8,0
20260901,89,500,15,3000,3000,3000,3000,"fast","control_informative",0.05,5,0.01,"","separate_mirage","pleiotropy","pp08_discoveries",0.8,0
20260901,89,500,15,3000,3000,3000,3000,"fast","control_informative",0.05,5,0.01,"","separate_mirage","trait1","bfdr_observed_fdp",0.01,0
20260901,89,500,15,3000,3000,3000,3000,"fast","control_informative",0.05,5,0.01,"","separate_mirage","trait1","bfdr_estimate",0.01,9.73063441864393e-05
20260901,89,500,15,3000,3000,3000,3000,"fast","control_informative",0.05,5,0.01,"","separate_mirage","trait1","bfdr_power",0.01,0.12
20260901,89,500,15,3000,3000,3000,3000,"fast","control_informative",0.05,5,0.01,"","separate_mirage","trait1","bfdr_discoveries",0.01,3
20260901,89,500,15,3000,3000,3000,3000,"fast","control_informative",0.05,5,0.01,"","separate_mirage","trait1","bfdr_observed_fdp",0.05,0
20260901,89,500,15,3000,3000,3000,3000,"fast","control_informative",0.05,5,0.01,"","separate_mirage","trait1","bfdr_estimate",0.05,0.0171062832356024
20260901,89,500,15,3000,3000,3000,3000,"fast","control_informative",0.05,5,0.01,"","separate_mirage","trait1","bfdr_power",0.05,0.16
20260901,89,500,15,3000,3000,3000,3000,"fast","control_informative",0.05,5,0.01,"","separate_mirage","trait1","bfdr_discoveries",0.05,4
20260901,89,500,15,3000,3000,3000,3000,"fast","control_informative",0.05,5,0.01,"","separate_mirage","trait1","bfdr_observed_fdp",0.1,0
20260901,89,500,15,3000,3000,3000,3000,"fast","control_informative",0.05,5,0.01,"","separate_mirage","trait1","bfdr_estimate",0.1,0.0171062832356024
20260901,89,500,15,3000,3000,3000,3000,"fast","control_informative",0.05,5,0.01,"","separate_mirage","trait1","bfdr_power",0.1,0.16
20260901,89,500,15,3000,3000,3000,3000,"fast","control_informative",0.05,5,0.01,"","separate_mirage","trait1","bfdr_discoveries",0.1,4
20260901,89,500,15,3000,3000,3000,3000,"fast","control_informative",0.05,5,0.01,"","separate_mirage","trait1","bfdr_observed_fdp",0.2,0.2
20260901,89,500,15,3000,3000,3000,3000,"fast","control_informative",0.05,5,0.01,"","separate_mirage","trait1","bfdr_estimate",0.2,0.166367423218073
20260901,89,500,15,3000,3000,3000,3000,"fast","control_informative",0.05,5,0.01,"","separate_mirage","trait1","bfdr_power",0.2,0.16
20260901,89,500,15,3000,3000,3000,3000,"fast","control_informative",0.05,5,0.01,"","separate_mirage","trait1","bfdr_discoveries",0.2,5
20260901,89,500,15,3000,3000,3000,3000,"fast","control_informative",0.05,5,0.01,"","separate_mirage","trait2","bfdr_observed_fdp",0.01,0
20260901,89,500,15,3000,3000,3000,3000,"fast","control_informative",0.05,5,0.01,"","separate_mirage","trait2","bfdr_estimate",0.01,0
20260901,89,500,15,3000,3000,3000,3000,"fast","control_informative",0.05,5,0.01,"","separate_mirage","trait2","bfdr_power",0.01,0
20260901,89,500,15,3000,3000,3000,3000,"fast","control_informative",0.05,5,0.01,"","separate_mirage","trait2","bfdr_discoveries",0.01,0
20260901,89,500,15,3000,3000,3000,3000,"fast","control_informative",0.05,5,0.01,"","separate_mirage","trait2","bfdr_observed_fdp",0.05,0
20260901,89,500,15,3000,3000,3000,3000,"fast","control_informative",0.05,5,0.01,"","separate_mirage","trait2","bfdr_estimate",0.05,0.0116822558704426
20260901,89,500,15,3000,3000,3000,3000,"fast","control_informative",0.05,5,0.01,"","separate_mirage","trait2","bfdr_power",0.05,0.1
20260901,89,500,15,3000,3000,3000,3000,"fast","control_informative",0.05,5,0.01,"","separate_mirage","trait2","bfdr_discoveries",0.05,1
20260901,89,500,15,3000,3000,3000,3000,"fast","control_informative",0.05,5,0.01,"","separate_mirage","trait2","bfdr_observed_fdp",0.1,0
20260901,89,500,15,3000,3000,3000,3000,"fast","control_informative",0.05,5,0.01,"","separate_mirage","trait2","bfdr_estimate",0.1,0.0116822558704426
20260901,89,500,15,3000,3000,3000,3000,"fast","control_informative",0.05,5,0.01,"","separate_mirage","trait2","bfdr_power",0.1,0.1
20260901,89,500,15,3000,3000,3000,3000,"fast","control_informative",0.05,5,0.01,"","separate_mirage","trait2","bfdr_discoveries",0.1,1
20260901,89,500,15,3000,3000,3000,3000,"fast","control_informative",0.05,5,0.01,"","separate_mirage","trait2","bfdr_observed_fdp",0.2,0
20260901,89,500,15,3000,3000,3000,3000,"fast","control_informative",0.05,5,0.01,"","separate_mirage","trait2","bfdr_estimate",0.2,0.0116822558704426
20260901,89,500,15,3000,3000,3000,3000,"fast","control_informative",0.05,5,0.01,"","separate_mirage","trait2","bfdr_power",0.2,0.1
20260901,89,500,15,3000,3000,3000,3000,"fast","control_informative",0.05,5,0.01,"","separate_mirage","trait2","bfdr_discoveries",0.2,1
20260901,89,500,15,3000,3000,3000,3000,"fast","control_informative",0.05,5,0.01,"","separate_mirage","pleiotropy","bfdr_observed_fdp",0.01,0
20260901,89,500,15,3000,3000,3000,3000,"fast","control_informative",0.05,5,0.01,"","separate_mirage","pleiotropy","bfdr_estimate",0.01,0
20260901,89,500,15,3000,3000,3000,3000,"fast","control_informative",0.05,5,0.01,"","separate_mirage","pleiotropy","bfdr_power",0.01,0
20260901,89,500,15,3000,3000,3000,3000,"fast","control_informative",0.05,5,0.01,"","separate_mirage","pleiotropy","bfdr_discoveries",0.01,0
20260901,89,500,15,3000,3000,3000,3000,"fast","control_informative",0.05,5,0.01,"","separate_mirage","pleiotropy","bfdr_observed_fdp",0.05,0
20260901,89,500,15,3000,3000,3000,3000,"fast","control_informative",0.05,5,0.01,"","separate_mirage","pleiotropy","bfdr_estimate",0.05,0
20260901,89,500,15,3000,3000,3000,3000,"fast","control_informative",0.05,5,0.01,"","separate_mirage","pleiotropy","bfdr_power",0.05,0
20260901,89,500,15,3000,3000,3000,3000,"fast","control_informative",0.05,5,0.01,"","separate_mirage","pleiotropy","bfdr_discoveries",0.05,0
20260901,89,500,15,3000,3000,3000,3000,"fast","control_informative",0.05,5,0.01,"","separate_mirage","pleiotropy","bfdr_observed_fdp",0.1,0
20260901,89,500,15,3000,3000,3000,3000,"fast","control_informative",0.05,5,0.01,"","separate_mirage","pleiotropy","bfdr_estimate",0.1,0
20260901,89,500,15,3000,3000,3000,3000,"fast","control_informative",0.05,5,0.01,"","separate_mirage","pleiotropy","bfdr_power",0.1,0
20260901,89,500,15,3000,3000,3000,3000,"fast","control_informative",0.05,5,0.01,"","separate_mirage","pleiotropy","bfdr_discoveries",0.1,0
20260901,89,500,15,3000,3000,3000,3000,"fast","control_informative",0.05,5,0.01,"","separate_mirage","pleiotropy","bfdr_observed_fdp",0.2,0
20260901,89,500,15,3000,3000,3000,3000,"fast","control_informative",0.05,5,0.01,"","separate_mirage","pleiotropy","bfdr_estimate",0.2,0
20260901,89,500,15,3000,3000,3000,3000,"fast","control_informative",0.05,5,0.01,"","separate_mirage","pleiotropy","bfdr_power",0.2,0
20260901,89,500,15,3000,3000,3000,3000,"fast","control_informative",0.05,5,0.01,"","separate_mirage","pleiotropy","bfdr_discoveries",0.2,0
20260901,89,500,15,3000,3000,3000,3000,"fast","control_informative",0.05,5,0.01,"","separate_mirage","global","runtime_seconds",NA,18.6010000000001
20260901,89,500,15,3000,3000,3000,3000,"fast","control_informative",0.05,5,0.01,"","separate_mirage","pleiotropy","pi11_estimate",NA,0.001
20260901,89,500,15,3000,3000,3000,3000,"fast","control_informative",0.05,5,0.01,"","mtada_aggregated","trait1","auc",NA,0.732210526315789
20260901,89,500,15,3000,3000,3000,3000,"fast","control_informative",0.05,5,0.01,"","mtada_aggregated","trait2","auc",NA,0.773265306122449
20260901,89,500,15,3000,3000,3000,3000,"fast","control_informative",0.05,5,0.01,"","mtada_aggregated","pleiotropy","auc",NA,0.716767676767677
20260901,89,500,15,3000,3000,3000,3000,"fast","control_informative",0.05,5,0.01,"","mtada_aggregated","trait1","pp08_power",0.8,0.28
20260901,89,500,15,3000,3000,3000,3000,"fast","control_informative",0.05,5,0.01,"","mtada_aggregated","trait1","pp08_fdp",0.8,0.862745098039216
20260901,89,500,15,3000,3000,3000,3000,"fast","control_informative",0.05,5,0.01,"","mtada_aggregated","trait1","pp08_discoveries",0.8,51
20260901,89,500,15,3000,3000,3000,3000,"fast","control_informative",0.05,5,0.01,"","mtada_aggregated","trait2","pp08_power",0.8,0.1
20260901,89,500,15,3000,3000,3000,3000,"fast","control_informative",0.05,5,0.01,"","mtada_aggregated","trait2","pp08_fdp",0.8,0.96969696969697
20260901,89,500,15,3000,3000,3000,3000,"fast","control_informative",0.05,5,0.01,"","mtada_aggregated","trait2","pp08_discoveries",0.8,33
20260901,89,500,15,3000,3000,3000,3000,"fast","control_informative",0.05,5,0.01,"","mtada_aggregated","pleiotropy","pp08_power",0.8,0
20260901,89,500,15,3000,3000,3000,3000,"fast","control_informative",0.05,5,0.01,"","mtada_aggregated","pleiotropy","pp08_fdp",0.8,1
20260901,89,500,15,3000,3000,3000,3000,"fast","control_informative",0.05,5,0.01,"","mtada_aggregated","pleiotropy","pp08_discoveries",0.8,2
20260901,89,500,15,3000,3000,3000,3000,"fast","control_informative",0.05,5,0.01,"","mtada_aggregated","trait1","bfdr_observed_fdp",0.01,0.837209302325581
20260901,89,500,15,3000,3000,3000,3000,"fast","control_informative",0.05,5,0.01,"","mtada_aggregated","trait1","bfdr_estimate",0.01,0.00882911291066117
20260901,89,500,15,3000,3000,3000,3000,"fast","control_informative",0.05,5,0.01,"","mtada_aggregated","trait1","bfdr_power",0.01,0.28
20260901,89,500,15,3000,3000,3000,3000,"fast","control_informative",0.05,5,0.01,"","mtada_aggregated","trait1","bfdr_discoveries",0.01,43
20260901,89,500,15,3000,3000,3000,3000,"fast","control_informative",0.05,5,0.01,"","mtada_aggregated","trait1","bfdr_observed_fdp",0.05,0.854545454545454
20260901,89,500,15,3000,3000,3000,3000,"fast","control_informative",0.05,5,0.01,"","mtada_aggregated","trait1","bfdr_estimate",0.05,0.0489533399007034
20260901,89,500,15,3000,3000,3000,3000,"fast","control_informative",0.05,5,0.01,"","mtada_aggregated","trait1","bfdr_power",0.05,0.32
20260901,89,500,15,3000,3000,3000,3000,"fast","control_informative",0.05,5,0.01,"","mtada_aggregated","trait1","bfdr_discoveries",0.05,55
20260901,89,500,15,3000,3000,3000,3000,"fast","control_informative",0.05,5,0.01,"","mtada_aggregated","trait1","bfdr_observed_fdp",0.1,0.85
20260901,89,500,15,3000,3000,3000,3000,"fast","control_informative",0.05,5,0.01,"","mtada_aggregated","trait1","bfdr_estimate",0.1,0.0936993513034093
20260901,89,500,15,3000,3000,3000,3000,"fast","control_informative",0.05,5,0.01,"","mtada_aggregated","trait1","bfdr_power",0.1,0.36
20260901,89,500,15,3000,3000,3000,3000,"fast","control_informative",0.05,5,0.01,"","mtada_aggregated","trait1","bfdr_discoveries",0.1,60
20260901,89,500,15,3000,3000,3000,3000,"fast","control_informative",0.05,5,0.01,"","mtada_aggregated","trait1","bfdr_observed_fdp",0.2,0.859154929577465
20260901,89,500,15,3000,3000,3000,3000,"fast","control_informative",0.05,5,0.01,"","mtada_aggregated","trait1","bfdr_estimate",0.2,0.197415670487503
20260901,89,500,15,3000,3000,3000,3000,"fast","control_informative",0.05,5,0.01,"","mtada_aggregated","trait1","bfdr_power",0.2,0.4
20260901,89,500,15,3000,3000,3000,3000,"fast","control_informative",0.05,5,0.01,"","mtada_aggregated","trait1","bfdr_discoveries",0.2,71
20260901,89,500,15,3000,3000,3000,3000,"fast","control_informative",0.05,5,0.01,"","mtada_aggregated","trait2","bfdr_observed_fdp",0.01,0.966666666666667
20260901,89,500,15,3000,3000,3000,3000,"fast","control_informative",0.05,5,0.01,"","mtada_aggregated","trait2","bfdr_estimate",0.01,0.00802706819307391
20260901,89,500,15,3000,3000,3000,3000,"fast","control_informative",0.05,5,0.01,"","mtada_aggregated","trait2","bfdr_power",0.01,0.1
20260901,89,500,15,3000,3000,3000,3000,"fast","control_informative",0.05,5,0.01,"","mtada_aggregated","trait2","bfdr_discoveries",0.01,30
20260901,89,500,15,3000,3000,3000,3000,"fast","control_informative",0.05,5,0.01,"","mtada_aggregated","trait2","bfdr_observed_fdp",0.05,0.945945945945946
20260901,89,500,15,3000,3000,3000,3000,"fast","control_informative",0.05,5,0.01,"","mtada_aggregated","trait2","bfdr_estimate",0.05,0.0499393036208207
20260901,89,500,15,3000,3000,3000,3000,"fast","control_informative",0.05,5,0.01,"","mtada_aggregated","trait2","bfdr_power",0.05,0.2
20260901,89,500,15,3000,3000,3000,3000,"fast","control_informative",0.05,5,0.01,"","mtada_aggregated","trait2","bfdr_discoveries",0.05,37
20260901,89,500,15,3000,3000,3000,3000,"fast","control_informative",0.05,5,0.01,"","mtada_aggregated","trait2","bfdr_observed_fdp",0.1,0.952380952380952
20260901,89,500,15,3000,3000,3000,3000,"fast","control_informative",0.05,5,0.01,"","mtada_aggregated","trait2","bfdr_estimate",0.1,0.0978257783230035
20260901,89,500,15,3000,3000,3000,3000,"fast","control_informative",0.05,5,0.01,"","mtada_aggregated","trait2","bfdr_power",0.1,0.2
20260901,89,500,15,3000,3000,3000,3000,"fast","control_informative",0.05,5,0.01,"","mtada_aggregated","trait2","bfdr_discoveries",0.1,42
20260901,89,500,15,3000,3000,3000,3000,"fast","control_informative",0.05,5,0.01,"","mtada_aggregated","trait2","bfdr_observed_fdp",0.2,0.96
20260901,89,500,15,3000,3000,3000,3000,"fast","control_informative",0.05,5,0.01,"","mtada_aggregated","trait2","bfdr_estimate",0.2,0.193505682294262
20260901,89,500,15,3000,3000,3000,3000,"fast","control_informative",0.05,5,0.01,"","mtada_aggregated","trait2","bfdr_power",0.2,0.2
20260901,89,500,15,3000,3000,3000,3000,"fast","control_informative",0.05,5,0.01,"","mtada_aggregated","trait2","bfdr_discoveries",0.2,50
20260901,89,500,15,3000,3000,3000,3000,"fast","control_informative",0.05,5,0.01,"","mtada_aggregated","pleiotropy","bfdr_observed_fdp",0.01,1
20260901,89,500,15,3000,3000,3000,3000,"fast","control_informative",0.05,5,0.01,"","mtada_aggregated","pleiotropy","bfdr_estimate",0.01,5.89594109323688e-06
20260901,89,500,15,3000,3000,3000,3000,"fast","control_informative",0.05,5,0.01,"","mtada_aggregated","pleiotropy","bfdr_power",0.01,0
20260901,89,500,15,3000,3000,3000,3000,"fast","control_informative",0.05,5,0.01,"","mtada_aggregated","pleiotropy","bfdr_discoveries",0.01,1
20260901,89,500,15,3000,3000,3000,3000,"fast","control_informative",0.05,5,0.01,"","mtada_aggregated","pleiotropy","bfdr_observed_fdp",0.05,1
20260901,89,500,15,3000,3000,3000,3000,"fast","control_informative",0.05,5,0.01,"","mtada_aggregated","pleiotropy","bfdr_estimate",0.05,0.0362735194035421
20260901,89,500,15,3000,3000,3000,3000,"fast","control_informative",0.05,5,0.01,"","mtada_aggregated","pleiotropy","bfdr_power",0.05,0
20260901,89,500,15,3000,3000,3000,3000,"fast","control_informative",0.05,5,0.01,"","mtada_aggregated","pleiotropy","bfdr_discoveries",0.05,2
20260901,89,500,15,3000,3000,3000,3000,"fast","control_informative",0.05,5,0.01,"","mtada_aggregated","pleiotropy","bfdr_observed_fdp",0.1,1
20260901,89,500,15,3000,3000,3000,3000,"fast","control_informative",0.05,5,0.01,"","mtada_aggregated","pleiotropy","bfdr_estimate",0.1,0.0362735194035421
20260901,89,500,15,3000,3000,3000,3000,"fast","control_informative",0.05,5,0.01,"","mtada_aggregated","pleiotropy","bfdr_power",0.1,0
20260901,89,500,15,3000,3000,3000,3000,"fast","control_informative",0.05,5,0.01,"","mtada_aggregated","pleiotropy","bfdr_discoveries",0.1,2
20260901,89,500,15,3000,3000,3000,3000,"fast","control_informative",0.05,5,0.01,"","mtada_aggregated","pleiotropy","bfdr_observed_fdp",0.2,0.666666666666667
20260901,89,500,15,3000,3000,3000,3000,"fast","control_informative",0.05,5,0.01,"","mtada_aggregated","pleiotropy","bfdr_estimate",0.2,0.107683444819764
20260901,89,500,15,3000,3000,3000,3000,"fast","control_informative",0.05,5,0.01,"","mtada_aggregated","pleiotropy","bfdr_power",0.2,0.2
20260901,89,500,15,3000,3000,3000,3000,"fast","control_informative",0.05,5,0.01,"","mtada_aggregated","pleiotropy","bfdr_discoveries",0.2,3
20260901,89,500,15,3000,3000,3000,3000,"fast","control_informative",0.05,5,0.01,"","mtada_aggregated","global","runtime_seconds",NA,0.733999999999924
20260901,89,500,15,3000,3000,3000,3000,"fast","control_informative",0.05,5,0.01,"","mtada_aggregated","pleiotropy","pi11_estimate",NA,0.000750166
20260902,90,500,15,3000,3000,3000,3000,"fast","control_informative",0.05,5,0.01,"","mirage_joint","trait1","auc",NA,0.746105263157895
20260902,90,500,15,3000,3000,3000,3000,"fast","control_informative",0.05,5,0.01,"","mirage_joint","trait2","auc",NA,0.389795918367347
20260902,90,500,15,3000,3000,3000,3000,"fast","control_informative",0.05,5,0.01,"","mirage_joint","pleiotropy","auc",NA,0.727272727272727
20260902,90,500,15,3000,3000,3000,3000,"fast","control_informative",0.05,5,0.01,"","mirage_joint","trait1","pp08_power",0.8,0.24
20260902,90,500,15,3000,3000,3000,3000,"fast","control_informative",0.05,5,0.01,"","mirage_joint","trait1","pp08_fdp",0.8,0
20260902,90,500,15,3000,3000,3000,3000,"fast","control_informative",0.05,5,0.01,"","mirage_joint","trait1","pp08_discoveries",0.8,6
20260902,90,500,15,3000,3000,3000,3000,"fast","control_informative",0.05,5,0.01,"","mirage_joint","trait2","pp08_power",0.8,0.2
20260902,90,500,15,3000,3000,3000,3000,"fast","control_informative",0.05,5,0.01,"","mirage_joint","trait2","pp08_fdp",0.8,0
20260902,90,500,15,3000,3000,3000,3000,"fast","control_informative",0.05,5,0.01,"","mirage_joint","trait2","pp08_discoveries",0.8,2
20260902,90,500,15,3000,3000,3000,3000,"fast","control_informative",0.05,5,0.01,"","mirage_joint","pleiotropy","pp08_power",0.8,0
20260902,90,500,15,3000,3000,3000,3000,"fast","control_informative",0.05,5,0.01,"","mirage_joint","pleiotropy","pp08_fdp",0.8,0
20260902,90,500,15,3000,3000,3000,3000,"fast","control_informative",0.05,5,0.01,"","mirage_joint","pleiotropy","pp08_discoveries",0.8,0
20260902,90,500,15,3000,3000,3000,3000,"fast","control_informative",0.05,5,0.01,"","mirage_joint","trait1","bfdr_observed_fdp",0.01,0
20260902,90,500,15,3000,3000,3000,3000,"fast","control_informative",0.05,5,0.01,"","mirage_joint","trait1","bfdr_estimate",0.01,0.00817384315806628
20260902,90,500,15,3000,3000,3000,3000,"fast","control_informative",0.05,5,0.01,"","mirage_joint","trait1","bfdr_power",0.01,0.12
20260902,90,500,15,3000,3000,3000,3000,"fast","control_informative",0.05,5,0.01,"","mirage_joint","trait1","bfdr_discoveries",0.01,3
20260902,90,500,15,3000,3000,3000,3000,"fast","control_informative",0.05,5,0.01,"","mirage_joint","trait1","bfdr_observed_fdp",0.05,0
20260902,90,500,15,3000,3000,3000,3000,"fast","control_informative",0.05,5,0.01,"","mirage_joint","trait1","bfdr_estimate",0.05,0.0412936922720441
20260902,90,500,15,3000,3000,3000,3000,"fast","control_informative",0.05,5,0.01,"","mirage_joint","trait1","bfdr_power",0.05,0.24
20260902,90,500,15,3000,3000,3000,3000,"fast","control_informative",0.05,5,0.01,"","mirage_joint","trait1","bfdr_discoveries",0.05,6
20260902,90,500,15,3000,3000,3000,3000,"fast","control_informative",0.05,5,0.01,"","mirage_joint","trait1","bfdr_observed_fdp",0.1,0.142857142857143
20260902,90,500,15,3000,3000,3000,3000,"fast","control_informative",0.05,5,0.01,"","mirage_joint","trait1","bfdr_estimate",0.1,0.0868564783393666
20260902,90,500,15,3000,3000,3000,3000,"fast","control_informative",0.05,5,0.01,"","mirage_joint","trait1","bfdr_power",0.1,0.24
20260902,90,500,15,3000,3000,3000,3000,"fast","control_informative",0.05,5,0.01,"","mirage_joint","trait1","bfdr_discoveries",0.1,7
20260902,90,500,15,3000,3000,3000,3000,"fast","control_informative",0.05,5,0.01,"","mirage_joint","trait1","bfdr_observed_fdp",0.2,0.4
20260902,90,500,15,3000,3000,3000,3000,"fast","control_informative",0.05,5,0.01,"","mirage_joint","trait1","bfdr_estimate",0.2,0.182356489613678
20260902,90,500,15,3000,3000,3000,3000,"fast","control_informative",0.05,5,0.01,"","mirage_joint","trait1","bfdr_power",0.2,0.24
20260902,90,500,15,3000,3000,3000,3000,"fast","control_informative",0.05,5,0.01,"","mirage_joint","trait1","bfdr_discoveries",0.2,10
20260902,90,500,15,3000,3000,3000,3000,"fast","control_informative",0.05,5,0.01,"","mirage_joint","trait2","bfdr_observed_fdp",0.01,0
20260902,90,500,15,3000,3000,3000,3000,"fast","control_informative",0.05,5,0.01,"","mirage_joint","trait2","bfdr_estimate",0.01,0
20260902,90,500,15,3000,3000,3000,3000,"fast","control_informative",0.05,5,0.01,"","mirage_joint","trait2","bfdr_power",0.01,0
20260902,90,500,15,3000,3000,3000,3000,"fast","control_informative",0.05,5,0.01,"","mirage_joint","trait2","bfdr_discoveries",0.01,0
20260902,90,500,15,3000,3000,3000,3000,"fast","control_informative",0.05,5,0.01,"","mirage_joint","trait2","bfdr_observed_fdp",0.05,0
20260902,90,500,15,3000,3000,3000,3000,"fast","control_informative",0.05,5,0.01,"","mirage_joint","trait2","bfdr_estimate",0.05,0
20260902,90,500,15,3000,3000,3000,3000,"fast","control_informative",0.05,5,0.01,"","mirage_joint","trait2","bfdr_power",0.05,0
20260902,90,500,15,3000,3000,3000,3000,"fast","control_informative",0.05,5,0.01,"","mirage_joint","trait2","bfdr_discoveries",0.05,0
20260902,90,500,15,3000,3000,3000,3000,"fast","control_informative",0.05,5,0.01,"","mirage_joint","trait2","bfdr_observed_fdp",0.1,0
20260902,90,500,15,3000,3000,3000,3000,"fast","control_informative",0.05,5,0.01,"","mirage_joint","trait2","bfdr_estimate",0.1,0.0725016711549601
20260902,90,500,15,3000,3000,3000,3000,"fast","control_informative",0.05,5,0.01,"","mirage_joint","trait2","bfdr_power",0.1,0.2
20260902,90,500,15,3000,3000,3000,3000,"fast","control_informative",0.05,5,0.01,"","mirage_joint","trait2","bfdr_discoveries",0.1,2
20260902,90,500,15,3000,3000,3000,3000,"fast","control_informative",0.05,5,0.01,"","mirage_joint","trait2","bfdr_observed_fdp",0.2,0.333333333333333
20260902,90,500,15,3000,3000,3000,3000,"fast","control_informative",0.05,5,0.01,"","mirage_joint","trait2","bfdr_estimate",0.2,0.162532081507529
20260902,90,500,15,3000,3000,3000,3000,"fast","control_informative",0.05,5,0.01,"","mirage_joint","trait2","bfdr_power",0.2,0.2
20260902,90,500,15,3000,3000,3000,3000,"fast","control_informative",0.05,5,0.01,"","mirage_joint","trait2","bfdr_discoveries",0.2,3
20260902,90,500,15,3000,3000,3000,3000,"fast","control_informative",0.05,5,0.01,"","mirage_joint","pleiotropy","bfdr_observed_fdp",0.01,0
20260902,90,500,15,3000,3000,3000,3000,"fast","control_informative",0.05,5,0.01,"","mirage_joint","pleiotropy","bfdr_estimate",0.01,0
20260902,90,500,15,3000,3000,3000,3000,"fast","control_informative",0.05,5,0.01,"","mirage_joint","pleiotropy","bfdr_power",0.01,0
20260902,90,500,15,3000,3000,3000,3000,"fast","control_informative",0.05,5,0.01,"","mirage_joint","pleiotropy","bfdr_discoveries",0.01,0
20260902,90,500,15,3000,3000,3000,3000,"fast","control_informative",0.05,5,0.01,"","mirage_joint","pleiotropy","bfdr_observed_fdp",0.05,0
20260902,90,500,15,3000,3000,3000,3000,"fast","control_informative",0.05,5,0.01,"","mirage_joint","pleiotropy","bfdr_estimate",0.05,0
20260902,90,500,15,3000,3000,3000,3000,"fast","control_informative",0.05,5,0.01,"","mirage_joint","pleiotropy","bfdr_power",0.05,0
20260902,90,500,15,3000,3000,3000,3000,"fast","control_informative",0.05,5,0.01,"","mirage_joint","pleiotropy","bfdr_discoveries",0.05,0
20260902,90,500,15,3000,3000,3000,3000,"fast","control_informative",0.05,5,0.01,"","mirage_joint","pleiotropy","bfdr_observed_fdp",0.1,0
20260902,90,500,15,3000,3000,3000,3000,"fast","control_informative",0.05,5,0.01,"","mirage_joint","pleiotropy","bfdr_estimate",0.1,0
20260902,90,500,15,3000,3000,3000,3000,"fast","control_informative",0.05,5,0.01,"","mirage_joint","pleiotropy","bfdr_power",0.1,0
20260902,90,500,15,3000,3000,3000,3000,"fast","control_informative",0.05,5,0.01,"","mirage_joint","pleiotropy","bfdr_discoveries",0.1,0
20260902,90,500,15,3000,3000,3000,3000,"fast","control_informative",0.05,5,0.01,"","mirage_joint","pleiotropy","bfdr_observed_fdp",0.2,0
20260902,90,500,15,3000,3000,3000,3000,"fast","control_informative",0.05,5,0.01,"","mirage_joint","pleiotropy","bfdr_estimate",0.2,0
20260902,90,500,15,3000,3000,3000,3000,"fast","control_informative",0.05,5,0.01,"","mirage_joint","pleiotropy","bfdr_power",0.2,0
20260902,90,500,15,3000,3000,3000,3000,"fast","control_informative",0.05,5,0.01,"","mirage_joint","pleiotropy","bfdr_discoveries",0.2,0
20260902,90,500,15,3000,3000,3000,3000,"fast","control_informative",0.05,5,0.01,"","mirage_joint","global","runtime_seconds",NA,19.02
20260902,90,500,15,3000,3000,3000,3000,"fast","control_informative",0.05,5,0.01,"","mirage_joint","pleiotropy","pi11_estimate",NA,0.000718680711923676
20260902,90,500,15,3000,3000,3000,3000,"fast","control_informative",0.05,5,0.01,"","separate_mirage","trait1","auc",NA,0.750652631578947
20260902,90,500,15,3000,3000,3000,3000,"fast","control_informative",0.05,5,0.01,"","separate_mirage","trait2","auc",NA,0.452857142857143
20260902,90,500,15,3000,3000,3000,3000,"fast","control_informative",0.05,5,0.01,"","separate_mirage","pleiotropy","auc",NA,0.682424242424242
20260902,90,500,15,3000,3000,3000,3000,"fast","control_informative",0.05,5,0.01,"","separate_mirage","trait1","pp08_power",0.8,0.16
20260902,90,500,15,3000,3000,3000,3000,"fast","control_informative",0.05,5,0.01,"","separate_mirage","trait1","pp08_fdp",0.8,0
20260902,90,500,15,3000,3000,3000,3000,"fast","control_informative",0.05,5,0.01,"","separate_mirage","trait1","pp08_discoveries",0.8,4
20260902,90,500,15,3000,3000,3000,3000,"fast","control_informative",0.05,5,0.01,"","separate_mirage","trait2","pp08_power",0.8,0.1
20260902,90,500,15,3000,3000,3000,3000,"fast","control_informative",0.05,5,0.01,"","separate_mirage","trait2","pp08_fdp",0.8,0
20260902,90,500,15,3000,3000,3000,3000,"fast","control_informative",0.05,5,0.01,"","separate_mirage","trait2","pp08_discoveries",0.8,1
20260902,90,500,15,3000,3000,3000,3000,"fast","control_informative",0.05,5,0.01,"","separate_mirage","pleiotropy","pp08_power",0.8,0
20260902,90,500,15,3000,3000,3000,3000,"fast","control_informative",0.05,5,0.01,"","separate_mirage","pleiotropy","pp08_fdp",0.8,0
20260902,90,500,15,3000,3000,3000,3000,"fast","control_informative",0.05,5,0.01,"","separate_mirage","pleiotropy","pp08_discoveries",0.8,0
20260902,90,500,15,3000,3000,3000,3000,"fast","control_informative",0.05,5,0.01,"","separate_mirage","trait1","bfdr_observed_fdp",0.01,0
20260902,90,500,15,3000,3000,3000,3000,"fast","control_informative",0.05,5,0.01,"","separate_mirage","trait1","bfdr_estimate",0.01,0.00668287310975694
20260902,90,500,15,3000,3000,3000,3000,"fast","control_informative",0.05,5,0.01,"","separate_mirage","trait1","bfdr_power",0.01,0.12
20260902,90,500,15,3000,3000,3000,3000,"fast","control_informative",0.05,5,0.01,"","separate_mirage","trait1","bfdr_discoveries",0.01,3
20260902,90,500,15,3000,3000,3000,3000,"fast","control_informative",0.05,5,0.01,"","separate_mirage","trait1","bfdr_observed_fdp",0.05,0
20260902,90,500,15,3000,3000,3000,3000,"fast","control_informative",0.05,5,0.01,"","separate_mirage","trait1","bfdr_estimate",0.05,0.0183686313528022
20260902,90,500,15,3000,3000,3000,3000,"fast","control_informative",0.05,5,0.01,"","separate_mirage","trait1","bfdr_power",0.05,0.16
20260902,90,500,15,3000,3000,3000,3000,"fast","control_informative",0.05,5,0.01,"","separate_mirage","trait1","bfdr_discoveries",0.05,4
20260902,90,500,15,3000,3000,3000,3000,"fast","control_informative",0.05,5,0.01,"","separate_mirage","trait1","bfdr_observed_fdp",0.1,0
20260902,90,500,15,3000,3000,3000,3000,"fast","control_informative",0.05,5,0.01,"","separate_mirage","trait1","bfdr_estimate",0.1,0.0633372526512192
20260902,90,500,15,3000,3000,3000,3000,"fast","control_informative",0.05,5,0.01,"","separate_mirage","trait1","bfdr_power",0.1,0.2
20260902,90,500,15,3000,3000,3000,3000,"fast","control_informative",0.05,5,0.01,"","separate_mirage","trait1","bfdr_discoveries",0.1,5
20260902,90,500,15,3000,3000,3000,3000,"fast","control_informative",0.05,5,0.01,"","separate_mirage","trait1","bfdr_observed_fdp",0.2,0.142857142857143
20260902,90,500,15,3000,3000,3000,3000,"fast","control_informative",0.05,5,0.01,"","separate_mirage","trait1","bfdr_estimate",0.2,0.169042755716776
20260902,90,500,15,3000,3000,3000,3000,"fast","control_informative",0.05,5,0.01,"","separate_mirage","trait1","bfdr_power",0.2,0.24
20260902,90,500,15,3000,3000,3000,3000,"fast","control_informative",0.05,5,0.01,"","separate_mirage","trait1","bfdr_discoveries",0.2,7
20260902,90,500,15,3000,3000,3000,3000,"fast","control_informative",0.05,5,0.01,"","separate_mirage","trait2","bfdr_observed_fdp",0.01,0
20260902,90,500,15,3000,3000,3000,3000,"fast","control_informative",0.05,5,0.01,"","separate_mirage","trait2","bfdr_estimate",0.01,0
20260902,90,500,15,3000,3000,3000,3000,"fast","control_informative",0.05,5,0.01,"","separate_mirage","trait2","bfdr_power",0.01,0
20260902,90,500,15,3000,3000,3000,3000,"fast","control_informative",0.05,5,0.01,"","separate_mirage","trait2","bfdr_discoveries",0.01,0
20260902,90,500,15,3000,3000,3000,3000,"fast","control_informative",0.05,5,0.01,"","separate_mirage","trait2","bfdr_observed_fdp",0.05,0
20260902,90,500,15,3000,3000,3000,3000,"fast","control_informative",0.05,5,0.01,"","separate_mirage","trait2","bfdr_estimate",0.05,0
20260902,90,500,15,3000,3000,3000,3000,"fast","control_informative",0.05,5,0.01,"","separate_mirage","trait2","bfdr_power",0.05,0
20260902,90,500,15,3000,3000,3000,3000,"fast","control_informative",0.05,5,0.01,"","separate_mirage","trait2","bfdr_discoveries",0.05,0
20260902,90,500,15,3000,3000,3000,3000,"fast","control_informative",0.05,5,0.01,"","separate_mirage","trait2","bfdr_observed_fdp",0.1,0
20260902,90,500,15,3000,3000,3000,3000,"fast","control_informative",0.05,5,0.01,"","separate_mirage","trait2","bfdr_estimate",0.1,0
20260902,90,500,15,3000,3000,3000,3000,"fast","control_informative",0.05,5,0.01,"","separate_mirage","trait2","bfdr_power",0.1,0
20260902,90,500,15,3000,3000,3000,3000,"fast","control_informative",0.05,5,0.01,"","separate_mirage","trait2","bfdr_discoveries",0.1,0
20260902,90,500,15,3000,3000,3000,3000,"fast","control_informative",0.05,5,0.01,"","separate_mirage","trait2","bfdr_observed_fdp",0.2,0
20260902,90,500,15,3000,3000,3000,3000,"fast","control_informative",0.05,5,0.01,"","separate_mirage","trait2","bfdr_estimate",0.2,0.135893049537733
20260902,90,500,15,3000,3000,3000,3000,"fast","control_informative",0.05,5,0.01,"","separate_mirage","trait2","bfdr_power",0.2,0.1
20260902,90,500,15,3000,3000,3000,3000,"fast","control_informative",0.05,5,0.01,"","separate_mirage","trait2","bfdr_discoveries",0.2,1
20260902,90,500,15,3000,3000,3000,3000,"fast","control_informative",0.05,5,0.01,"","separate_mirage","pleiotropy","bfdr_observed_fdp",0.01,0
20260902,90,500,15,3000,3000,3000,3000,"fast","control_informative",0.05,5,0.01,"","separate_mirage","pleiotropy","bfdr_estimate",0.01,0
20260902,90,500,15,3000,3000,3000,3000,"fast","control_informative",0.05,5,0.01,"","separate_mirage","pleiotropy","bfdr_power",0.01,0
20260902,90,500,15,3000,3000,3000,3000,"fast","control_informative",0.05,5,0.01,"","separate_mirage","pleiotropy","bfdr_discoveries",0.01,0
20260902,90,500,15,3000,3000,3000,3000,"fast","control_informative",0.05,5,0.01,"","separate_mirage","pleiotropy","bfdr_observed_fdp",0.05,0
20260902,90,500,15,3000,3000,3000,3000,"fast","control_informative",0.05,5,0.01,"","separate_mirage","pleiotropy","bfdr_estimate",0.05,0
20260902,90,500,15,3000,3000,3000,3000,"fast","control_informative",0.05,5,0.01,"","separate_mirage","pleiotropy","bfdr_power",0.05,0
20260902,90,500,15,3000,3000,3000,3000,"fast","control_informative",0.05,5,0.01,"","separate_mirage","pleiotropy","bfdr_discoveries",0.05,0
20260902,90,500,15,3000,3000,3000,3000,"fast","control_informative",0.05,5,0.01,"","separate_mirage","pleiotropy","bfdr_observed_fdp",0.1,0
20260902,90,500,15,3000,3000,3000,3000,"fast","control_informative",0.05,5,0.01,"","separate_mirage","pleiotropy","bfdr_estimate",0.1,0
20260902,90,500,15,3000,3000,3000,3000,"fast","control_informative",0.05,5,0.01,"","separate_mirage","pleiotropy","bfdr_power",0.1,0
20260902,90,500,15,3000,3000,3000,3000,"fast","control_informative",0.05,5,0.01,"","separate_mirage","pleiotropy","bfdr_discoveries",0.1,0
20260902,90,500,15,3000,3000,3000,3000,"fast","control_informative",0.05,5,0.01,"","separate_mirage","pleiotropy","bfdr_observed_fdp",0.2,0
20260902,90,500,15,3000,3000,3000,3000,"fast","control_informative",0.05,5,0.01,"","separate_mirage","pleiotropy","bfdr_estimate",0.2,0
20260902,90,500,15,3000,3000,3000,3000,"fast","control_informative",0.05,5,0.01,"","separate_mirage","pleiotropy","bfdr_power",0.2,0
20260902,90,500,15,3000,3000,3000,3000,"fast","control_informative",0.05,5,0.01,"","separate_mirage","pleiotropy","bfdr_discoveries",0.2,0
20260902,90,500,15,3000,3000,3000,3000,"fast","control_informative",0.05,5,0.01,"","separate_mirage","global","runtime_seconds",NA,18.7470000000003
20260902,90,500,15,3000,3000,3000,3000,"fast","control_informative",0.05,5,0.01,"","separate_mirage","pleiotropy","pi11_estimate",NA,0.001
20260902,90,500,15,3000,3000,3000,3000,"fast","control_informative",0.05,5,0.01,"","mtada_aggregated","trait1","auc",NA,0.745684210526316
20260902,90,500,15,3000,3000,3000,3000,"fast","control_informative",0.05,5,0.01,"","mtada_aggregated","trait2","auc",NA,0.621020408163265
20260902,90,500,15,3000,3000,3000,3000,"fast","control_informative",0.05,5,0.01,"","mtada_aggregated","pleiotropy","auc",NA,0.742626262626263
20260902,90,500,15,3000,3000,3000,3000,"fast","control_informative",0.05,5,0.01,"","mtada_aggregated","trait1","pp08_power",0.8,0.36
20260902,90,500,15,3000,3000,3000,3000,"fast","control_informative",0.05,5,0.01,"","mtada_aggregated","trait1","pp08_fdp",0.8,0.857142857142857
20260902,90,500,15,3000,3000,3000,3000,"fast","control_informative",0.05,5,0.01,"","mtada_aggregated","trait1","pp08_discoveries",0.8,63
20260902,90,500,15,3000,3000,3000,3000,"fast","control_informative",0.05,5,0.01,"","mtada_aggregated","trait2","pp08_power",0.8,0.1
20260902,90,500,15,3000,3000,3000,3000,"fast","control_informative",0.05,5,0.01,"","mtada_aggregated","trait2","pp08_fdp",0.8,0.98
20260902,90,500,15,3000,3000,3000,3000,"fast","control_informative",0.05,5,0.01,"","mtada_aggregated","trait2","pp08_discoveries",0.8,50
20260902,90,500,15,3000,3000,3000,3000,"fast","control_informative",0.05,5,0.01,"","mtada_aggregated","pleiotropy","pp08_power",0.8,0
20260902,90,500,15,3000,3000,3000,3000,"fast","control_informative",0.05,5,0.01,"","mtada_aggregated","pleiotropy","pp08_fdp",0.8,1
20260902,90,500,15,3000,3000,3000,3000,"fast","control_informative",0.05,5,0.01,"","mtada_aggregated","pleiotropy","pp08_discoveries",0.8,10
20260902,90,500,15,3000,3000,3000,3000,"fast","control_informative",0.05,5,0.01,"","mtada_aggregated","trait1","bfdr_observed_fdp",0.01,0.862068965517241
20260902,90,500,15,3000,3000,3000,3000,"fast","control_informative",0.05,5,0.01,"","mtada_aggregated","trait1","bfdr_estimate",0.01,0.00971139427775824
20260902,90,500,15,3000,3000,3000,3000,"fast","control_informative",0.05,5,0.01,"","mtada_aggregated","trait1","bfdr_power",0.01,0.32
20260902,90,500,15,3000,3000,3000,3000,"fast","control_informative",0.05,5,0.01,"","mtada_aggregated","trait1","bfdr_discoveries",0.01,58
20260902,90,500,15,3000,3000,3000,3000,"fast","control_informative",0.05,5,0.01,"","mtada_aggregated","trait1","bfdr_observed_fdp",0.05,0.855072463768116
20260902,90,500,15,3000,3000,3000,3000,"fast","control_informative",0.05,5,0.01,"","mtada_aggregated","trait1","bfdr_estimate",0.05,0.0446436544676861
20260902,90,500,15,3000,3000,3000,3000,"fast","control_informative",0.05,5,0.01,"","mtada_aggregated","trait1","bfdr_power",0.05,0.4
20260902,90,500,15,3000,3000,3000,3000,"fast","control_informative",0.05,5,0.01,"","mtada_aggregated","trait1","bfdr_discoveries",0.05,69
20260902,90,500,15,3000,3000,3000,3000,"fast","control_informative",0.05,5,0.01,"","mtada_aggregated","trait1","bfdr_observed_fdp",0.1,0.87012987012987
20260902,90,500,15,3000,3000,3000,3000,"fast","control_informative",0.05,5,0.01,"","mtada_aggregated","trait1","bfdr_estimate",0.1,0.0966076671164251
20260902,90,500,15,3000,3000,3000,3000,"fast","control_informative",0.05,5,0.01,"","mtada_aggregated","trait1","bfdr_power",0.1,0.4
20260902,90,500,15,3000,3000,3000,3000,"fast","control_informative",0.05,5,0.01,"","mtada_aggregated","trait1","bfdr_discoveries",0.1,77
20260902,90,500,15,3000,3000,3000,3000,"fast","control_informative",0.05,5,0.01,"","mtada_aggregated","trait1","bfdr_observed_fdp",0.2,0.877777777777778
20260902,90,500,15,3000,3000,3000,3000,"fast","control_informative",0.05,5,0.01,"","mtada_aggregated","trait1","bfdr_estimate",0.2,0.198407598774089
20260902,90,500,15,3000,3000,3000,3000,"fast","control_informative",0.05,5,0.01,"","mtada_aggregated","trait1","bfdr_power",0.2,0.44
20260902,90,500,15,3000,3000,3000,3000,"fast","control_informative",0.05,5,0.01,"","mtada_aggregated","trait1","bfdr_discoveries",0.2,90
20260902,90,500,15,3000,3000,3000,3000,"fast","control_informative",0.05,5,0.01,"","mtada_aggregated","trait2","bfdr_observed_fdp",0.01,0.977272727272727
20260902,90,500,15,3000,3000,3000,3000,"fast","control_informative",0.05,5,0.01,"","mtada_aggregated","trait2","bfdr_estimate",0.01,0.00972999334141718
20260902,90,500,15,3000,3000,3000,3000,"fast","control_informative",0.05,5,0.01,"","mtada_aggregated","trait2","bfdr_power",0.01,0.1
20260902,90,500,15,3000,3000,3000,3000,"fast","control_informative",0.05,5,0.01,"","mtada_aggregated","trait2","bfdr_discoveries",0.01,44
20260902,90,500,15,3000,3000,3000,3000,"fast","control_informative",0.05,5,0.01,"","mtada_aggregated","trait2","bfdr_observed_fdp",0.05,0.963636363636364
20260902,90,500,15,3000,3000,3000,3000,"fast","control_informative",0.05,5,0.01,"","mtada_aggregated","trait2","bfdr_estimate",0.05,0.0481952245630139
20260902,90,500,15,3000,3000,3000,3000,"fast","control_informative",0.05,5,0.01,"","mtada_aggregated","trait2","bfdr_power",0.05,0.2
20260902,90,500,15,3000,3000,3000,3000,"fast","control_informative",0.05,5,0.01,"","mtada_aggregated","trait2","bfdr_discoveries",0.05,55
20260902,90,500,15,3000,3000,3000,3000,"fast","control_informative",0.05,5,0.01,"","mtada_aggregated","trait2","bfdr_observed_fdp",0.1,0.967741935483871
20260902,90,500,15,3000,3000,3000,3000,"fast","control_informative",0.05,5,0.01,"","mtada_aggregated","trait2","bfdr_estimate",0.1,0.0978242035750279
20260902,90,500,15,3000,3000,3000,3000,"fast","control_informative",0.05,5,0.01,"","mtada_aggregated","trait2","bfdr_power",0.1,0.2
20260902,90,500,15,3000,3000,3000,3000,"fast","control_informative",0.05,5,0.01,"","mtada_aggregated","trait2","bfdr_discoveries",0.1,62
20260902,90,500,15,3000,3000,3000,3000,"fast","control_informative",0.05,5,0.01,"","mtada_aggregated","trait2","bfdr_observed_fdp",0.2,0.972222222222222
20260902,90,500,15,3000,3000,3000,3000,"fast","control_informative",0.05,5,0.01,"","mtada_aggregated","trait2","bfdr_estimate",0.2,0.197126579522197
20260902,90,500,15,3000,3000,3000,3000,"fast","control_informative",0.05,5,0.01,"","mtada_aggregated","trait2","bfdr_power",0.2,0.2
20260902,90,500,15,3000,3000,3000,3000,"fast","control_informative",0.05,5,0.01,"","mtada_aggregated","trait2","bfdr_discoveries",0.2,72
20260902,90,500,15,3000,3000,3000,3000,"fast","control_informative",0.05,5,0.01,"","mtada_aggregated","pleiotropy","bfdr_observed_fdp",0.01,1
20260902,90,500,15,3000,3000,3000,3000,"fast","control_informative",0.05,5,0.01,"","mtada_aggregated","pleiotropy","bfdr_estimate",0.01,0.007523843225256
20260902,90,500,15,3000,3000,3000,3000,"fast","control_informative",0.05,5,0.01,"","mtada_aggregated","pleiotropy","bfdr_power",0.01,0
20260902,90,500,15,3000,3000,3000,3000,"fast","control_informative",0.05,5,0.01,"","mtada_aggregated","pleiotropy","bfdr_discoveries",0.01,7
20260902,90,500,15,3000,3000,3000,3000,"fast","control_informative",0.05,5,0.01,"","mtada_aggregated","pleiotropy","bfdr_observed_fdp",0.05,1
20260902,90,500,15,3000,3000,3000,3000,"fast","control_informative",0.05,5,0.01,"","mtada_aggregated","pleiotropy","bfdr_estimate",0.05,0.0398402231815941
20260902,90,500,15,3000,3000,3000,3000,"fast","control_informative",0.05,5,0.01,"","mtada_aggregated","pleiotropy","bfdr_power",0.05,0
20260902,90,500,15,3000,3000,3000,3000,"fast","control_informative",0.05,5,0.01,"","mtada_aggregated","pleiotropy","bfdr_discoveries",0.05,9
20260902,90,500,15,3000,3000,3000,3000,"fast","control_informative",0.05,5,0.01,"","mtada_aggregated","pleiotropy","bfdr_observed_fdp",0.1,1
20260902,90,500,15,3000,3000,3000,3000,"fast","control_informative",0.05,5,0.01,"","mtada_aggregated","pleiotropy","bfdr_estimate",0.1,0.0934536442816383
20260902,90,500,15,3000,3000,3000,3000,"fast","control_informative",0.05,5,0.01,"","mtada_aggregated","pleiotropy","bfdr_power",0.1,0
20260902,90,500,15,3000,3000,3000,3000,"fast","control_informative",0.05,5,0.01,"","mtada_aggregated","pleiotropy","bfdr_discoveries",0.1,12
20260902,90,500,15,3000,3000,3000,3000,"fast","control_informative",0.05,5,0.01,"","mtada_aggregated","pleiotropy","bfdr_observed_fdp",0.2,0.9375
20260902,90,500,15,3000,3000,3000,3000,"fast","control_informative",0.05,5,0.01,"","mtada_aggregated","pleiotropy","bfdr_estimate",0.2,0.189936322834376
20260902,90,500,15,3000,3000,3000,3000,"fast","control_informative",0.05,5,0.01,"","mtada_aggregated","pleiotropy","bfdr_power",0.2,0.2
20260902,90,500,15,3000,3000,3000,3000,"fast","control_informative",0.05,5,0.01,"","mtada_aggregated","pleiotropy","bfdr_discoveries",0.2,16
20260902,90,500,15,3000,3000,3000,3000,"fast","control_informative",0.05,5,0.01,"","mtada_aggregated","global","runtime_seconds",NA,0.715999999999894
20260902,90,500,15,3000,3000,3000,3000,"fast","control_informative",0.05,5,0.01,"","mtada_aggregated","pleiotropy","pi11_estimate",NA,0.00361796
20260903,91,500,15,3000,3000,3000,3000,"fast","control_informative",0.05,5,0.01,"","mirage_joint","trait1","auc",NA,0.601684210526316
20260903,91,500,15,3000,3000,3000,3000,"fast","control_informative",0.05,5,0.01,"","mirage_joint","trait2","auc",NA,0.649183673469388
20260903,91,500,15,3000,3000,3000,3000,"fast","control_informative",0.05,5,0.01,"","mirage_joint","pleiotropy","auc",NA,0.484040404040404
20260903,91,500,15,3000,3000,3000,3000,"fast","control_informative",0.05,5,0.01,"","mirage_joint","trait1","pp08_power",0.8,0.04
20260903,91,500,15,3000,3000,3000,3000,"fast","control_informative",0.05,5,0.01,"","mirage_joint","trait1","pp08_fdp",0.8,0
20260903,91,500,15,3000,3000,3000,3000,"fast","control_informative",0.05,5,0.01,"","mirage_joint","trait1","pp08_discoveries",0.8,1
20260903,91,500,15,3000,3000,3000,3000,"fast","control_informative",0.05,5,0.01,"","mirage_joint","trait2","pp08_power",0.8,0.1
20260903,91,500,15,3000,3000,3000,3000,"fast","control_informative",0.05,5,0.01,"","mirage_joint","trait2","pp08_fdp",0.8,0
20260903,91,500,15,3000,3000,3000,3000,"fast","control_informative",0.05,5,0.01,"","mirage_joint","trait2","pp08_discoveries",0.8,1
20260903,91,500,15,3000,3000,3000,3000,"fast","control_informative",0.05,5,0.01,"","mirage_joint","pleiotropy","pp08_power",0.8,0
20260903,91,500,15,3000,3000,3000,3000,"fast","control_informative",0.05,5,0.01,"","mirage_joint","pleiotropy","pp08_fdp",0.8,0
20260903,91,500,15,3000,3000,3000,3000,"fast","control_informative",0.05,5,0.01,"","mirage_joint","pleiotropy","pp08_discoveries",0.8,0
20260903,91,500,15,3000,3000,3000,3000,"fast","control_informative",0.05,5,0.01,"","mirage_joint","trait1","bfdr_observed_fdp",0.01,0
20260903,91,500,15,3000,3000,3000,3000,"fast","control_informative",0.05,5,0.01,"","mirage_joint","trait1","bfdr_estimate",0.01,0.00399953300881495
20260903,91,500,15,3000,3000,3000,3000,"fast","control_informative",0.05,5,0.01,"","mirage_joint","trait1","bfdr_power",0.01,0.04
20260903,91,500,15,3000,3000,3000,3000,"fast","control_informative",0.05,5,0.01,"","mirage_joint","trait1","bfdr_discoveries",0.01,1
20260903,91,500,15,3000,3000,3000,3000,"fast","control_informative",0.05,5,0.01,"","mirage_joint","trait1","bfdr_observed_fdp",0.05,0
20260903,91,500,15,3000,3000,3000,3000,"fast","control_informative",0.05,5,0.01,"","mirage_joint","trait1","bfdr_estimate",0.05,0.00399953300881495
20260903,91,500,15,3000,3000,3000,3000,"fast","control_informative",0.05,5,0.01,"","mirage_joint","trait1","bfdr_power",0.05,0.04
20260903,91,500,15,3000,3000,3000,3000,"fast","control_informative",0.05,5,0.01,"","mirage_joint","trait1","bfdr_discoveries",0.05,1
20260903,91,500,15,3000,3000,3000,3000,"fast","control_informative",0.05,5,0.01,"","mirage_joint","trait1","bfdr_observed_fdp",0.1,0
20260903,91,500,15,3000,3000,3000,3000,"fast","control_informative",0.05,5,0.01,"","mirage_joint","trait1","bfdr_estimate",0.1,0.00399953300881495
20260903,91,500,15,3000,3000,3000,3000,"fast","control_informative",0.05,5,0.01,"","mirage_joint","trait1","bfdr_power",0.1,0.04
20260903,91,500,15,3000,3000,3000,3000,"fast","control_informative",0.05,5,0.01,"","mirage_joint","trait1","bfdr_discoveries",0.1,1
20260903,91,500,15,3000,3000,3000,3000,"fast","control_informative",0.05,5,0.01,"","mirage_joint","trait1","bfdr_observed_fdp",0.2,0
20260903,91,500,15,3000,3000,3000,3000,"fast","control_informative",0.05,5,0.01,"","mirage_joint","trait1","bfdr_estimate",0.2,0.00399953300881495
20260903,91,500,15,3000,3000,3000,3000,"fast","control_informative",0.05,5,0.01,"","mirage_joint","trait1","bfdr_power",0.2,0.04
20260903,91,500,15,3000,3000,3000,3000,"fast","control_informative",0.05,5,0.01,"","mirage_joint","trait1","bfdr_discoveries",0.2,1
20260903,91,500,15,3000,3000,3000,3000,"fast","control_informative",0.05,5,0.01,"","mirage_joint","trait2","bfdr_observed_fdp",0.01,0
20260903,91,500,15,3000,3000,3000,3000,"fast","control_informative",0.05,5,0.01,"","mirage_joint","trait2","bfdr_estimate",0.01,0.000782691328025775
20260903,91,500,15,3000,3000,3000,3000,"fast","control_informative",0.05,5,0.01,"","mirage_joint","trait2","bfdr_power",0.01,0.1
20260903,91,500,15,3000,3000,3000,3000,"fast","control_informative",0.05,5,0.01,"","mirage_joint","trait2","bfdr_discoveries",0.01,1
20260903,91,500,15,3000,3000,3000,3000,"fast","control_informative",0.05,5,0.01,"","mirage_joint","trait2","bfdr_observed_fdp",0.05,0
20260903,91,500,15,3000,3000,3000,3000,"fast","control_informative",0.05,5,0.01,"","mirage_joint","trait2","bfdr_estimate",0.05,0.000782691328025775
20260903,91,500,15,3000,3000,3000,3000,"fast","control_informative",0.05,5,0.01,"","mirage_joint","trait2","bfdr_power",0.05,0.1
20260903,91,500,15,3000,3000,3000,3000,"fast","control_informative",0.05,5,0.01,"","mirage_joint","trait2","bfdr_discoveries",0.05,1
20260903,91,500,15,3000,3000,3000,3000,"fast","control_informative",0.05,5,0.01,"","mirage_joint","trait2","bfdr_observed_fdp",0.1,0
20260903,91,500,15,3000,3000,3000,3000,"fast","control_informative",0.05,5,0.01,"","mirage_joint","trait2","bfdr_estimate",0.1,0.000782691328025775
20260903,91,500,15,3000,3000,3000,3000,"fast","control_informative",0.05,5,0.01,"","mirage_joint","trait2","bfdr_power",0.1,0.1
20260903,91,500,15,3000,3000,3000,3000,"fast","control_informative",0.05,5,0.01,"","mirage_joint","trait2","bfdr_discoveries",0.1,1
20260903,91,500,15,3000,3000,3000,3000,"fast","control_informative",0.05,5,0.01,"","mirage_joint","trait2","bfdr_observed_fdp",0.2,0
20260903,91,500,15,3000,3000,3000,3000,"fast","control_informative",0.05,5,0.01,"","mirage_joint","trait2","bfdr_estimate",0.2,0.171179367331902
20260903,91,500,15,3000,3000,3000,3000,"fast","control_informative",0.05,5,0.01,"","mirage_joint","trait2","bfdr_power",0.2,0.2
20260903,91,500,15,3000,3000,3000,3000,"fast","control_informative",0.05,5,0.01,"","mirage_joint","trait2","bfdr_discoveries",0.2,2
20260903,91,500,15,3000,3000,3000,3000,"fast","control_informative",0.05,5,0.01,"","mirage_joint","pleiotropy","bfdr_observed_fdp",0.01,0
20260903,91,500,15,3000,3000,3000,3000,"fast","control_informative",0.05,5,0.01,"","mirage_joint","pleiotropy","bfdr_estimate",0.01,0
20260903,91,500,15,3000,3000,3000,3000,"fast","control_informative",0.05,5,0.01,"","mirage_joint","pleiotropy","bfdr_power",0.01,0
20260903,91,500,15,3000,3000,3000,3000,"fast","control_informative",0.05,5,0.01,"","mirage_joint","pleiotropy","bfdr_discoveries",0.01,0
20260903,91,500,15,3000,3000,3000,3000,"fast","control_informative",0.05,5,0.01,"","mirage_joint","pleiotropy","bfdr_observed_fdp",0.05,0
20260903,91,500,15,3000,3000,3000,3000,"fast","control_informative",0.05,5,0.01,"","mirage_joint","pleiotropy","bfdr_estimate",0.05,0
20260903,91,500,15,3000,3000,3000,3000,"fast","control_informative",0.05,5,0.01,"","mirage_joint","pleiotropy","bfdr_power",0.05,0
20260903,91,500,15,3000,3000,3000,3000,"fast","control_informative",0.05,5,0.01,"","mirage_joint","pleiotropy","bfdr_discoveries",0.05,0
20260903,91,500,15,3000,3000,3000,3000,"fast","control_informative",0.05,5,0.01,"","mirage_joint","pleiotropy","bfdr_observed_fdp",0.1,0
20260903,91,500,15,3000,3000,3000,3000,"fast","control_informative",0.05,5,0.01,"","mirage_joint","pleiotropy","bfdr_estimate",0.1,0
20260903,91,500,15,3000,3000,3000,3000,"fast","control_informative",0.05,5,0.01,"","mirage_joint","pleiotropy","bfdr_power",0.1,0
20260903,91,500,15,3000,3000,3000,3000,"fast","control_informative",0.05,5,0.01,"","mirage_joint","pleiotropy","bfdr_discoveries",0.1,0
20260903,91,500,15,3000,3000,3000,3000,"fast","control_informative",0.05,5,0.01,"","mirage_joint","pleiotropy","bfdr_observed_fdp",0.2,0
20260903,91,500,15,3000,3000,3000,3000,"fast","control_informative",0.05,5,0.01,"","mirage_joint","pleiotropy","bfdr_estimate",0.2,0
20260903,91,500,15,3000,3000,3000,3000,"fast","control_informative",0.05,5,0.01,"","mirage_joint","pleiotropy","bfdr_power",0.2,0
20260903,91,500,15,3000,3000,3000,3000,"fast","control_informative",0.05,5,0.01,"","mirage_joint","pleiotropy","bfdr_discoveries",0.2,0
20260903,91,500,15,3000,3000,3000,3000,"fast","control_informative",0.05,5,0.01,"","mirage_joint","global","runtime_seconds",NA,19.0909999999999
20260903,91,500,15,3000,3000,3000,3000,"fast","control_informative",0.05,5,0.01,"","mirage_joint","pleiotropy","pi11_estimate",NA,4.7846520007165e-05
20260903,91,500,15,3000,3000,3000,3000,"fast","control_informative",0.05,5,0.01,"","separate_mirage","trait1","auc",NA,0.601263157894737
20260903,91,500,15,3000,3000,3000,3000,"fast","control_informative",0.05,5,0.01,"","separate_mirage","trait2","auc",NA,0.645918367346939
20260903,91,500,15,3000,3000,3000,3000,"fast","control_informative",0.05,5,0.01,"","separate_mirage","pleiotropy","auc",NA,0.505454545454545
20260903,91,500,15,3000,3000,3000,3000,"fast","control_informative",0.05,5,0.01,"","separate_mirage","trait1","pp08_power",0.8,0.04
20260903,91,500,15,3000,3000,3000,3000,"fast","control_informative",0.05,5,0.01,"","separate_mirage","trait1","pp08_fdp",0.8,0
20260903,91,500,15,3000,3000,3000,3000,"fast","control_informative",0.05,5,0.01,"","separate_mirage","trait1","pp08_discoveries",0.8,1
20260903,91,500,15,3000,3000,3000,3000,"fast","control_informative",0.05,5,0.01,"","separate_mirage","trait2","pp08_power",0.8,0.1
20260903,91,500,15,3000,3000,3000,3000,"fast","control_informative",0.05,5,0.01,"","separate_mirage","trait2","pp08_fdp",0.8,0
20260903,91,500,15,3000,3000,3000,3000,"fast","control_informative",0.05,5,0.01,"","separate_mirage","trait2","pp08_discoveries",0.8,1
20260903,91,500,15,3000,3000,3000,3000,"fast","control_informative",0.05,5,0.01,"","separate_mirage","pleiotropy","pp08_power",0.8,0
20260903,91,500,15,3000,3000,3000,3000,"fast","control_informative",0.05,5,0.01,"","separate_mirage","pleiotropy","pp08_fdp",0.8,0
20260903,91,500,15,3000,3000,3000,3000,"fast","control_informative",0.05,5,0.01,"","separate_mirage","pleiotropy","pp08_discoveries",0.8,0
20260903,91,500,15,3000,3000,3000,3000,"fast","control_informative",0.05,5,0.01,"","separate_mirage","trait1","bfdr_observed_fdp",0.01,0
20260903,91,500,15,3000,3000,3000,3000,"fast","control_informative",0.05,5,0.01,"","separate_mirage","trait1","bfdr_estimate",0.01,0.00431936829899815
20260903,91,500,15,3000,3000,3000,3000,"fast","control_informative",0.05,5,0.01,"","separate_mirage","trait1","bfdr_power",0.01,0.04
20260903,91,500,15,3000,3000,3000,3000,"fast","control_informative",0.05,5,0.01,"","separate_mirage","trait1","bfdr_discoveries",0.01,1
20260903,91,500,15,3000,3000,3000,3000,"fast","control_informative",0.05,5,0.01,"","separate_mirage","trait1","bfdr_observed_fdp",0.05,0
20260903,91,500,15,3000,3000,3000,3000,"fast","control_informative",0.05,5,0.01,"","separate_mirage","trait1","bfdr_estimate",0.05,0.00431936829899815
20260903,91,500,15,3000,3000,3000,3000,"fast","control_informative",0.05,5,0.01,"","separate_mirage","trait1","bfdr_power",0.05,0.04
20260903,91,500,15,3000,3000,3000,3000,"fast","control_informative",0.05,5,0.01,"","separate_mirage","trait1","bfdr_discoveries",0.05,1
20260903,91,500,15,3000,3000,3000,3000,"fast","control_informative",0.05,5,0.01,"","separate_mirage","trait1","bfdr_observed_fdp",0.1,0
20260903,91,500,15,3000,3000,3000,3000,"fast","control_informative",0.05,5,0.01,"","separate_mirage","trait1","bfdr_estimate",0.1,0.00431936829899815
20260903,91,500,15,3000,3000,3000,3000,"fast","control_informative",0.05,5,0.01,"","separate_mirage","trait1","bfdr_power",0.1,0.04
20260903,91,500,15,3000,3000,3000,3000,"fast","control_informative",0.05,5,0.01,"","separate_mirage","trait1","bfdr_discoveries",0.1,1
20260903,91,500,15,3000,3000,3000,3000,"fast","control_informative",0.05,5,0.01,"","separate_mirage","trait1","bfdr_observed_fdp",0.2,0
20260903,91,500,15,3000,3000,3000,3000,"fast","control_informative",0.05,5,0.01,"","separate_mirage","trait1","bfdr_estimate",0.2,0.00431936829899815
20260903,91,500,15,3000,3000,3000,3000,"fast","control_informative",0.05,5,0.01,"","separate_mirage","trait1","bfdr_power",0.2,0.04
20260903,91,500,15,3000,3000,3000,3000,"fast","control_informative",0.05,5,0.01,"","separate_mirage","trait1","bfdr_discoveries",0.2,1
20260903,91,500,15,3000,3000,3000,3000,"fast","control_informative",0.05,5,0.01,"","separate_mirage","trait2","bfdr_observed_fdp",0.01,0
20260903,91,500,15,3000,3000,3000,3000,"fast","control_informative",0.05,5,0.01,"","separate_mirage","trait2","bfdr_estimate",0.01,0.000974576196132837
20260903,91,500,15,3000,3000,3000,3000,"fast","control_informative",0.05,5,0.01,"","separate_mirage","trait2","bfdr_power",0.01,0.1
20260903,91,500,15,3000,3000,3000,3000,"fast","control_informative",0.05,5,0.01,"","separate_mirage","trait2","bfdr_discoveries",0.01,1
20260903,91,500,15,3000,3000,3000,3000,"fast","control_informative",0.05,5,0.01,"","separate_mirage","trait2","bfdr_observed_fdp",0.05,0
20260903,91,500,15,3000,3000,3000,3000,"fast","control_informative",0.05,5,0.01,"","separate_mirage","trait2","bfdr_estimate",0.05,0.000974576196132837
20260903,91,500,15,3000,3000,3000,3000,"fast","control_informative",0.05,5,0.01,"","separate_mirage","trait2","bfdr_power",0.05,0.1
20260903,91,500,15,3000,3000,3000,3000,"fast","control_informative",0.05,5,0.01,"","separate_mirage","trait2","bfdr_discoveries",0.05,1
20260903,91,500,15,3000,3000,3000,3000,"fast","control_informative",0.05,5,0.01,"","separate_mirage","trait2","bfdr_observed_fdp",0.1,0
20260903,91,500,15,3000,3000,3000,3000,"fast","control_informative",0.05,5,0.01,"","separate_mirage","trait2","bfdr_estimate",0.1,0.000974576196132837
20260903,91,500,15,3000,3000,3000,3000,"fast","control_informative",0.05,5,0.01,"","separate_mirage","trait2","bfdr_power",0.1,0.1
20260903,91,500,15,3000,3000,3000,3000,"fast","control_informative",0.05,5,0.01,"","separate_mirage","trait2","bfdr_discoveries",0.1,1
20260903,91,500,15,3000,3000,3000,3000,"fast","control_informative",0.05,5,0.01,"","separate_mirage","trait2","bfdr_observed_fdp",0.2,0
20260903,91,500,15,3000,3000,3000,3000,"fast","control_informative",0.05,5,0.01,"","separate_mirage","trait2","bfdr_estimate",0.2,0.000974576196132837
20260903,91,500,15,3000,3000,3000,3000,"fast","control_informative",0.05,5,0.01,"","separate_mirage","trait2","bfdr_power",0.2,0.1
20260903,91,500,15,3000,3000,3000,3000,"fast","control_informative",0.05,5,0.01,"","separate_mirage","trait2","bfdr_discoveries",0.2,1
20260903,91,500,15,3000,3000,3000,3000,"fast","control_informative",0.05,5,0.01,"","separate_mirage","pleiotropy","bfdr_observed_fdp",0.01,0
20260903,91,500,15,3000,3000,3000,3000,"fast","control_informative",0.05,5,0.01,"","separate_mirage","pleiotropy","bfdr_estimate",0.01,0
20260903,91,500,15,3000,3000,3000,3000,"fast","control_informative",0.05,5,0.01,"","separate_mirage","pleiotropy","bfdr_power",0.01,0
20260903,91,500,15,3000,3000,3000,3000,"fast","control_informative",0.05,5,0.01,"","separate_mirage","pleiotropy","bfdr_discoveries",0.01,0
20260903,91,500,15,3000,3000,3000,3000,"fast","control_informative",0.05,5,0.01,"","separate_mirage","pleiotropy","bfdr_observed_fdp",0.05,0
20260903,91,500,15,3000,3000,3000,3000,"fast","control_informative",0.05,5,0.01,"","separate_mirage","pleiotropy","bfdr_estimate",0.05,0
20260903,91,500,15,3000,3000,3000,3000,"fast","control_informative",0.05,5,0.01,"","separate_mirage","pleiotropy","bfdr_power",0.05,0
20260903,91,500,15,3000,3000,3000,3000,"fast","control_informative",0.05,5,0.01,"","separate_mirage","pleiotropy","bfdr_discoveries",0.05,0
20260903,91,500,15,3000,3000,3000,3000,"fast","control_informative",0.05,5,0.01,"","separate_mirage","pleiotropy","bfdr_observed_fdp",0.1,0
20260903,91,500,15,3000,3000,3000,3000,"fast","control_informative",0.05,5,0.01,"","separate_mirage","pleiotropy","bfdr_estimate",0.1,0
20260903,91,500,15,3000,3000,3000,3000,"fast","control_informative",0.05,5,0.01,"","separate_mirage","pleiotropy","bfdr_power",0.1,0
20260903,91,500,15,3000,3000,3000,3000,"fast","control_informative",0.05,5,0.01,"","separate_mirage","pleiotropy","bfdr_discoveries",0.1,0
20260903,91,500,15,3000,3000,3000,3000,"fast","control_informative",0.05,5,0.01,"","separate_mirage","pleiotropy","bfdr_observed_fdp",0.2,0
20260903,91,500,15,3000,3000,3000,3000,"fast","control_informative",0.05,5,0.01,"","separate_mirage","pleiotropy","bfdr_estimate",0.2,0
20260903,91,500,15,3000,3000,3000,3000,"fast","control_informative",0.05,5,0.01,"","separate_mirage","pleiotropy","bfdr_power",0.2,0
20260903,91,500,15,3000,3000,3000,3000,"fast","control_informative",0.05,5,0.01,"","separate_mirage","pleiotropy","bfdr_discoveries",0.2,0
20260903,91,500,15,3000,3000,3000,3000,"fast","control_informative",0.05,5,0.01,"","separate_mirage","global","runtime_seconds",NA,18.6580000000004
20260903,91,500,15,3000,3000,3000,3000,"fast","control_informative",0.05,5,0.01,"","separate_mirage","pleiotropy","pi11_estimate",NA,0.001
20260903,91,500,15,3000,3000,3000,3000,"fast","control_informative",0.05,5,0.01,"","mtada_aggregated","trait1","auc",NA,0.563621052631579
20260903,91,500,15,3000,3000,3000,3000,"fast","control_informative",0.05,5,0.01,"","mtada_aggregated","trait2","auc",NA,0.69734693877551
20260903,91,500,15,3000,3000,3000,3000,"fast","control_informative",0.05,5,0.01,"","mtada_aggregated","pleiotropy","auc",NA,0.585454545454545
20260903,91,500,15,3000,3000,3000,3000,"fast","control_informative",0.05,5,0.01,"","mtada_aggregated","trait1","pp08_power",0.8,0.12
20260903,91,500,15,3000,3000,3000,3000,"fast","control_informative",0.05,5,0.01,"","mtada_aggregated","trait1","pp08_fdp",0.8,0.928571428571429
20260903,91,500,15,3000,3000,3000,3000,"fast","control_informative",0.05,5,0.01,"","mtada_aggregated","trait1","pp08_discoveries",0.8,42
20260903,91,500,15,3000,3000,3000,3000,"fast","control_informative",0.05,5,0.01,"","mtada_aggregated","trait2","pp08_power",0.8,0.2
20260903,91,500,15,3000,3000,3000,3000,"fast","control_informative",0.05,5,0.01,"","mtada_aggregated","trait2","pp08_fdp",0.8,0.941176470588235
20260903,91,500,15,3000,3000,3000,3000,"fast","control_informative",0.05,5,0.01,"","mtada_aggregated","trait2","pp08_discoveries",0.8,34
20260903,91,500,15,3000,3000,3000,3000,"fast","control_informative",0.05,5,0.01,"","mtada_aggregated","pleiotropy","pp08_power",0.8,0
20260903,91,500,15,3000,3000,3000,3000,"fast","control_informative",0.05,5,0.01,"","mtada_aggregated","pleiotropy","pp08_fdp",0.8,1
20260903,91,500,15,3000,3000,3000,3000,"fast","control_informative",0.05,5,0.01,"","mtada_aggregated","pleiotropy","pp08_discoveries",0.8,2
20260903,91,500,15,3000,3000,3000,3000,"fast","control_informative",0.05,5,0.01,"","mtada_aggregated","trait1","bfdr_observed_fdp",0.01,0.93939393939394
20260903,91,500,15,3000,3000,3000,3000,"fast","control_informative",0.05,5,0.01,"","mtada_aggregated","trait1","bfdr_estimate",0.01,0.00979422751242889
20260903,91,500,15,3000,3000,3000,3000,"fast","control_informative",0.05,5,0.01,"","mtada_aggregated","trait1","bfdr_power",0.01,0.08
20260903,91,500,15,3000,3000,3000,3000,"fast","control_informative",0.05,5,0.01,"","mtada_aggregated","trait1","bfdr_discoveries",0.01,33
20260903,91,500,15,3000,3000,3000,3000,"fast","control_informative",0.05,5,0.01,"","mtada_aggregated","trait1","bfdr_observed_fdp",0.05,0.933333333333333
20260903,91,500,15,3000,3000,3000,3000,"fast","control_informative",0.05,5,0.01,"","mtada_aggregated","trait1","bfdr_estimate",0.05,0.049133028672128
20260903,91,500,15,3000,3000,3000,3000,"fast","control_informative",0.05,5,0.01,"","mtada_aggregated","trait1","bfdr_power",0.05,0.12
20260903,91,500,15,3000,3000,3000,3000,"fast","control_informative",0.05,5,0.01,"","mtada_aggregated","trait1","bfdr_discoveries",0.05,45
20260903,91,500,15,3000,3000,3000,3000,"fast","control_informative",0.05,5,0.01,"","mtada_aggregated","trait1","bfdr_observed_fdp",0.1,0.94
20260903,91,500,15,3000,3000,3000,3000,"fast","control_informative",0.05,5,0.01,"","mtada_aggregated","trait1","bfdr_estimate",0.1,0.0913712612878061
20260903,91,500,15,3000,3000,3000,3000,"fast","control_informative",0.05,5,0.01,"","mtada_aggregated","trait1","bfdr_power",0.1,0.12
20260903,91,500,15,3000,3000,3000,3000,"fast","control_informative",0.05,5,0.01,"","mtada_aggregated","trait1","bfdr_discoveries",0.1,50
20260903,91,500,15,3000,3000,3000,3000,"fast","control_informative",0.05,5,0.01,"","mtada_aggregated","trait1","bfdr_observed_fdp",0.2,0.95
20260903,91,500,15,3000,3000,3000,3000,"fast","control_informative",0.05,5,0.01,"","mtada_aggregated","trait1","bfdr_estimate",0.2,0.193491784361915
20260903,91,500,15,3000,3000,3000,3000,"fast","control_informative",0.05,5,0.01,"","mtada_aggregated","trait1","bfdr_power",0.2,0.12
20260903,91,500,15,3000,3000,3000,3000,"fast","control_informative",0.05,5,0.01,"","mtada_aggregated","trait1","bfdr_discoveries",0.2,60
20260903,91,500,15,3000,3000,3000,3000,"fast","control_informative",0.05,5,0.01,"","mtada_aggregated","trait2","bfdr_observed_fdp",0.01,0.931034482758621
20260903,91,500,15,3000,3000,3000,3000,"fast","control_informative",0.05,5,0.01,"","mtada_aggregated","trait2","bfdr_estimate",0.01,0.0093662669419284
20260903,91,500,15,3000,3000,3000,3000,"fast","control_informative",0.05,5,0.01,"","mtada_aggregated","trait2","bfdr_power",0.01,0.2
20260903,91,500,15,3000,3000,3000,3000,"fast","control_informative",0.05,5,0.01,"","mtada_aggregated","trait2","bfdr_discoveries",0.01,29
20260903,91,500,15,3000,3000,3000,3000,"fast","control_informative",0.05,5,0.01,"","mtada_aggregated","trait2","bfdr_observed_fdp",0.05,0.921052631578947
20260903,91,500,15,3000,3000,3000,3000,"fast","control_informative",0.05,5,0.01,"","mtada_aggregated","trait2","bfdr_estimate",0.05,0.0477459015399548
20260903,91,500,15,3000,3000,3000,3000,"fast","control_informative",0.05,5,0.01,"","mtada_aggregated","trait2","bfdr_power",0.05,0.3
20260903,91,500,15,3000,3000,3000,3000,"fast","control_informative",0.05,5,0.01,"","mtada_aggregated","trait2","bfdr_discoveries",0.05,38
20260903,91,500,15,3000,3000,3000,3000,"fast","control_informative",0.05,5,0.01,"","mtada_aggregated","trait2","bfdr_observed_fdp",0.1,0.911111111111111
20260903,91,500,15,3000,3000,3000,3000,"fast","control_informative",0.05,5,0.01,"","mtada_aggregated","trait2","bfdr_estimate",0.1,0.0986562621962173
20260903,91,500,15,3000,3000,3000,3000,"fast","control_informative",0.05,5,0.01,"","mtada_aggregated","trait2","bfdr_power",0.1,0.4
20260903,91,500,15,3000,3000,3000,3000,"fast","control_informative",0.05,5,0.01,"","mtada_aggregated","trait2","bfdr_discoveries",0.1,45
20260903,91,500,15,3000,3000,3000,3000,"fast","control_informative",0.05,5,0.01,"","mtada_aggregated","trait2","bfdr_observed_fdp",0.2,0.907407407407407
20260903,91,500,15,3000,3000,3000,3000,"fast","control_informative",0.05,5,0.01,"","mtada_aggregated","trait2","bfdr_estimate",0.2,0.196107292327556
20260903,91,500,15,3000,3000,3000,3000,"fast","control_informative",0.05,5,0.01,"","mtada_aggregated","trait2","bfdr_power",0.2,0.5
20260903,91,500,15,3000,3000,3000,3000,"fast","control_informative",0.05,5,0.01,"","mtada_aggregated","trait2","bfdr_discoveries",0.2,54
20260903,91,500,15,3000,3000,3000,3000,"fast","control_informative",0.05,5,0.01,"","mtada_aggregated","pleiotropy","bfdr_observed_fdp",0.01,1
20260903,91,500,15,3000,3000,3000,3000,"fast","control_informative",0.05,5,0.01,"","mtada_aggregated","pleiotropy","bfdr_estimate",0.01,6.66133814775094e-16
20260903,91,500,15,3000,3000,3000,3000,"fast","control_informative",0.05,5,0.01,"","mtada_aggregated","pleiotropy","bfdr_power",0.01,0
20260903,91,500,15,3000,3000,3000,3000,"fast","control_informative",0.05,5,0.01,"","mtada_aggregated","pleiotropy","bfdr_discoveries",0.01,1
20260903,91,500,15,3000,3000,3000,3000,"fast","control_informative",0.05,5,0.01,"","mtada_aggregated","pleiotropy","bfdr_observed_fdp",0.05,1
20260903,91,500,15,3000,3000,3000,3000,"fast","control_informative",0.05,5,0.01,"","mtada_aggregated","pleiotropy","bfdr_estimate",0.05,0.023608263224143
20260903,91,500,15,3000,3000,3000,3000,"fast","control_informative",0.05,5,0.01,"","mtada_aggregated","pleiotropy","bfdr_power",0.05,0
20260903,91,500,15,3000,3000,3000,3000,"fast","control_informative",0.05,5,0.01,"","mtada_aggregated","pleiotropy","bfdr_discoveries",0.05,2
20260903,91,500,15,3000,3000,3000,3000,"fast","control_informative",0.05,5,0.01,"","mtada_aggregated","pleiotropy","bfdr_observed_fdp",0.1,1
20260903,91,500,15,3000,3000,3000,3000,"fast","control_informative",0.05,5,0.01,"","mtada_aggregated","pleiotropy","bfdr_estimate",0.1,0.023608263224143
20260903,91,500,15,3000,3000,3000,3000,"fast","control_informative",0.05,5,0.01,"","mtada_aggregated","pleiotropy","bfdr_power",0.1,0
20260903,91,500,15,3000,3000,3000,3000,"fast","control_informative",0.05,5,0.01,"","mtada_aggregated","pleiotropy","bfdr_discoveries",0.1,2
20260903,91,500,15,3000,3000,3000,3000,"fast","control_informative",0.05,5,0.01,"","mtada_aggregated","pleiotropy","bfdr_observed_fdp",0.2,1
20260903,91,500,15,3000,3000,3000,3000,"fast","control_informative",0.05,5,0.01,"","mtada_aggregated","pleiotropy","bfdr_estimate",0.2,0.174644565672801
20260903,91,500,15,3000,3000,3000,3000,"fast","control_informative",0.05,5,0.01,"","mtada_aggregated","pleiotropy","bfdr_power",0.2,0
20260903,91,500,15,3000,3000,3000,3000,"fast","control_informative",0.05,5,0.01,"","mtada_aggregated","pleiotropy","bfdr_discoveries",0.2,4
20260903,91,500,15,3000,3000,3000,3000,"fast","control_informative",0.05,5,0.01,"","mtada_aggregated","global","runtime_seconds",NA,0.740000000000236
20260903,91,500,15,3000,3000,3000,3000,"fast","control_informative",0.05,5,0.01,"","mtada_aggregated","pleiotropy","pi11_estimate",NA,0.00213107
20260904,92,500,15,3000,3000,3000,3000,"fast","control_informative",0.05,5,0.01,"","mirage_joint","trait1","auc",NA,0.71898947368421
20260904,92,500,15,3000,3000,3000,3000,"fast","control_informative",0.05,5,0.01,"","mirage_joint","trait2","auc",NA,0.586530612244898
20260904,92,500,15,3000,3000,3000,3000,"fast","control_informative",0.05,5,0.01,"","mirage_joint","pleiotropy","auc",NA,0.92040404040404
20260904,92,500,15,3000,3000,3000,3000,"fast","control_informative",0.05,5,0.01,"","mirage_joint","trait1","pp08_power",0.8,0.08
20260904,92,500,15,3000,3000,3000,3000,"fast","control_informative",0.05,5,0.01,"","mirage_joint","trait1","pp08_fdp",0.8,0
20260904,92,500,15,3000,3000,3000,3000,"fast","control_informative",0.05,5,0.01,"","mirage_joint","trait1","pp08_discoveries",0.8,2
20260904,92,500,15,3000,3000,3000,3000,"fast","control_informative",0.05,5,0.01,"","mirage_joint","trait2","pp08_power",0.8,0.1
20260904,92,500,15,3000,3000,3000,3000,"fast","control_informative",0.05,5,0.01,"","mirage_joint","trait2","pp08_fdp",0.8,0
20260904,92,500,15,3000,3000,3000,3000,"fast","control_informative",0.05,5,0.01,"","mirage_joint","trait2","pp08_discoveries",0.8,1
20260904,92,500,15,3000,3000,3000,3000,"fast","control_informative",0.05,5,0.01,"","mirage_joint","pleiotropy","pp08_power",0.8,0
20260904,92,500,15,3000,3000,3000,3000,"fast","control_informative",0.05,5,0.01,"","mirage_joint","pleiotropy","pp08_fdp",0.8,0
20260904,92,500,15,3000,3000,3000,3000,"fast","control_informative",0.05,5,0.01,"","mirage_joint","pleiotropy","pp08_discoveries",0.8,0
20260904,92,500,15,3000,3000,3000,3000,"fast","control_informative",0.05,5,0.01,"","mirage_joint","trait1","bfdr_observed_fdp",0.01,0
20260904,92,500,15,3000,3000,3000,3000,"fast","control_informative",0.05,5,0.01,"","mirage_joint","trait1","bfdr_estimate",0.01,1.06673143722702e-05
20260904,92,500,15,3000,3000,3000,3000,"fast","control_informative",0.05,5,0.01,"","mirage_joint","trait1","bfdr_power",0.01,0.04
20260904,92,500,15,3000,3000,3000,3000,"fast","control_informative",0.05,5,0.01,"","mirage_joint","trait1","bfdr_discoveries",0.01,1
20260904,92,500,15,3000,3000,3000,3000,"fast","control_informative",0.05,5,0.01,"","mirage_joint","trait1","bfdr_observed_fdp",0.05,0
20260904,92,500,15,3000,3000,3000,3000,"fast","control_informative",0.05,5,0.01,"","mirage_joint","trait1","bfdr_estimate",0.05,0.0389886750049233
20260904,92,500,15,3000,3000,3000,3000,"fast","control_informative",0.05,5,0.01,"","mirage_joint","trait1","bfdr_power",0.05,0.08
20260904,92,500,15,3000,3000,3000,3000,"fast","control_informative",0.05,5,0.01,"","mirage_joint","trait1","bfdr_discoveries",0.05,2
20260904,92,500,15,3000,3000,3000,3000,"fast","control_informative",0.05,5,0.01,"","mirage_joint","trait1","bfdr_observed_fdp",0.1,0
20260904,92,500,15,3000,3000,3000,3000,"fast","control_informative",0.05,5,0.01,"","mirage_joint","trait1","bfdr_estimate",0.1,0.0389886750049233
20260904,92,500,15,3000,3000,3000,3000,"fast","control_informative",0.05,5,0.01,"","mirage_joint","trait1","bfdr_power",0.1,0.08
20260904,92,500,15,3000,3000,3000,3000,"fast","control_informative",0.05,5,0.01,"","mirage_joint","trait1","bfdr_discoveries",0.1,2
20260904,92,500,15,3000,3000,3000,3000,"fast","control_informative",0.05,5,0.01,"","mirage_joint","trait1","bfdr_observed_fdp",0.2,0
20260904,92,500,15,3000,3000,3000,3000,"fast","control_informative",0.05,5,0.01,"","mirage_joint","trait1","bfdr_estimate",0.2,0.190809139868326
20260904,92,500,15,3000,3000,3000,3000,"fast","control_informative",0.05,5,0.01,"","mirage_joint","trait1","bfdr_power",0.2,0.16
20260904,92,500,15,3000,3000,3000,3000,"fast","control_informative",0.05,5,0.01,"","mirage_joint","trait1","bfdr_discoveries",0.2,4
20260904,92,500,15,3000,3000,3000,3000,"fast","control_informative",0.05,5,0.01,"","mirage_joint","trait2","bfdr_observed_fdp",0.01,0
20260904,92,500,15,3000,3000,3000,3000,"fast","control_informative",0.05,5,0.01,"","mirage_joint","trait2","bfdr_estimate",0.01,0
20260904,92,500,15,3000,3000,3000,3000,"fast","control_informative",0.05,5,0.01,"","mirage_joint","trait2","bfdr_power",0.01,0
20260904,92,500,15,3000,3000,3000,3000,"fast","control_informative",0.05,5,0.01,"","mirage_joint","trait2","bfdr_discoveries",0.01,0
20260904,92,500,15,3000,3000,3000,3000,"fast","control_informative",0.05,5,0.01,"","mirage_joint","trait2","bfdr_observed_fdp",0.05,0
20260904,92,500,15,3000,3000,3000,3000,"fast","control_informative",0.05,5,0.01,"","mirage_joint","trait2","bfdr_estimate",0.05,0.0335528907570148
20260904,92,500,15,3000,3000,3000,3000,"fast","control_informative",0.05,5,0.01,"","mirage_joint","trait2","bfdr_power",0.05,0.1
20260904,92,500,15,3000,3000,3000,3000,"fast","control_informative",0.05,5,0.01,"","mirage_joint","trait2","bfdr_discoveries",0.05,1
20260904,92,500,15,3000,3000,3000,3000,"fast","control_informative",0.05,5,0.01,"","mirage_joint","trait2","bfdr_observed_fdp",0.1,0
20260904,92,500,15,3000,3000,3000,3000,"fast","control_informative",0.05,5,0.01,"","mirage_joint","trait2","bfdr_estimate",0.1,0.0335528907570148
20260904,92,500,15,3000,3000,3000,3000,"fast","control_informative",0.05,5,0.01,"","mirage_joint","trait2","bfdr_power",0.1,0.1
20260904,92,500,15,3000,3000,3000,3000,"fast","control_informative",0.05,5,0.01,"","mirage_joint","trait2","bfdr_discoveries",0.1,1
20260904,92,500,15,3000,3000,3000,3000,"fast","control_informative",0.05,5,0.01,"","mirage_joint","trait2","bfdr_observed_fdp",0.2,0
20260904,92,500,15,3000,3000,3000,3000,"fast","control_informative",0.05,5,0.01,"","mirage_joint","trait2","bfdr_estimate",0.2,0.0335528907570148
20260904,92,500,15,3000,3000,3000,3000,"fast","control_informative",0.05,5,0.01,"","mirage_joint","trait2","bfdr_power",0.2,0.1
20260904,92,500,15,3000,3000,3000,3000,"fast","control_informative",0.05,5,0.01,"","mirage_joint","trait2","bfdr_discoveries",0.2,1
20260904,92,500,15,3000,3000,3000,3000,"fast","control_informative",0.05,5,0.01,"","mirage_joint","pleiotropy","bfdr_observed_fdp",0.01,0
20260904,92,500,15,3000,3000,3000,3000,"fast","control_informative",0.05,5,0.01,"","mirage_joint","pleiotropy","bfdr_estimate",0.01,0
20260904,92,500,15,3000,3000,3000,3000,"fast","control_informative",0.05,5,0.01,"","mirage_joint","pleiotropy","bfdr_power",0.01,0
20260904,92,500,15,3000,3000,3000,3000,"fast","control_informative",0.05,5,0.01,"","mirage_joint","pleiotropy","bfdr_discoveries",0.01,0
20260904,92,500,15,3000,3000,3000,3000,"fast","control_informative",0.05,5,0.01,"","mirage_joint","pleiotropy","bfdr_observed_fdp",0.05,0
20260904,92,500,15,3000,3000,3000,3000,"fast","control_informative",0.05,5,0.01,"","mirage_joint","pleiotropy","bfdr_estimate",0.05,0
20260904,92,500,15,3000,3000,3000,3000,"fast","control_informative",0.05,5,0.01,"","mirage_joint","pleiotropy","bfdr_power",0.05,0
20260904,92,500,15,3000,3000,3000,3000,"fast","control_informative",0.05,5,0.01,"","mirage_joint","pleiotropy","bfdr_discoveries",0.05,0
20260904,92,500,15,3000,3000,3000,3000,"fast","control_informative",0.05,5,0.01,"","mirage_joint","pleiotropy","bfdr_observed_fdp",0.1,0
20260904,92,500,15,3000,3000,3000,3000,"fast","control_informative",0.05,5,0.01,"","mirage_joint","pleiotropy","bfdr_estimate",0.1,0
20260904,92,500,15,3000,3000,3000,3000,"fast","control_informative",0.05,5,0.01,"","mirage_joint","pleiotropy","bfdr_power",0.1,0
20260904,92,500,15,3000,3000,3000,3000,"fast","control_informative",0.05,5,0.01,"","mirage_joint","pleiotropy","bfdr_discoveries",0.1,0
20260904,92,500,15,3000,3000,3000,3000,"fast","control_informative",0.05,5,0.01,"","mirage_joint","pleiotropy","bfdr_observed_fdp",0.2,0
20260904,92,500,15,3000,3000,3000,3000,"fast","control_informative",0.05,5,0.01,"","mirage_joint","pleiotropy","bfdr_estimate",0.2,0
20260904,92,500,15,3000,3000,3000,3000,"fast","control_informative",0.05,5,0.01,"","mirage_joint","pleiotropy","bfdr_power",0.2,0
20260904,92,500,15,3000,3000,3000,3000,"fast","control_informative",0.05,5,0.01,"","mirage_joint","pleiotropy","bfdr_discoveries",0.2,0
20260904,92,500,15,3000,3000,3000,3000,"fast","control_informative",0.05,5,0.01,"","mirage_joint","global","runtime_seconds",NA,19.136
20260904,92,500,15,3000,3000,3000,3000,"fast","control_informative",0.05,5,0.01,"","mirage_joint","pleiotropy","pi11_estimate",NA,0.0327056495365306
20260904,92,500,15,3000,3000,3000,3000,"fast","control_informative",0.05,5,0.01,"","separate_mirage","trait1","auc",NA,0.688252631578947
20260904,92,500,15,3000,3000,3000,3000,"fast","control_informative",0.05,5,0.01,"","separate_mirage","trait2","auc",NA,0.36469387755102
20260904,92,500,15,3000,3000,3000,3000,"fast","control_informative",0.05,5,0.01,"","separate_mirage","pleiotropy","auc",NA,0.842424242424242
20260904,92,500,15,3000,3000,3000,3000,"fast","control_informative",0.05,5,0.01,"","separate_mirage","trait1","pp08_power",0.8,0.08
20260904,92,500,15,3000,3000,3000,3000,"fast","control_informative",0.05,5,0.01,"","separate_mirage","trait1","pp08_fdp",0.8,0
20260904,92,500,15,3000,3000,3000,3000,"fast","control_informative",0.05,5,0.01,"","separate_mirage","trait1","pp08_discoveries",0.8,2
20260904,92,500,15,3000,3000,3000,3000,"fast","control_informative",0.05,5,0.01,"","separate_mirage","trait2","pp08_power",0.8,0.1
20260904,92,500,15,3000,3000,3000,3000,"fast","control_informative",0.05,5,0.01,"","separate_mirage","trait2","pp08_fdp",0.8,0
20260904,92,500,15,3000,3000,3000,3000,"fast","control_informative",0.05,5,0.01,"","separate_mirage","trait2","pp08_discoveries",0.8,1
20260904,92,500,15,3000,3000,3000,3000,"fast","control_informative",0.05,5,0.01,"","separate_mirage","pleiotropy","pp08_power",0.8,0
20260904,92,500,15,3000,3000,3000,3000,"fast","control_informative",0.05,5,0.01,"","separate_mirage","pleiotropy","pp08_fdp",0.8,0
20260904,92,500,15,3000,3000,3000,3000,"fast","control_informative",0.05,5,0.01,"","separate_mirage","pleiotropy","pp08_discoveries",0.8,0
20260904,92,500,15,3000,3000,3000,3000,"fast","control_informative",0.05,5,0.01,"","separate_mirage","trait1","bfdr_observed_fdp",0.01,0
20260904,92,500,15,3000,3000,3000,3000,"fast","control_informative",0.05,5,0.01,"","separate_mirage","trait1","bfdr_estimate",0.01,1.25084034475753e-05
20260904,92,500,15,3000,3000,3000,3000,"fast","control_informative",0.05,5,0.01,"","separate_mirage","trait1","bfdr_power",0.01,0.04
20260904,92,500,15,3000,3000,3000,3000,"fast","control_informative",0.05,5,0.01,"","separate_mirage","trait1","bfdr_discoveries",0.01,1
20260904,92,500,15,3000,3000,3000,3000,"fast","control_informative",0.05,5,0.01,"","separate_mirage","trait1","bfdr_observed_fdp",0.05,0
20260904,92,500,15,3000,3000,3000,3000,"fast","control_informative",0.05,5,0.01,"","separate_mirage","trait1","bfdr_estimate",0.05,1.25084034475753e-05
20260904,92,500,15,3000,3000,3000,3000,"fast","control_informative",0.05,5,0.01,"","separate_mirage","trait1","bfdr_power",0.05,0.04
20260904,92,500,15,3000,3000,3000,3000,"fast","control_informative",0.05,5,0.01,"","separate_mirage","trait1","bfdr_discoveries",0.05,1
20260904,92,500,15,3000,3000,3000,3000,"fast","control_informative",0.05,5,0.01,"","separate_mirage","trait1","bfdr_observed_fdp",0.1,0
20260904,92,500,15,3000,3000,3000,3000,"fast","control_informative",0.05,5,0.01,"","separate_mirage","trait1","bfdr_estimate",0.1,0.051551470990692
20260904,92,500,15,3000,3000,3000,3000,"fast","control_informative",0.05,5,0.01,"","separate_mirage","trait1","bfdr_power",0.1,0.08
20260904,92,500,15,3000,3000,3000,3000,"fast","control_informative",0.05,5,0.01,"","separate_mirage","trait1","bfdr_discoveries",0.1,2
20260904,92,500,15,3000,3000,3000,3000,"fast","control_informative",0.05,5,0.01,"","separate_mirage","trait1","bfdr_observed_fdp",0.2,0
20260904,92,500,15,3000,3000,3000,3000,"fast","control_informative",0.05,5,0.01,"","separate_mirage","trait1","bfdr_estimate",0.2,0.171923964327441
20260904,92,500,15,3000,3000,3000,3000,"fast","control_informative",0.05,5,0.01,"","separate_mirage","trait1","bfdr_power",0.2,0.12
20260904,92,500,15,3000,3000,3000,3000,"fast","control_informative",0.05,5,0.01,"","separate_mirage","trait1","bfdr_discoveries",0.2,3
20260904,92,500,15,3000,3000,3000,3000,"fast","control_informative",0.05,5,0.01,"","separate_mirage","trait2","bfdr_observed_fdp",0.01,0
20260904,92,500,15,3000,3000,3000,3000,"fast","control_informative",0.05,5,0.01,"","separate_mirage","trait2","bfdr_estimate",0.01,0
20260904,92,500,15,3000,3000,3000,3000,"fast","control_informative",0.05,5,0.01,"","separate_mirage","trait2","bfdr_power",0.01,0
20260904,92,500,15,3000,3000,3000,3000,"fast","control_informative",0.05,5,0.01,"","separate_mirage","trait2","bfdr_discoveries",0.01,0
20260904,92,500,15,3000,3000,3000,3000,"fast","control_informative",0.05,5,0.01,"","separate_mirage","trait2","bfdr_observed_fdp",0.05,0
20260904,92,500,15,3000,3000,3000,3000,"fast","control_informative",0.05,5,0.01,"","separate_mirage","trait2","bfdr_estimate",0.05,0.0333883805877198
20260904,92,500,15,3000,3000,3000,3000,"fast","control_informative",0.05,5,0.01,"","separate_mirage","trait2","bfdr_power",0.05,0.1
20260904,92,500,15,3000,3000,3000,3000,"fast","control_informative",0.05,5,0.01,"","separate_mirage","trait2","bfdr_discoveries",0.05,1
20260904,92,500,15,3000,3000,3000,3000,"fast","control_informative",0.05,5,0.01,"","separate_mirage","trait2","bfdr_observed_fdp",0.1,0
20260904,92,500,15,3000,3000,3000,3000,"fast","control_informative",0.05,5,0.01,"","separate_mirage","trait2","bfdr_estimate",0.1,0.0333883805877198
20260904,92,500,15,3000,3000,3000,3000,"fast","control_informative",0.05,5,0.01,"","separate_mirage","trait2","bfdr_power",0.1,0.1
20260904,92,500,15,3000,3000,3000,3000,"fast","control_informative",0.05,5,0.01,"","separate_mirage","trait2","bfdr_discoveries",0.1,1
20260904,92,500,15,3000,3000,3000,3000,"fast","control_informative",0.05,5,0.01,"","separate_mirage","trait2","bfdr_observed_fdp",0.2,0
20260904,92,500,15,3000,3000,3000,3000,"fast","control_informative",0.05,5,0.01,"","separate_mirage","trait2","bfdr_estimate",0.2,0.0333883805877198
20260904,92,500,15,3000,3000,3000,3000,"fast","control_informative",0.05,5,0.01,"","separate_mirage","trait2","bfdr_power",0.2,0.1
20260904,92,500,15,3000,3000,3000,3000,"fast","control_informative",0.05,5,0.01,"","separate_mirage","trait2","bfdr_discoveries",0.2,1
20260904,92,500,15,3000,3000,3000,3000,"fast","control_informative",0.05,5,0.01,"","separate_mirage","pleiotropy","bfdr_observed_fdp",0.01,0
20260904,92,500,15,3000,3000,3000,3000,"fast","control_informative",0.05,5,0.01,"","separate_mirage","pleiotropy","bfdr_estimate",0.01,0
20260904,92,500,15,3000,3000,3000,3000,"fast","control_informative",0.05,5,0.01,"","separate_mirage","pleiotropy","bfdr_power",0.01,0
20260904,92,500,15,3000,3000,3000,3000,"fast","control_informative",0.05,5,0.01,"","separate_mirage","pleiotropy","bfdr_discoveries",0.01,0
20260904,92,500,15,3000,3000,3000,3000,"fast","control_informative",0.05,5,0.01,"","separate_mirage","pleiotropy","bfdr_observed_fdp",0.05,0
20260904,92,500,15,3000,3000,3000,3000,"fast","control_informative",0.05,5,0.01,"","separate_mirage","pleiotropy","bfdr_estimate",0.05,0
20260904,92,500,15,3000,3000,3000,3000,"fast","control_informative",0.05,5,0.01,"","separate_mirage","pleiotropy","bfdr_power",0.05,0
20260904,92,500,15,3000,3000,3000,3000,"fast","control_informative",0.05,5,0.01,"","separate_mirage","pleiotropy","bfdr_discoveries",0.05,0
20260904,92,500,15,3000,3000,3000,3000,"fast","control_informative",0.05,5,0.01,"","separate_mirage","pleiotropy","bfdr_observed_fdp",0.1,0
20260904,92,500,15,3000,3000,3000,3000,"fast","control_informative",0.05,5,0.01,"","separate_mirage","pleiotropy","bfdr_estimate",0.1,0
20260904,92,500,15,3000,3000,3000,3000,"fast","control_informative",0.05,5,0.01,"","separate_mirage","pleiotropy","bfdr_power",0.1,0
20260904,92,500,15,3000,3000,3000,3000,"fast","control_informative",0.05,5,0.01,"","separate_mirage","pleiotropy","bfdr_discoveries",0.1,0
20260904,92,500,15,3000,3000,3000,3000,"fast","control_informative",0.05,5,0.01,"","separate_mirage","pleiotropy","bfdr_observed_fdp",0.2,0
20260904,92,500,15,3000,3000,3000,3000,"fast","control_informative",0.05,5,0.01,"","separate_mirage","pleiotropy","bfdr_estimate",0.2,0
20260904,92,500,15,3000,3000,3000,3000,"fast","control_informative",0.05,5,0.01,"","separate_mirage","pleiotropy","bfdr_power",0.2,0
20260904,92,500,15,3000,3000,3000,3000,"fast","control_informative",0.05,5,0.01,"","separate_mirage","pleiotropy","bfdr_discoveries",0.2,0
20260904,92,500,15,3000,3000,3000,3000,"fast","control_informative",0.05,5,0.01,"","separate_mirage","global","runtime_seconds",NA,18.607
20260904,92,500,15,3000,3000,3000,3000,"fast","control_informative",0.05,5,0.01,"","separate_mirage","pleiotropy","pi11_estimate",NA,0.001
20260904,92,500,15,3000,3000,3000,3000,"fast","control_informative",0.05,5,0.01,"","mtada_aggregated","trait1","auc",NA,0.774063157894737
20260904,92,500,15,3000,3000,3000,3000,"fast","control_informative",0.05,5,0.01,"","mtada_aggregated","trait2","auc",NA,0.511632653061225
20260904,92,500,15,3000,3000,3000,3000,"fast","control_informative",0.05,5,0.01,"","mtada_aggregated","pleiotropy","auc",NA,0.718787878787879
20260904,92,500,15,3000,3000,3000,3000,"fast","control_informative",0.05,5,0.01,"","mtada_aggregated","trait1","pp08_power",0.8,0.28
20260904,92,500,15,3000,3000,3000,3000,"fast","control_informative",0.05,5,0.01,"","mtada_aggregated","trait1","pp08_fdp",0.8,0.829268292682927
20260904,92,500,15,3000,3000,3000,3000,"fast","control_informative",0.05,5,0.01,"","mtada_aggregated","trait1","pp08_discoveries",0.8,41
20260904,92,500,15,3000,3000,3000,3000,"fast","control_informative",0.05,5,0.01,"","mtada_aggregated","trait2","pp08_power",0.8,0.2
20260904,92,500,15,3000,3000,3000,3000,"fast","control_informative",0.05,5,0.01,"","mtada_aggregated","trait2","pp08_fdp",0.8,0.957446808510638
20260904,92,500,15,3000,3000,3000,3000,"fast","control_informative",0.05,5,0.01,"","mtada_aggregated","trait2","pp08_discoveries",0.8,47
20260904,92,500,15,3000,3000,3000,3000,"fast","control_informative",0.05,5,0.01,"","mtada_aggregated","pleiotropy","pp08_power",0.8,0
20260904,92,500,15,3000,3000,3000,3000,"fast","control_informative",0.05,5,0.01,"","mtada_aggregated","pleiotropy","pp08_fdp",0.8,1
20260904,92,500,15,3000,3000,3000,3000,"fast","control_informative",0.05,5,0.01,"","mtada_aggregated","pleiotropy","pp08_discoveries",0.8,5
20260904,92,500,15,3000,3000,3000,3000,"fast","control_informative",0.05,5,0.01,"","mtada_aggregated","trait1","bfdr_observed_fdp",0.01,0.810810810810811
20260904,92,500,15,3000,3000,3000,3000,"fast","control_informative",0.05,5,0.01,"","mtada_aggregated","trait1","bfdr_estimate",0.01,0.00983155366855966
20260904,92,500,15,3000,3000,3000,3000,"fast","control_informative",0.05,5,0.01,"","mtada_aggregated","trait1","bfdr_power",0.01,0.28
20260904,92,500,15,3000,3000,3000,3000,"fast","control_informative",0.05,5,0.01,"","mtada_aggregated","trait1","bfdr_discoveries",0.01,37
20260904,92,500,15,3000,3000,3000,3000,"fast","control_informative",0.05,5,0.01,"","mtada_aggregated","trait1","bfdr_observed_fdp",0.05,0.840909090909091
20260904,92,500,15,3000,3000,3000,3000,"fast","control_informative",0.05,5,0.01,"","mtada_aggregated","trait1","bfdr_estimate",0.05,0.0403185598513737
20260904,92,500,15,3000,3000,3000,3000,"fast","control_informative",0.05,5,0.01,"","mtada_aggregated","trait1","bfdr_power",0.05,0.28
20260904,92,500,15,3000,3000,3000,3000,"fast","control_informative",0.05,5,0.01,"","mtada_aggregated","trait1","bfdr_discoveries",0.05,44
20260904,92,500,15,3000,3000,3000,3000,"fast","control_informative",0.05,5,0.01,"","mtada_aggregated","trait1","bfdr_observed_fdp",0.1,0.836734693877551
20260904,92,500,15,3000,3000,3000,3000,"fast","control_informative",0.05,5,0.01,"","mtada_aggregated","trait1","bfdr_estimate",0.1,0.0963706410955412
20260904,92,500,15,3000,3000,3000,3000,"fast","control_informative",0.05,5,0.01,"","mtada_aggregated","trait1","bfdr_power",0.1,0.32
20260904,92,500,15,3000,3000,3000,3000,"fast","control_informative",0.05,5,0.01,"","mtada_aggregated","trait1","bfdr_discoveries",0.1,49
20260904,92,500,15,3000,3000,3000,3000,"fast","control_informative",0.05,5,0.01,"","mtada_aggregated","trait1","bfdr_observed_fdp",0.2,0.844827586206897
20260904,92,500,15,3000,3000,3000,3000,"fast","control_informative",0.05,5,0.01,"","mtada_aggregated","trait1","bfdr_estimate",0.2,0.192310308863841
20260904,92,500,15,3000,3000,3000,3000,"fast","control_informative",0.05,5,0.01,"","mtada_aggregated","trait1","bfdr_power",0.2,0.36
20260904,92,500,15,3000,3000,3000,3000,"fast","control_informative",0.05,5,0.01,"","mtada_aggregated","trait1","bfdr_discoveries",0.2,58
20260904,92,500,15,3000,3000,3000,3000,"fast","control_informative",0.05,5,0.01,"","mtada_aggregated","trait2","bfdr_observed_fdp",0.01,0.955555555555556
20260904,92,500,15,3000,3000,3000,3000,"fast","control_informative",0.05,5,0.01,"","mtada_aggregated","trait2","bfdr_estimate",0.01,0.00677001431371815
20260904,92,500,15,3000,3000,3000,3000,"fast","control_informative",0.05,5,0.01,"","mtada_aggregated","trait2","bfdr_power",0.01,0.2
20260904,92,500,15,3000,3000,3000,3000,"fast","control_informative",0.05,5,0.01,"","mtada_aggregated","trait2","bfdr_discoveries",0.01,45
20260904,92,500,15,3000,3000,3000,3000,"fast","control_informative",0.05,5,0.01,"","mtada_aggregated","trait2","bfdr_observed_fdp",0.05,0.96078431372549
20260904,92,500,15,3000,3000,3000,3000,"fast","control_informative",0.05,5,0.01,"","mtada_aggregated","trait2","bfdr_estimate",0.05,0.0428700475217665
20260904,92,500,15,3000,3000,3000,3000,"fast","control_informative",0.05,5,0.01,"","mtada_aggregated","trait2","bfdr_power",0.05,0.2
20260904,92,500,15,3000,3000,3000,3000,"fast","control_informative",0.05,5,0.01,"","mtada_aggregated","trait2","bfdr_discoveries",0.05,51
20260904,92,500,15,3000,3000,3000,3000,"fast","control_informative",0.05,5,0.01,"","mtada_aggregated","trait2","bfdr_observed_fdp",0.1,0.964912280701754
20260904,92,500,15,3000,3000,3000,3000,"fast","control_informative",0.05,5,0.01,"","mtada_aggregated","trait2","bfdr_estimate",0.1,0.0966857737712061
20260904,92,500,15,3000,3000,3000,3000,"fast","control_informative",0.05,5,0.01,"","mtada_aggregated","trait2","bfdr_power",0.1,0.2
20260904,92,500,15,3000,3000,3000,3000,"fast","control_informative",0.05,5,0.01,"","mtada_aggregated","trait2","bfdr_discoveries",0.1,57
20260904,92,500,15,3000,3000,3000,3000,"fast","control_informative",0.05,5,0.01,"","mtada_aggregated","trait2","bfdr_observed_fdp",0.2,0.954545454545455
20260904,92,500,15,3000,3000,3000,3000,"fast","control_informative",0.05,5,0.01,"","mtada_aggregated","trait2","bfdr_estimate",0.2,0.191035148767229
20260904,92,500,15,3000,3000,3000,3000,"fast","control_informative",0.05,5,0.01,"","mtada_aggregated","trait2","bfdr_power",0.2,0.3
20260904,92,500,15,3000,3000,3000,3000,"fast","control_informative",0.05,5,0.01,"","mtada_aggregated","trait2","bfdr_discoveries",0.2,66
20260904,92,500,15,3000,3000,3000,3000,"fast","control_informative",0.05,5,0.01,"","mtada_aggregated","pleiotropy","bfdr_observed_fdp",0.01,1
20260904,92,500,15,3000,3000,3000,3000,"fast","control_informative",0.05,5,0.01,"","mtada_aggregated","pleiotropy","bfdr_estimate",0.01,0.00519802750044525
20260904,92,500,15,3000,3000,3000,3000,"fast","control_informative",0.05,5,0.01,"","mtada_aggregated","pleiotropy","bfdr_power",0.01,0
20260904,92,500,15,3000,3000,3000,3000,"fast","control_informative",0.05,5,0.01,"","mtada_aggregated","pleiotropy","bfdr_discoveries",0.01,3
20260904,92,500,15,3000,3000,3000,3000,"fast","control_informative",0.05,5,0.01,"","mtada_aggregated","pleiotropy","bfdr_observed_fdp",0.05,1
20260904,92,500,15,3000,3000,3000,3000,"fast","control_informative",0.05,5,0.01,"","mtada_aggregated","pleiotropy","bfdr_estimate",0.05,0.0396606302245264
20260904,92,500,15,3000,3000,3000,3000,"fast","control_informative",0.05,5,0.01,"","mtada_aggregated","pleiotropy","bfdr_power",0.05,0
20260904,92,500,15,3000,3000,3000,3000,"fast","control_informative",0.05,5,0.01,"","mtada_aggregated","pleiotropy","bfdr_discoveries",0.05,5
20260904,92,500,15,3000,3000,3000,3000,"fast","control_informative",0.05,5,0.01,"","mtada_aggregated","pleiotropy","bfdr_observed_fdp",0.1,1
20260904,92,500,15,3000,3000,3000,3000,"fast","control_informative",0.05,5,0.01,"","mtada_aggregated","pleiotropy","bfdr_estimate",0.1,0.0956626281425274
20260904,92,500,15,3000,3000,3000,3000,"fast","control_informative",0.05,5,0.01,"","mtada_aggregated","pleiotropy","bfdr_power",0.1,0
20260904,92,500,15,3000,3000,3000,3000,"fast","control_informative",0.05,5,0.01,"","mtada_aggregated","pleiotropy","bfdr_discoveries",0.1,7
20260904,92,500,15,3000,3000,3000,3000,"fast","control_informative",0.05,5,0.01,"","mtada_aggregated","pleiotropy","bfdr_observed_fdp",0.2,1
20260904,92,500,15,3000,3000,3000,3000,"fast","control_informative",0.05,5,0.01,"","mtada_aggregated","pleiotropy","bfdr_estimate",0.2,0.193980172095277
20260904,92,500,15,3000,3000,3000,3000,"fast","control_informative",0.05,5,0.01,"","mtada_aggregated","pleiotropy","bfdr_power",0.2,0
20260904,92,500,15,3000,3000,3000,3000,"fast","control_informative",0.05,5,0.01,"","mtada_aggregated","pleiotropy","bfdr_discoveries",0.2,9
20260904,92,500,15,3000,3000,3000,3000,"fast","control_informative",0.05,5,0.01,"","mtada_aggregated","global","runtime_seconds",NA,0.706000000000131
20260904,92,500,15,3000,3000,3000,3000,"fast","control_informative",0.05,5,0.01,"","mtada_aggregated","pleiotropy","pi11_estimate",NA,0.00230948
20260905,93,500,15,3000,3000,3000,3000,"fast","control_informative",0.05,5,0.01,"","mirage_joint","trait1","auc",NA,0.63898947368421
20260905,93,500,15,3000,3000,3000,3000,"fast","control_informative",0.05,5,0.01,"","mirage_joint","trait2","auc",NA,0.757551020408163
20260905,93,500,15,3000,3000,3000,3000,"fast","control_informative",0.05,5,0.01,"","mirage_joint","pleiotropy","auc",NA,0.777373737373737
20260905,93,500,15,3000,3000,3000,3000,"fast","control_informative",0.05,5,0.01,"","mirage_joint","trait1","pp08_power",0.8,0
20260905,93,500,15,3000,3000,3000,3000,"fast","control_informative",0.05,5,0.01,"","mirage_joint","trait1","pp08_fdp",0.8,0
20260905,93,500,15,3000,3000,3000,3000,"fast","control_informative",0.05,5,0.01,"","mirage_joint","trait1","pp08_discoveries",0.8,0
20260905,93,500,15,3000,3000,3000,3000,"fast","control_informative",0.05,5,0.01,"","mirage_joint","trait2","pp08_power",0.8,0.1
20260905,93,500,15,3000,3000,3000,3000,"fast","control_informative",0.05,5,0.01,"","mirage_joint","trait2","pp08_fdp",0.8,0
20260905,93,500,15,3000,3000,3000,3000,"fast","control_informative",0.05,5,0.01,"","mirage_joint","trait2","pp08_discoveries",0.8,1
20260905,93,500,15,3000,3000,3000,3000,"fast","control_informative",0.05,5,0.01,"","mirage_joint","pleiotropy","pp08_power",0.8,0
20260905,93,500,15,3000,3000,3000,3000,"fast","control_informative",0.05,5,0.01,"","mirage_joint","pleiotropy","pp08_fdp",0.8,0
20260905,93,500,15,3000,3000,3000,3000,"fast","control_informative",0.05,5,0.01,"","mirage_joint","pleiotropy","pp08_discoveries",0.8,0
20260905,93,500,15,3000,3000,3000,3000,"fast","control_informative",0.05,5,0.01,"","mirage_joint","trait1","bfdr_observed_fdp",0.01,0
20260905,93,500,15,3000,3000,3000,3000,"fast","control_informative",0.05,5,0.01,"","mirage_joint","trait1","bfdr_estimate",0.01,0
20260905,93,500,15,3000,3000,3000,3000,"fast","control_informative",0.05,5,0.01,"","mirage_joint","trait1","bfdr_power",0.01,0
20260905,93,500,15,3000,3000,3000,3000,"fast","control_informative",0.05,5,0.01,"","mirage_joint","trait1","bfdr_discoveries",0.01,0
20260905,93,500,15,3000,3000,3000,3000,"fast","control_informative",0.05,5,0.01,"","mirage_joint","trait1","bfdr_observed_fdp",0.05,0
20260905,93,500,15,3000,3000,3000,3000,"fast","control_informative",0.05,5,0.01,"","mirage_joint","trait1","bfdr_estimate",0.05,0
20260905,93,500,15,3000,3000,3000,3000,"fast","control_informative",0.05,5,0.01,"","mirage_joint","trait1","bfdr_power",0.05,0
20260905,93,500,15,3000,3000,3000,3000,"fast","control_informative",0.05,5,0.01,"","mirage_joint","trait1","bfdr_discoveries",0.05,0
20260905,93,500,15,3000,3000,3000,3000,"fast","control_informative",0.05,5,0.01,"","mirage_joint","trait1","bfdr_observed_fdp",0.1,0
20260905,93,500,15,3000,3000,3000,3000,"fast","control_informative",0.05,5,0.01,"","mirage_joint","trait1","bfdr_estimate",0.1,0
20260905,93,500,15,3000,3000,3000,3000,"fast","control_informative",0.05,5,0.01,"","mirage_joint","trait1","bfdr_power",0.1,0
20260905,93,500,15,3000,3000,3000,3000,"fast","control_informative",0.05,5,0.01,"","mirage_joint","trait1","bfdr_discoveries",0.1,0
20260905,93,500,15,3000,3000,3000,3000,"fast","control_informative",0.05,5,0.01,"","mirage_joint","trait1","bfdr_observed_fdp",0.2,0
20260905,93,500,15,3000,3000,3000,3000,"fast","control_informative",0.05,5,0.01,"","mirage_joint","trait1","bfdr_estimate",0.2,0
20260905,93,500,15,3000,3000,3000,3000,"fast","control_informative",0.05,5,0.01,"","mirage_joint","trait1","bfdr_power",0.2,0
20260905,93,500,15,3000,3000,3000,3000,"fast","control_informative",0.05,5,0.01,"","mirage_joint","trait1","bfdr_discoveries",0.2,0
20260905,93,500,15,3000,3000,3000,3000,"fast","control_informative",0.05,5,0.01,"","mirage_joint","trait2","bfdr_observed_fdp",0.01,0
20260905,93,500,15,3000,3000,3000,3000,"fast","control_informative",0.05,5,0.01,"","mirage_joint","trait2","bfdr_estimate",0.01,0.00469361616228736
20260905,93,500,15,3000,3000,3000,3000,"fast","control_informative",0.05,5,0.01,"","mirage_joint","trait2","bfdr_power",0.01,0.1
20260905,93,500,15,3000,3000,3000,3000,"fast","control_informative",0.05,5,0.01,"","mirage_joint","trait2","bfdr_discoveries",0.01,1
20260905,93,500,15,3000,3000,3000,3000,"fast","control_informative",0.05,5,0.01,"","mirage_joint","trait2","bfdr_observed_fdp",0.05,0
20260905,93,500,15,3000,3000,3000,3000,"fast","control_informative",0.05,5,0.01,"","mirage_joint","trait2","bfdr_estimate",0.05,0.00469361616228736
20260905,93,500,15,3000,3000,3000,3000,"fast","control_informative",0.05,5,0.01,"","mirage_joint","trait2","bfdr_power",0.05,0.1
20260905,93,500,15,3000,3000,3000,3000,"fast","control_informative",0.05,5,0.01,"","mirage_joint","trait2","bfdr_discoveries",0.05,1
20260905,93,500,15,3000,3000,3000,3000,"fast","control_informative",0.05,5,0.01,"","mirage_joint","trait2","bfdr_observed_fdp",0.1,0
20260905,93,500,15,3000,3000,3000,3000,"fast","control_informative",0.05,5,0.01,"","mirage_joint","trait2","bfdr_estimate",0.1,0.00469361616228736
20260905,93,500,15,3000,3000,3000,3000,"fast","control_informative",0.05,5,0.01,"","mirage_joint","trait2","bfdr_power",0.1,0.1
20260905,93,500,15,3000,3000,3000,3000,"fast","control_informative",0.05,5,0.01,"","mirage_joint","trait2","bfdr_discoveries",0.1,1
20260905,93,500,15,3000,3000,3000,3000,"fast","control_informative",0.05,5,0.01,"","mirage_joint","trait2","bfdr_observed_fdp",0.2,0
20260905,93,500,15,3000,3000,3000,3000,"fast","control_informative",0.05,5,0.01,"","mirage_joint","trait2","bfdr_estimate",0.2,0.00469361616228736
20260905,93,500,15,3000,3000,3000,3000,"fast","control_informative",0.05,5,0.01,"","mirage_joint","trait2","bfdr_power",0.2,0.1
20260905,93,500,15,3000,3000,3000,3000,"fast","control_informative",0.05,5,0.01,"","mirage_joint","trait2","bfdr_discoveries",0.2,1
20260905,93,500,15,3000,3000,3000,3000,"fast","control_informative",0.05,5,0.01,"","mirage_joint","pleiotropy","bfdr_observed_fdp",0.01,0
20260905,93,500,15,3000,3000,3000,3000,"fast","control_informative",0.05,5,0.01,"","mirage_joint","pleiotropy","bfdr_estimate",0.01,0
20260905,93,500,15,3000,3000,3000,3000,"fast","control_informative",0.05,5,0.01,"","mirage_joint","pleiotropy","bfdr_power",0.01,0
20260905,93,500,15,3000,3000,3000,3000,"fast","control_informative",0.05,5,0.01,"","mirage_joint","pleiotropy","bfdr_discoveries",0.01,0
20260905,93,500,15,3000,3000,3000,3000,"fast","control_informative",0.05,5,0.01,"","mirage_joint","pleiotropy","bfdr_observed_fdp",0.05,0
20260905,93,500,15,3000,3000,3000,3000,"fast","control_informative",0.05,5,0.01,"","mirage_joint","pleiotropy","bfdr_estimate",0.05,0
20260905,93,500,15,3000,3000,3000,3000,"fast","control_informative",0.05,5,0.01,"","mirage_joint","pleiotropy","bfdr_power",0.05,0
20260905,93,500,15,3000,3000,3000,3000,"fast","control_informative",0.05,5,0.01,"","mirage_joint","pleiotropy","bfdr_discoveries",0.05,0
20260905,93,500,15,3000,3000,3000,3000,"fast","control_informative",0.05,5,0.01,"","mirage_joint","pleiotropy","bfdr_observed_fdp",0.1,0
20260905,93,500,15,3000,3000,3000,3000,"fast","control_informative",0.05,5,0.01,"","mirage_joint","pleiotropy","bfdr_estimate",0.1,0
20260905,93,500,15,3000,3000,3000,3000,"fast","control_informative",0.05,5,0.01,"","mirage_joint","pleiotropy","bfdr_power",0.1,0
20260905,93,500,15,3000,3000,3000,3000,"fast","control_informative",0.05,5,0.01,"","mirage_joint","pleiotropy","bfdr_discoveries",0.1,0
20260905,93,500,15,3000,3000,3000,3000,"fast","control_informative",0.05,5,0.01,"","mirage_joint","pleiotropy","bfdr_observed_fdp",0.2,0
20260905,93,500,15,3000,3000,3000,3000,"fast","control_informative",0.05,5,0.01,"","mirage_joint","pleiotropy","bfdr_estimate",0.2,0
20260905,93,500,15,3000,3000,3000,3000,"fast","control_informative",0.05,5,0.01,"","mirage_joint","pleiotropy","bfdr_power",0.2,0
20260905,93,500,15,3000,3000,3000,3000,"fast","control_informative",0.05,5,0.01,"","mirage_joint","pleiotropy","bfdr_discoveries",0.2,0
20260905,93,500,15,3000,3000,3000,3000,"fast","control_informative",0.05,5,0.01,"","mirage_joint","global","runtime_seconds",NA,19.1149999999998
20260905,93,500,15,3000,3000,3000,3000,"fast","control_informative",0.05,5,0.01,"","mirage_joint","pleiotropy","pi11_estimate",NA,0.00165160760168349
20260905,93,500,15,3000,3000,3000,3000,"fast","control_informative",0.05,5,0.01,"","separate_mirage","trait1","auc",NA,0.61178947368421
20260905,93,500,15,3000,3000,3000,3000,"fast","control_informative",0.05,5,0.01,"","separate_mirage","trait2","auc",NA,0.768979591836735
20260905,93,500,15,3000,3000,3000,3000,"fast","control_informative",0.05,5,0.01,"","separate_mirage","pleiotropy","auc",NA,0.783434343434343
20260905,93,500,15,3000,3000,3000,3000,"fast","control_informative",0.05,5,0.01,"","separate_mirage","trait1","pp08_power",0.8,0
20260905,93,500,15,3000,3000,3000,3000,"fast","control_informative",0.05,5,0.01,"","separate_mirage","trait1","pp08_fdp",0.8,0
20260905,93,500,15,3000,3000,3000,3000,"fast","control_informative",0.05,5,0.01,"","separate_mirage","trait1","pp08_discoveries",0.8,0
20260905,93,500,15,3000,3000,3000,3000,"fast","control_informative",0.05,5,0.01,"","separate_mirage","trait2","pp08_power",0.8,0.1
20260905,93,500,15,3000,3000,3000,3000,"fast","control_informative",0.05,5,0.01,"","separate_mirage","trait2","pp08_fdp",0.8,0
20260905,93,500,15,3000,3000,3000,3000,"fast","control_informative",0.05,5,0.01,"","separate_mirage","trait2","pp08_discoveries",0.8,1
20260905,93,500,15,3000,3000,3000,3000,"fast","control_informative",0.05,5,0.01,"","separate_mirage","pleiotropy","pp08_power",0.8,0
20260905,93,500,15,3000,3000,3000,3000,"fast","control_informative",0.05,5,0.01,"","separate_mirage","pleiotropy","pp08_fdp",0.8,0
20260905,93,500,15,3000,3000,3000,3000,"fast","control_informative",0.05,5,0.01,"","separate_mirage","pleiotropy","pp08_discoveries",0.8,0
20260905,93,500,15,3000,3000,3000,3000,"fast","control_informative",0.05,5,0.01,"","separate_mirage","trait1","bfdr_observed_fdp",0.01,0
20260905,93,500,15,3000,3000,3000,3000,"fast","control_informative",0.05,5,0.01,"","separate_mirage","trait1","bfdr_estimate",0.01,0
20260905,93,500,15,3000,3000,3000,3000,"fast","control_informative",0.05,5,0.01,"","separate_mirage","trait1","bfdr_power",0.01,0
20260905,93,500,15,3000,3000,3000,3000,"fast","control_informative",0.05,5,0.01,"","separate_mirage","trait1","bfdr_discoveries",0.01,0
20260905,93,500,15,3000,3000,3000,3000,"fast","control_informative",0.05,5,0.01,"","separate_mirage","trait1","bfdr_observed_fdp",0.05,0
20260905,93,500,15,3000,3000,3000,3000,"fast","control_informative",0.05,5,0.01,"","separate_mirage","trait1","bfdr_estimate",0.05,0
20260905,93,500,15,3000,3000,3000,3000,"fast","control_informative",0.05,5,0.01,"","separate_mirage","trait1","bfdr_power",0.05,0
20260905,93,500,15,3000,3000,3000,3000,"fast","control_informative",0.05,5,0.01,"","separate_mirage","trait1","bfdr_discoveries",0.05,0
20260905,93,500,15,3000,3000,3000,3000,"fast","control_informative",0.05,5,0.01,"","separate_mirage","trait1","bfdr_observed_fdp",0.1,0
20260905,93,500,15,3000,3000,3000,3000,"fast","control_informative",0.05,5,0.01,"","separate_mirage","trait1","bfdr_estimate",0.1,0
20260905,93,500,15,3000,3000,3000,3000,"fast","control_informative",0.05,5,0.01,"","separate_mirage","trait1","bfdr_power",0.1,0
20260905,93,500,15,3000,3000,3000,3000,"fast","control_informative",0.05,5,0.01,"","separate_mirage","trait1","bfdr_discoveries",0.1,0
20260905,93,500,15,3000,3000,3000,3000,"fast","control_informative",0.05,5,0.01,"","separate_mirage","trait1","bfdr_observed_fdp",0.2,0
20260905,93,500,15,3000,3000,3000,3000,"fast","control_informative",0.05,5,0.01,"","separate_mirage","trait1","bfdr_estimate",0.2,0
20260905,93,500,15,3000,3000,3000,3000,"fast","control_informative",0.05,5,0.01,"","separate_mirage","trait1","bfdr_power",0.2,0
20260905,93,500,15,3000,3000,3000,3000,"fast","control_informative",0.05,5,0.01,"","separate_mirage","trait1","bfdr_discoveries",0.2,0
20260905,93,500,15,3000,3000,3000,3000,"fast","control_informative",0.05,5,0.01,"","separate_mirage","trait2","bfdr_observed_fdp",0.01,0
20260905,93,500,15,3000,3000,3000,3000,"fast","control_informative",0.05,5,0.01,"","separate_mirage","trait2","bfdr_estimate",0.01,0.00581026967455023
20260905,93,500,15,3000,3000,3000,3000,"fast","control_informative",0.05,5,0.01,"","separate_mirage","trait2","bfdr_power",0.01,0.1
20260905,93,500,15,3000,3000,3000,3000,"fast","control_informative",0.05,5,0.01,"","separate_mirage","trait2","bfdr_discoveries",0.01,1
20260905,93,500,15,3000,3000,3000,3000,"fast","control_informative",0.05,5,0.01,"","separate_mirage","trait2","bfdr_observed_fdp",0.05,0
20260905,93,500,15,3000,3000,3000,3000,"fast","control_informative",0.05,5,0.01,"","separate_mirage","trait2","bfdr_estimate",0.05,0.00581026967455023
20260905,93,500,15,3000,3000,3000,3000,"fast","control_informative",0.05,5,0.01,"","separate_mirage","trait2","bfdr_power",0.05,0.1
20260905,93,500,15,3000,3000,3000,3000,"fast","control_informative",0.05,5,0.01,"","separate_mirage","trait2","bfdr_discoveries",0.05,1
20260905,93,500,15,3000,3000,3000,3000,"fast","control_informative",0.05,5,0.01,"","separate_mirage","trait2","bfdr_observed_fdp",0.1,0
20260905,93,500,15,3000,3000,3000,3000,"fast","control_informative",0.05,5,0.01,"","separate_mirage","trait2","bfdr_estimate",0.1,0.00581026967455023
20260905,93,500,15,3000,3000,3000,3000,"fast","control_informative",0.05,5,0.01,"","separate_mirage","trait2","bfdr_power",0.1,0.1
20260905,93,500,15,3000,3000,3000,3000,"fast","control_informative",0.05,5,0.01,"","separate_mirage","trait2","bfdr_discoveries",0.1,1
20260905,93,500,15,3000,3000,3000,3000,"fast","control_informative",0.05,5,0.01,"","separate_mirage","trait2","bfdr_observed_fdp",0.2,0
20260905,93,500,15,3000,3000,3000,3000,"fast","control_informative",0.05,5,0.01,"","separate_mirage","trait2","bfdr_estimate",0.2,0.00581026967455023
20260905,93,500,15,3000,3000,3000,3000,"fast","control_informative",0.05,5,0.01,"","separate_mirage","trait2","bfdr_power",0.2,0.1
20260905,93,500,15,3000,3000,3000,3000,"fast","control_informative",0.05,5,0.01,"","separate_mirage","trait2","bfdr_discoveries",0.2,1
20260905,93,500,15,3000,3000,3000,3000,"fast","control_informative",0.05,5,0.01,"","separate_mirage","pleiotropy","bfdr_observed_fdp",0.01,0
20260905,93,500,15,3000,3000,3000,3000,"fast","control_informative",0.05,5,0.01,"","separate_mirage","pleiotropy","bfdr_estimate",0.01,0
20260905,93,500,15,3000,3000,3000,3000,"fast","control_informative",0.05,5,0.01,"","separate_mirage","pleiotropy","bfdr_power",0.01,0
20260905,93,500,15,3000,3000,3000,3000,"fast","control_informative",0.05,5,0.01,"","separate_mirage","pleiotropy","bfdr_discoveries",0.01,0
20260905,93,500,15,3000,3000,3000,3000,"fast","control_informative",0.05,5,0.01,"","separate_mirage","pleiotropy","bfdr_observed_fdp",0.05,0
20260905,93,500,15,3000,3000,3000,3000,"fast","control_informative",0.05,5,0.01,"","separate_mirage","pleiotropy","bfdr_estimate",0.05,0
20260905,93,500,15,3000,3000,3000,3000,"fast","control_informative",0.05,5,0.01,"","separate_mirage","pleiotropy","bfdr_power",0.05,0
20260905,93,500,15,3000,3000,3000,3000,"fast","control_informative",0.05,5,0.01,"","separate_mirage","pleiotropy","bfdr_discoveries",0.05,0
20260905,93,500,15,3000,3000,3000,3000,"fast","control_informative",0.05,5,0.01,"","separate_mirage","pleiotropy","bfdr_observed_fdp",0.1,0
20260905,93,500,15,3000,3000,3000,3000,"fast","control_informative",0.05,5,0.01,"","separate_mirage","pleiotropy","bfdr_estimate",0.1,0
20260905,93,500,15,3000,3000,3000,3000,"fast","control_informative",0.05,5,0.01,"","separate_mirage","pleiotropy","bfdr_power",0.1,0
20260905,93,500,15,3000,3000,3000,3000,"fast","control_informative",0.05,5,0.01,"","separate_mirage","pleiotropy","bfdr_discoveries",0.1,0
20260905,93,500,15,3000,3000,3000,3000,"fast","control_informative",0.05,5,0.01,"","separate_mirage","pleiotropy","bfdr_observed_fdp",0.2,0
20260905,93,500,15,3000,3000,3000,3000,"fast","control_informative",0.05,5,0.01,"","separate_mirage","pleiotropy","bfdr_estimate",0.2,0
20260905,93,500,15,3000,3000,3000,3000,"fast","control_informative",0.05,5,0.01,"","separate_mirage","pleiotropy","bfdr_power",0.2,0
20260905,93,500,15,3000,3000,3000,3000,"fast","control_informative",0.05,5,0.01,"","separate_mirage","pleiotropy","bfdr_discoveries",0.2,0
20260905,93,500,15,3000,3000,3000,3000,"fast","control_informative",0.05,5,0.01,"","separate_mirage","global","runtime_seconds",NA,18.665
20260905,93,500,15,3000,3000,3000,3000,"fast","control_informative",0.05,5,0.01,"","separate_mirage","pleiotropy","pi11_estimate",NA,0.001
20260905,93,500,15,3000,3000,3000,3000,"fast","control_informative",0.05,5,0.01,"","mtada_aggregated","trait1","auc",NA,0.614652631578947
20260905,93,500,15,3000,3000,3000,3000,"fast","control_informative",0.05,5,0.01,"","mtada_aggregated","trait2","auc",NA,0.63469387755102
20260905,93,500,15,3000,3000,3000,3000,"fast","control_informative",0.05,5,0.01,"","mtada_aggregated","pleiotropy","auc",NA,0.747878787878788
20260905,93,500,15,3000,3000,3000,3000,"fast","control_informative",0.05,5,0.01,"","mtada_aggregated","trait1","pp08_power",0.8,0.2
20260905,93,500,15,3000,3000,3000,3000,"fast","control_informative",0.05,5,0.01,"","mtada_aggregated","trait1","pp08_fdp",0.8,0.909090909090909
20260905,93,500,15,3000,3000,3000,3000,"fast","control_informative",0.05,5,0.01,"","mtada_aggregated","trait1","pp08_discoveries",0.8,55
20260905,93,500,15,3000,3000,3000,3000,"fast","control_informative",0.05,5,0.01,"","mtada_aggregated","trait2","pp08_power",0.8,0.1
20260905,93,500,15,3000,3000,3000,3000,"fast","control_informative",0.05,5,0.01,"","mtada_aggregated","trait2","pp08_fdp",0.8,0.975609756097561
20260905,93,500,15,3000,3000,3000,3000,"fast","control_informative",0.05,5,0.01,"","mtada_aggregated","trait2","pp08_discoveries",0.8,41
20260905,93,500,15,3000,3000,3000,3000,"fast","control_informative",0.05,5,0.01,"","mtada_aggregated","pleiotropy","pp08_power",0.8,0
20260905,93,500,15,3000,3000,3000,3000,"fast","control_informative",0.05,5,0.01,"","mtada_aggregated","pleiotropy","pp08_fdp",0.8,1
20260905,93,500,15,3000,3000,3000,3000,"fast","control_informative",0.05,5,0.01,"","mtada_aggregated","pleiotropy","pp08_discoveries",0.8,7
20260905,93,500,15,3000,3000,3000,3000,"fast","control_informative",0.05,5,0.01,"","mtada_aggregated","trait1","bfdr_observed_fdp",0.01,0.92
20260905,93,500,15,3000,3000,3000,3000,"fast","control_informative",0.05,5,0.01,"","mtada_aggregated","trait1","bfdr_estimate",0.01,0.00966059933408082
20260905,93,500,15,3000,3000,3000,3000,"fast","control_informative",0.05,5,0.01,"","mtada_aggregated","trait1","bfdr_power",0.01,0.16
20260905,93,500,15,3000,3000,3000,3000,"fast","control_informative",0.05,5,0.01,"","mtada_aggregated","trait1","bfdr_discoveries",0.01,50
20260905,93,500,15,3000,3000,3000,3000,"fast","control_informative",0.05,5,0.01,"","mtada_aggregated","trait1","bfdr_observed_fdp",0.05,0.916666666666667
20260905,93,500,15,3000,3000,3000,3000,"fast","control_informative",0.05,5,0.01,"","mtada_aggregated","trait1","bfdr_estimate",0.05,0.0465387052809427
20260905,93,500,15,3000,3000,3000,3000,"fast","control_informative",0.05,5,0.01,"","mtada_aggregated","trait1","bfdr_power",0.05,0.2
20260905,93,500,15,3000,3000,3000,3000,"fast","control_informative",0.05,5,0.01,"","mtada_aggregated","trait1","bfdr_discoveries",0.05,60
20260905,93,500,15,3000,3000,3000,3000,"fast","control_informative",0.05,5,0.01,"","mtada_aggregated","trait1","bfdr_observed_fdp",0.1,0.91044776119403
20260905,93,500,15,3000,3000,3000,3000,"fast","control_informative",0.05,5,0.01,"","mtada_aggregated","trait1","bfdr_estimate",0.1,0.0934001408310915
20260905,93,500,15,3000,3000,3000,3000,"fast","control_informative",0.05,5,0.01,"","mtada_aggregated","trait1","bfdr_power",0.1,0.24
20260905,93,500,15,3000,3000,3000,3000,"fast","control_informative",0.05,5,0.01,"","mtada_aggregated","trait1","bfdr_discoveries",0.1,67
20260905,93,500,15,3000,3000,3000,3000,"fast","control_informative",0.05,5,0.01,"","mtada_aggregated","trait1","bfdr_observed_fdp",0.2,0.924050632911392
20260905,93,500,15,3000,3000,3000,3000,"fast","control_informative",0.05,5,0.01,"","mtada_aggregated","trait1","bfdr_estimate",0.2,0.192775923031112
20260905,93,500,15,3000,3000,3000,3000,"fast","control_informative",0.05,5,0.01,"","mtada_aggregated","trait1","bfdr_power",0.2,0.24
20260905,93,500,15,3000,3000,3000,3000,"fast","control_informative",0.05,5,0.01,"","mtada_aggregated","trait1","bfdr_discoveries",0.2,79
20260905,93,500,15,3000,3000,3000,3000,"fast","control_informative",0.05,5,0.01,"","mtada_aggregated","trait2","bfdr_observed_fdp",0.01,0.973684210526316
20260905,93,500,15,3000,3000,3000,3000,"fast","control_informative",0.05,5,0.01,"","mtada_aggregated","trait2","bfdr_estimate",0.01,0.0074507347524495
20260905,93,500,15,3000,3000,3000,3000,"fast","control_informative",0.05,5,0.01,"","mtada_aggregated","trait2","bfdr_power",0.01,0.1
20260905,93,500,15,3000,3000,3000,3000,"fast","control_informative",0.05,5,0.01,"","mtada_aggregated","trait2","bfdr_discoveries",0.01,38
20260905,93,500,15,3000,3000,3000,3000,"fast","control_informative",0.05,5,0.01,"","mtada_aggregated","trait2","bfdr_observed_fdp",0.05,0.977777777777778
20260905,93,500,15,3000,3000,3000,3000,"fast","control_informative",0.05,5,0.01,"","mtada_aggregated","trait2","bfdr_estimate",0.05,0.0448906439020368
20260905,93,500,15,3000,3000,3000,3000,"fast","control_informative",0.05,5,0.01,"","mtada_aggregated","trait2","bfdr_power",0.05,0.1
20260905,93,500,15,3000,3000,3000,3000,"fast","control_informative",0.05,5,0.01,"","mtada_aggregated","trait2","bfdr_discoveries",0.05,45
20260905,93,500,15,3000,3000,3000,3000,"fast","control_informative",0.05,5,0.01,"","mtada_aggregated","trait2","bfdr_observed_fdp",0.1,0.96078431372549
20260905,93,500,15,3000,3000,3000,3000,"fast","control_informative",0.05,5,0.01,"","mtada_aggregated","trait2","bfdr_estimate",0.1,0.0962850969528939
20260905,93,500,15,3000,3000,3000,3000,"fast","control_informative",0.05,5,0.01,"","mtada_aggregated","trait2","bfdr_power",0.1,0.2
20260905,93,500,15,3000,3000,3000,3000,"fast","control_informative",0.05,5,0.01,"","mtada_aggregated","trait2","bfdr_discoveries",0.1,51
20260905,93,500,15,3000,3000,3000,3000,"fast","control_informative",0.05,5,0.01,"","mtada_aggregated","trait2","bfdr_observed_fdp",0.2,0.967741935483871
20260905,93,500,15,3000,3000,3000,3000,"fast","control_informative",0.05,5,0.01,"","mtada_aggregated","trait2","bfdr_estimate",0.2,0.198339119290217
20260905,93,500,15,3000,3000,3000,3000,"fast","control_informative",0.05,5,0.01,"","mtada_aggregated","trait2","bfdr_power",0.2,0.2
20260905,93,500,15,3000,3000,3000,3000,"fast","control_informative",0.05,5,0.01,"","mtada_aggregated","trait2","bfdr_discoveries",0.2,62
20260905,93,500,15,3000,3000,3000,3000,"fast","control_informative",0.05,5,0.01,"","mtada_aggregated","pleiotropy","bfdr_observed_fdp",0.01,1
20260905,93,500,15,3000,3000,3000,3000,"fast","control_informative",0.05,5,0.01,"","mtada_aggregated","pleiotropy","bfdr_estimate",0.01,0.00023239926017754
20260905,93,500,15,3000,3000,3000,3000,"fast","control_informative",0.05,5,0.01,"","mtada_aggregated","pleiotropy","bfdr_power",0.01,0
20260905,93,500,15,3000,3000,3000,3000,"fast","control_informative",0.05,5,0.01,"","mtada_aggregated","pleiotropy","bfdr_discoveries",0.01,6
20260905,93,500,15,3000,3000,3000,3000,"fast","control_informative",0.05,5,0.01,"","mtada_aggregated","pleiotropy","bfdr_observed_fdp",0.05,1
20260905,93,500,15,3000,3000,3000,3000,"fast","control_informative",0.05,5,0.01,"","mtada_aggregated","pleiotropy","bfdr_estimate",0.05,0.0138501144633351
20260905,93,500,15,3000,3000,3000,3000,"fast","control_informative",0.05,5,0.01,"","mtada_aggregated","pleiotropy","bfdr_power",0.05,0
20260905,93,500,15,3000,3000,3000,3000,"fast","control_informative",0.05,5,0.01,"","mtada_aggregated","pleiotropy","bfdr_discoveries",0.05,7
20260905,93,500,15,3000,3000,3000,3000,"fast","control_informative",0.05,5,0.01,"","mtada_aggregated","pleiotropy","bfdr_observed_fdp",0.1,1
20260905,93,500,15,3000,3000,3000,3000,"fast","control_informative",0.05,5,0.01,"","mtada_aggregated","pleiotropy","bfdr_estimate",0.1,0.0985560667881382
20260905,93,500,15,3000,3000,3000,3000,"fast","control_informative",0.05,5,0.01,"","mtada_aggregated","pleiotropy","bfdr_power",0.1,0
20260905,93,500,15,3000,3000,3000,3000,"fast","control_informative",0.05,5,0.01,"","mtada_aggregated","pleiotropy","bfdr_discoveries",0.1,8
20260905,93,500,15,3000,3000,3000,3000,"fast","control_informative",0.05,5,0.01,"","mtada_aggregated","pleiotropy","bfdr_observed_fdp",0.2,1
20260905,93,500,15,3000,3000,3000,3000,"fast","control_informative",0.05,5,0.01,"","mtada_aggregated","pleiotropy","bfdr_estimate",0.2,0.16491948874454
20260905,93,500,15,3000,3000,3000,3000,"fast","control_informative",0.05,5,0.01,"","mtada_aggregated","pleiotropy","bfdr_power",0.2,0
20260905,93,500,15,3000,3000,3000,3000,"fast","control_informative",0.05,5,0.01,"","mtada_aggregated","pleiotropy","bfdr_discoveries",0.2,9
20260905,93,500,15,3000,3000,3000,3000,"fast","control_informative",0.05,5,0.01,"","mtada_aggregated","global","runtime_seconds",NA,0.68100000000004
20260905,93,500,15,3000,3000,3000,3000,"fast","control_informative",0.05,5,0.01,"","mtada_aggregated","pleiotropy","pi11_estimate",NA,0.00304116
20260906,94,500,15,3000,3000,3000,3000,"fast","control_informative",0.05,5,0.01,"","mirage_joint","trait1","auc",NA,0.724463157894737
20260906,94,500,15,3000,3000,3000,3000,"fast","control_informative",0.05,5,0.01,"","mirage_joint","trait2","auc",NA,0.56734693877551
20260906,94,500,15,3000,3000,3000,3000,"fast","control_informative",0.05,5,0.01,"","mirage_joint","pleiotropy","auc",NA,0.772121212121212
20260906,94,500,15,3000,3000,3000,3000,"fast","control_informative",0.05,5,0.01,"","mirage_joint","trait1","pp08_power",0.8,0.12
20260906,94,500,15,3000,3000,3000,3000,"fast","control_informative",0.05,5,0.01,"","mirage_joint","trait1","pp08_fdp",0.8,0.25
20260906,94,500,15,3000,3000,3000,3000,"fast","control_informative",0.05,5,0.01,"","mirage_joint","trait1","pp08_discoveries",0.8,4
20260906,94,500,15,3000,3000,3000,3000,"fast","control_informative",0.05,5,0.01,"","mirage_joint","trait2","pp08_power",0.8,0
20260906,94,500,15,3000,3000,3000,3000,"fast","control_informative",0.05,5,0.01,"","mirage_joint","trait2","pp08_fdp",0.8,1
20260906,94,500,15,3000,3000,3000,3000,"fast","control_informative",0.05,5,0.01,"","mirage_joint","trait2","pp08_discoveries",0.8,1
20260906,94,500,15,3000,3000,3000,3000,"fast","control_informative",0.05,5,0.01,"","mirage_joint","pleiotropy","pp08_power",0.8,0
20260906,94,500,15,3000,3000,3000,3000,"fast","control_informative",0.05,5,0.01,"","mirage_joint","pleiotropy","pp08_fdp",0.8,0
20260906,94,500,15,3000,3000,3000,3000,"fast","control_informative",0.05,5,0.01,"","mirage_joint","pleiotropy","pp08_discoveries",0.8,0
20260906,94,500,15,3000,3000,3000,3000,"fast","control_informative",0.05,5,0.01,"","mirage_joint","trait1","bfdr_observed_fdp",0.01,0
20260906,94,500,15,3000,3000,3000,3000,"fast","control_informative",0.05,5,0.01,"","mirage_joint","trait1","bfdr_estimate",0.01,7.49335888894365e-07
20260906,94,500,15,3000,3000,3000,3000,"fast","control_informative",0.05,5,0.01,"","mirage_joint","trait1","bfdr_power",0.01,0.04
20260906,94,500,15,3000,3000,3000,3000,"fast","control_informative",0.05,5,0.01,"","mirage_joint","trait1","bfdr_discoveries",0.01,1
20260906,94,500,15,3000,3000,3000,3000,"fast","control_informative",0.05,5,0.01,"","mirage_joint","trait1","bfdr_observed_fdp",0.05,0
20260906,94,500,15,3000,3000,3000,3000,"fast","control_informative",0.05,5,0.01,"","mirage_joint","trait1","bfdr_estimate",0.05,0.0368039178624692
20260906,94,500,15,3000,3000,3000,3000,"fast","control_informative",0.05,5,0.01,"","mirage_joint","trait1","bfdr_power",0.05,0.08
20260906,94,500,15,3000,3000,3000,3000,"fast","control_informative",0.05,5,0.01,"","mirage_joint","trait1","bfdr_discoveries",0.05,2
20260906,94,500,15,3000,3000,3000,3000,"fast","control_informative",0.05,5,0.01,"","mirage_joint","trait1","bfdr_observed_fdp",0.1,0.25
20260906,94,500,15,3000,3000,3000,3000,"fast","control_informative",0.05,5,0.01,"","mirage_joint","trait1","bfdr_estimate",0.1,0.0847103625669379
20260906,94,500,15,3000,3000,3000,3000,"fast","control_informative",0.05,5,0.01,"","mirage_joint","trait1","bfdr_power",0.1,0.12
20260906,94,500,15,3000,3000,3000,3000,"fast","control_informative",0.05,5,0.01,"","mirage_joint","trait1","bfdr_discoveries",0.1,4
20260906,94,500,15,3000,3000,3000,3000,"fast","control_informative",0.05,5,0.01,"","mirage_joint","trait1","bfdr_observed_fdp",0.2,0.375
20260906,94,500,15,3000,3000,3000,3000,"fast","control_informative",0.05,5,0.01,"","mirage_joint","trait1","bfdr_estimate",0.2,0.190760979666782
20260906,94,500,15,3000,3000,3000,3000,"fast","control_informative",0.05,5,0.01,"","mirage_joint","trait1","bfdr_power",0.2,0.2
20260906,94,500,15,3000,3000,3000,3000,"fast","control_informative",0.05,5,0.01,"","mirage_joint","trait1","bfdr_discoveries",0.2,8
20260906,94,500,15,3000,3000,3000,3000,"fast","control_informative",0.05,5,0.01,"","mirage_joint","trait2","bfdr_observed_fdp",0.01,0
20260906,94,500,15,3000,3000,3000,3000,"fast","control_informative",0.05,5,0.01,"","mirage_joint","trait2","bfdr_estimate",0.01,0
20260906,94,500,15,3000,3000,3000,3000,"fast","control_informative",0.05,5,0.01,"","mirage_joint","trait2","bfdr_power",0.01,0
20260906,94,500,15,3000,3000,3000,3000,"fast","control_informative",0.05,5,0.01,"","mirage_joint","trait2","bfdr_discoveries",0.01,0
20260906,94,500,15,3000,3000,3000,3000,"fast","control_informative",0.05,5,0.01,"","mirage_joint","trait2","bfdr_observed_fdp",0.05,0
20260906,94,500,15,3000,3000,3000,3000,"fast","control_informative",0.05,5,0.01,"","mirage_joint","trait2","bfdr_estimate",0.05,0
20260906,94,500,15,3000,3000,3000,3000,"fast","control_informative",0.05,5,0.01,"","mirage_joint","trait2","bfdr_power",0.05,0
20260906,94,500,15,3000,3000,3000,3000,"fast","control_informative",0.05,5,0.01,"","mirage_joint","trait2","bfdr_discoveries",0.05,0
20260906,94,500,15,3000,3000,3000,3000,"fast","control_informative",0.05,5,0.01,"","mirage_joint","trait2","bfdr_observed_fdp",0.1,0
20260906,94,500,15,3000,3000,3000,3000,"fast","control_informative",0.05,5,0.01,"","mirage_joint","trait2","bfdr_estimate",0.1,0
20260906,94,500,15,3000,3000,3000,3000,"fast","control_informative",0.05,5,0.01,"","mirage_joint","trait2","bfdr_power",0.1,0
20260906,94,500,15,3000,3000,3000,3000,"fast","control_informative",0.05,5,0.01,"","mirage_joint","trait2","bfdr_discoveries",0.1,0
20260906,94,500,15,3000,3000,3000,3000,"fast","control_informative",0.05,5,0.01,"","mirage_joint","trait2","bfdr_observed_fdp",0.2,1
20260906,94,500,15,3000,3000,3000,3000,"fast","control_informative",0.05,5,0.01,"","mirage_joint","trait2","bfdr_estimate",0.2,0.178345156306417
20260906,94,500,15,3000,3000,3000,3000,"fast","control_informative",0.05,5,0.01,"","mirage_joint","trait2","bfdr_power",0.2,0
20260906,94,500,15,3000,3000,3000,3000,"fast","control_informative",0.05,5,0.01,"","mirage_joint","trait2","bfdr_discoveries",0.2,1
20260906,94,500,15,3000,3000,3000,3000,"fast","control_informative",0.05,5,0.01,"","mirage_joint","pleiotropy","bfdr_observed_fdp",0.01,0
20260906,94,500,15,3000,3000,3000,3000,"fast","control_informative",0.05,5,0.01,"","mirage_joint","pleiotropy","bfdr_estimate",0.01,0
20260906,94,500,15,3000,3000,3000,3000,"fast","control_informative",0.05,5,0.01,"","mirage_joint","pleiotropy","bfdr_power",0.01,0
20260906,94,500,15,3000,3000,3000,3000,"fast","control_informative",0.05,5,0.01,"","mirage_joint","pleiotropy","bfdr_discoveries",0.01,0
20260906,94,500,15,3000,3000,3000,3000,"fast","control_informative",0.05,5,0.01,"","mirage_joint","pleiotropy","bfdr_observed_fdp",0.05,0
20260906,94,500,15,3000,3000,3000,3000,"fast","control_informative",0.05,5,0.01,"","mirage_joint","pleiotropy","bfdr_estimate",0.05,0
20260906,94,500,15,3000,3000,3000,3000,"fast","control_informative",0.05,5,0.01,"","mirage_joint","pleiotropy","bfdr_power",0.05,0
20260906,94,500,15,3000,3000,3000,3000,"fast","control_informative",0.05,5,0.01,"","mirage_joint","pleiotropy","bfdr_discoveries",0.05,0
20260906,94,500,15,3000,3000,3000,3000,"fast","control_informative",0.05,5,0.01,"","mirage_joint","pleiotropy","bfdr_observed_fdp",0.1,0
20260906,94,500,15,3000,3000,3000,3000,"fast","control_informative",0.05,5,0.01,"","mirage_joint","pleiotropy","bfdr_estimate",0.1,0
20260906,94,500,15,3000,3000,3000,3000,"fast","control_informative",0.05,5,0.01,"","mirage_joint","pleiotropy","bfdr_power",0.1,0
20260906,94,500,15,3000,3000,3000,3000,"fast","control_informative",0.05,5,0.01,"","mirage_joint","pleiotropy","bfdr_discoveries",0.1,0
20260906,94,500,15,3000,3000,3000,3000,"fast","control_informative",0.05,5,0.01,"","mirage_joint","pleiotropy","bfdr_observed_fdp",0.2,0
20260906,94,500,15,3000,3000,3000,3000,"fast","control_informative",0.05,5,0.01,"","mirage_joint","pleiotropy","bfdr_estimate",0.2,0
20260906,94,500,15,3000,3000,3000,3000,"fast","control_informative",0.05,5,0.01,"","mirage_joint","pleiotropy","bfdr_power",0.2,0
20260906,94,500,15,3000,3000,3000,3000,"fast","control_informative",0.05,5,0.01,"","mirage_joint","pleiotropy","bfdr_discoveries",0.2,0
20260906,94,500,15,3000,3000,3000,3000,"fast","control_informative",0.05,5,0.01,"","mirage_joint","global","runtime_seconds",NA,19.0920000000001
20260906,94,500,15,3000,3000,3000,3000,"fast","control_informative",0.05,5,0.01,"","mirage_joint","pleiotropy","pi11_estimate",NA,0.0104405898337917
20260906,94,500,15,3000,3000,3000,3000,"fast","control_informative",0.05,5,0.01,"","separate_mirage","trait1","auc",NA,0.727578947368421
20260906,94,500,15,3000,3000,3000,3000,"fast","control_informative",0.05,5,0.01,"","separate_mirage","trait2","auc",NA,0.556530612244898
20260906,94,500,15,3000,3000,3000,3000,"fast","control_informative",0.05,5,0.01,"","separate_mirage","pleiotropy","auc",NA,0.803232323232323
20260906,94,500,15,3000,3000,3000,3000,"fast","control_informative",0.05,5,0.01,"","separate_mirage","trait1","pp08_power",0.8,0.04
20260906,94,500,15,3000,3000,3000,3000,"fast","control_informative",0.05,5,0.01,"","separate_mirage","trait1","pp08_fdp",0.8,0
20260906,94,500,15,3000,3000,3000,3000,"fast","control_informative",0.05,5,0.01,"","separate_mirage","trait1","pp08_discoveries",0.8,1
20260906,94,500,15,3000,3000,3000,3000,"fast","control_informative",0.05,5,0.01,"","separate_mirage","trait2","pp08_power",0.8,0
20260906,94,500,15,3000,3000,3000,3000,"fast","control_informative",0.05,5,0.01,"","separate_mirage","trait2","pp08_fdp",0.8,1
20260906,94,500,15,3000,3000,3000,3000,"fast","control_informative",0.05,5,0.01,"","separate_mirage","trait2","pp08_discoveries",0.8,1
20260906,94,500,15,3000,3000,3000,3000,"fast","control_informative",0.05,5,0.01,"","separate_mirage","pleiotropy","pp08_power",0.8,0
20260906,94,500,15,3000,3000,3000,3000,"fast","control_informative",0.05,5,0.01,"","separate_mirage","pleiotropy","pp08_fdp",0.8,0
20260906,94,500,15,3000,3000,3000,3000,"fast","control_informative",0.05,5,0.01,"","separate_mirage","pleiotropy","pp08_discoveries",0.8,0
20260906,94,500,15,3000,3000,3000,3000,"fast","control_informative",0.05,5,0.01,"","separate_mirage","trait1","bfdr_observed_fdp",0.01,0
20260906,94,500,15,3000,3000,3000,3000,"fast","control_informative",0.05,5,0.01,"","separate_mirage","trait1","bfdr_estimate",0.01,3.96645510325477e-07
20260906,94,500,15,3000,3000,3000,3000,"fast","control_informative",0.05,5,0.01,"","separate_mirage","trait1","bfdr_power",0.01,0.04
20260906,94,500,15,3000,3000,3000,3000,"fast","control_informative",0.05,5,0.01,"","separate_mirage","trait1","bfdr_discoveries",0.01,1
20260906,94,500,15,3000,3000,3000,3000,"fast","control_informative",0.05,5,0.01,"","separate_mirage","trait1","bfdr_observed_fdp",0.05,0
20260906,94,500,15,3000,3000,3000,3000,"fast","control_informative",0.05,5,0.01,"","separate_mirage","trait1","bfdr_estimate",0.05,3.96645510325477e-07
20260906,94,500,15,3000,3000,3000,3000,"fast","control_informative",0.05,5,0.01,"","separate_mirage","trait1","bfdr_power",0.05,0.04
20260906,94,500,15,3000,3000,3000,3000,"fast","control_informative",0.05,5,0.01,"","separate_mirage","trait1","bfdr_discoveries",0.05,1
20260906,94,500,15,3000,3000,3000,3000,"fast","control_informative",0.05,5,0.01,"","separate_mirage","trait1","bfdr_observed_fdp",0.1,0
20260906,94,500,15,3000,3000,3000,3000,"fast","control_informative",0.05,5,0.01,"","separate_mirage","trait1","bfdr_estimate",0.1,3.96645510325477e-07
20260906,94,500,15,3000,3000,3000,3000,"fast","control_informative",0.05,5,0.01,"","separate_mirage","trait1","bfdr_power",0.1,0.04
20260906,94,500,15,3000,3000,3000,3000,"fast","control_informative",0.05,5,0.01,"","separate_mirage","trait1","bfdr_discoveries",0.1,1
20260906,94,500,15,3000,3000,3000,3000,"fast","control_informative",0.05,5,0.01,"","separate_mirage","trait1","bfdr_observed_fdp",0.2,0.333333333333333
20260906,94,500,15,3000,3000,3000,3000,"fast","control_informative",0.05,5,0.01,"","separate_mirage","trait1","bfdr_estimate",0.2,0.166649785760548
20260906,94,500,15,3000,3000,3000,3000,"fast","control_informative",0.05,5,0.01,"","separate_mirage","trait1","bfdr_power",0.2,0.08
20260906,94,500,15,3000,3000,3000,3000,"fast","control_informative",0.05,5,0.01,"","separate_mirage","trait1","bfdr_discoveries",0.2,3
20260906,94,500,15,3000,3000,3000,3000,"fast","control_informative",0.05,5,0.01,"","separate_mirage","trait2","bfdr_observed_fdp",0.01,0
20260906,94,500,15,3000,3000,3000,3000,"fast","control_informative",0.05,5,0.01,"","separate_mirage","trait2","bfdr_estimate",0.01,0
20260906,94,500,15,3000,3000,3000,3000,"fast","control_informative",0.05,5,0.01,"","separate_mirage","trait2","bfdr_power",0.01,0
20260906,94,500,15,3000,3000,3000,3000,"fast","control_informative",0.05,5,0.01,"","separate_mirage","trait2","bfdr_discoveries",0.01,0
20260906,94,500,15,3000,3000,3000,3000,"fast","control_informative",0.05,5,0.01,"","separate_mirage","trait2","bfdr_observed_fdp",0.05,0
20260906,94,500,15,3000,3000,3000,3000,"fast","control_informative",0.05,5,0.01,"","separate_mirage","trait2","bfdr_estimate",0.05,0
20260906,94,500,15,3000,3000,3000,3000,"fast","control_informative",0.05,5,0.01,"","separate_mirage","trait2","bfdr_power",0.05,0
20260906,94,500,15,3000,3000,3000,3000,"fast","control_informative",0.05,5,0.01,"","separate_mirage","trait2","bfdr_discoveries",0.05,0
20260906,94,500,15,3000,3000,3000,3000,"fast","control_informative",0.05,5,0.01,"","separate_mirage","trait2","bfdr_observed_fdp",0.1,0
20260906,94,500,15,3000,3000,3000,3000,"fast","control_informative",0.05,5,0.01,"","separate_mirage","trait2","bfdr_estimate",0.1,0
20260906,94,500,15,3000,3000,3000,3000,"fast","control_informative",0.05,5,0.01,"","separate_mirage","trait2","bfdr_power",0.1,0
20260906,94,500,15,3000,3000,3000,3000,"fast","control_informative",0.05,5,0.01,"","separate_mirage","trait2","bfdr_discoveries",0.1,0
20260906,94,500,15,3000,3000,3000,3000,"fast","control_informative",0.05,5,0.01,"","separate_mirage","trait2","bfdr_observed_fdp",0.2,1
20260906,94,500,15,3000,3000,3000,3000,"fast","control_informative",0.05,5,0.01,"","separate_mirage","trait2","bfdr_estimate",0.2,0.184402846969746
20260906,94,500,15,3000,3000,3000,3000,"fast","control_informative",0.05,5,0.01,"","separate_mirage","trait2","bfdr_power",0.2,0
20260906,94,500,15,3000,3000,3000,3000,"fast","control_informative",0.05,5,0.01,"","separate_mirage","trait2","bfdr_discoveries",0.2,1
20260906,94,500,15,3000,3000,3000,3000,"fast","control_informative",0.05,5,0.01,"","separate_mirage","pleiotropy","bfdr_observed_fdp",0.01,0
20260906,94,500,15,3000,3000,3000,3000,"fast","control_informative",0.05,5,0.01,"","separate_mirage","pleiotropy","bfdr_estimate",0.01,0
20260906,94,500,15,3000,3000,3000,3000,"fast","control_informative",0.05,5,0.01,"","separate_mirage","pleiotropy","bfdr_power",0.01,0
20260906,94,500,15,3000,3000,3000,3000,"fast","control_informative",0.05,5,0.01,"","separate_mirage","pleiotropy","bfdr_discoveries",0.01,0
20260906,94,500,15,3000,3000,3000,3000,"fast","control_informative",0.05,5,0.01,"","separate_mirage","pleiotropy","bfdr_observed_fdp",0.05,0
20260906,94,500,15,3000,3000,3000,3000,"fast","control_informative",0.05,5,0.01,"","separate_mirage","pleiotropy","bfdr_estimate",0.05,0
20260906,94,500,15,3000,3000,3000,3000,"fast","control_informative",0.05,5,0.01,"","separate_mirage","pleiotropy","bfdr_power",0.05,0
20260906,94,500,15,3000,3000,3000,3000,"fast","control_informative",0.05,5,0.01,"","separate_mirage","pleiotropy","bfdr_discoveries",0.05,0
20260906,94,500,15,3000,3000,3000,3000,"fast","control_informative",0.05,5,0.01,"","separate_mirage","pleiotropy","bfdr_observed_fdp",0.1,0
20260906,94,500,15,3000,3000,3000,3000,"fast","control_informative",0.05,5,0.01,"","separate_mirage","pleiotropy","bfdr_estimate",0.1,0
20260906,94,500,15,3000,3000,3000,3000,"fast","control_informative",0.05,5,0.01,"","separate_mirage","pleiotropy","bfdr_power",0.1,0
20260906,94,500,15,3000,3000,3000,3000,"fast","control_informative",0.05,5,0.01,"","separate_mirage","pleiotropy","bfdr_discoveries",0.1,0
20260906,94,500,15,3000,3000,3000,3000,"fast","control_informative",0.05,5,0.01,"","separate_mirage","pleiotropy","bfdr_observed_fdp",0.2,0
20260906,94,500,15,3000,3000,3000,3000,"fast","control_informative",0.05,5,0.01,"","separate_mirage","pleiotropy","bfdr_estimate",0.2,0
20260906,94,500,15,3000,3000,3000,3000,"fast","control_informative",0.05,5,0.01,"","separate_mirage","pleiotropy","bfdr_power",0.2,0
20260906,94,500,15,3000,3000,3000,3000,"fast","control_informative",0.05,5,0.01,"","separate_mirage","pleiotropy","bfdr_discoveries",0.2,0
20260906,94,500,15,3000,3000,3000,3000,"fast","control_informative",0.05,5,0.01,"","separate_mirage","global","runtime_seconds",NA,18.674
20260906,94,500,15,3000,3000,3000,3000,"fast","control_informative",0.05,5,0.01,"","separate_mirage","pleiotropy","pi11_estimate",NA,0.001
20260906,94,500,15,3000,3000,3000,3000,"fast","control_informative",0.05,5,0.01,"","mtada_aggregated","trait1","auc",NA,0.734147368421053
20260906,94,500,15,3000,3000,3000,3000,"fast","control_informative",0.05,5,0.01,"","mtada_aggregated","trait2","auc",NA,0.721836734693878
20260906,94,500,15,3000,3000,3000,3000,"fast","control_informative",0.05,5,0.01,"","mtada_aggregated","pleiotropy","auc",NA,0.856969696969697
20260906,94,500,15,3000,3000,3000,3000,"fast","control_informative",0.05,5,0.01,"","mtada_aggregated","trait1","pp08_power",0.8,0.28
20260906,94,500,15,3000,3000,3000,3000,"fast","control_informative",0.05,5,0.01,"","mtada_aggregated","trait1","pp08_fdp",0.8,0.840909090909091
20260906,94,500,15,3000,3000,3000,3000,"fast","control_informative",0.05,5,0.01,"","mtada_aggregated","trait1","pp08_discoveries",0.8,44
20260906,94,500,15,3000,3000,3000,3000,"fast","control_informative",0.05,5,0.01,"","mtada_aggregated","trait2","pp08_power",0.8,0.1
20260906,94,500,15,3000,3000,3000,3000,"fast","control_informative",0.05,5,0.01,"","mtada_aggregated","trait2","pp08_fdp",0.8,0.972972972972973
20260906,94,500,15,3000,3000,3000,3000,"fast","control_informative",0.05,5,0.01,"","mtada_aggregated","trait2","pp08_discoveries",0.8,37
20260906,94,500,15,3000,3000,3000,3000,"fast","control_informative",0.05,5,0.01,"","mtada_aggregated","pleiotropy","pp08_power",0.8,0
20260906,94,500,15,3000,3000,3000,3000,"fast","control_informative",0.05,5,0.01,"","mtada_aggregated","pleiotropy","pp08_fdp",0.8,1
20260906,94,500,15,3000,3000,3000,3000,"fast","control_informative",0.05,5,0.01,"","mtada_aggregated","pleiotropy","pp08_discoveries",0.8,3
20260906,94,500,15,3000,3000,3000,3000,"fast","control_informative",0.05,5,0.01,"","mtada_aggregated","trait1","bfdr_observed_fdp",0.01,0.857142857142857
20260906,94,500,15,3000,3000,3000,3000,"fast","control_informative",0.05,5,0.01,"","mtada_aggregated","trait1","bfdr_estimate",0.01,0.00833973977770282
20260906,94,500,15,3000,3000,3000,3000,"fast","control_informative",0.05,5,0.01,"","mtada_aggregated","trait1","bfdr_power",0.01,0.24
20260906,94,500,15,3000,3000,3000,3000,"fast","control_informative",0.05,5,0.01,"","mtada_aggregated","trait1","bfdr_discoveries",0.01,42
20260906,94,500,15,3000,3000,3000,3000,"fast","control_informative",0.05,5,0.01,"","mtada_aggregated","trait1","bfdr_observed_fdp",0.05,0.862745098039216
20260906,94,500,15,3000,3000,3000,3000,"fast","control_informative",0.05,5,0.01,"","mtada_aggregated","trait1","bfdr_estimate",0.05,0.0467267316693874
20260906,94,500,15,3000,3000,3000,3000,"fast","control_informative",0.05,5,0.01,"","mtada_aggregated","trait1","bfdr_power",0.05,0.28
20260906,94,500,15,3000,3000,3000,3000,"fast","control_informative",0.05,5,0.01,"","mtada_aggregated","trait1","bfdr_discoveries",0.05,51
20260906,94,500,15,3000,3000,3000,3000,"fast","control_informative",0.05,5,0.01,"","mtada_aggregated","trait1","bfdr_observed_fdp",0.1,0.862068965517241
20260906,94,500,15,3000,3000,3000,3000,"fast","control_informative",0.05,5,0.01,"","mtada_aggregated","trait1","bfdr_estimate",0.1,0.0922679953066222
20260906,94,500,15,3000,3000,3000,3000,"fast","control_informative",0.05,5,0.01,"","mtada_aggregated","trait1","bfdr_power",0.1,0.32
20260906,94,500,15,3000,3000,3000,3000,"fast","control_informative",0.05,5,0.01,"","mtada_aggregated","trait1","bfdr_discoveries",0.1,58
20260906,94,500,15,3000,3000,3000,3000,"fast","control_informative",0.05,5,0.01,"","mtada_aggregated","trait1","bfdr_observed_fdp",0.2,0.845070422535211
20260906,94,500,15,3000,3000,3000,3000,"fast","control_informative",0.05,5,0.01,"","mtada_aggregated","trait1","bfdr_estimate",0.2,0.199955299054729
20260906,94,500,15,3000,3000,3000,3000,"fast","control_informative",0.05,5,0.01,"","mtada_aggregated","trait1","bfdr_power",0.2,0.44
20260906,94,500,15,3000,3000,3000,3000,"fast","control_informative",0.05,5,0.01,"","mtada_aggregated","trait1","bfdr_discoveries",0.2,71
20260906,94,500,15,3000,3000,3000,3000,"fast","control_informative",0.05,5,0.01,"","mtada_aggregated","trait2","bfdr_observed_fdp",0.01,0.972972972972973
20260906,94,500,15,3000,3000,3000,3000,"fast","control_informative",0.05,5,0.01,"","mtada_aggregated","trait2","bfdr_estimate",0.01,0.00740099402326878
20260906,94,500,15,3000,3000,3000,3000,"fast","control_informative",0.05,5,0.01,"","mtada_aggregated","trait2","bfdr_power",0.01,0.1
20260906,94,500,15,3000,3000,3000,3000,"fast","control_informative",0.05,5,0.01,"","mtada_aggregated","trait2","bfdr_discoveries",0.01,37
20260906,94,500,15,3000,3000,3000,3000,"fast","control_informative",0.05,5,0.01,"","mtada_aggregated","trait2","bfdr_observed_fdp",0.05,0.976744186046512
20260906,94,500,15,3000,3000,3000,3000,"fast","control_informative",0.05,5,0.01,"","mtada_aggregated","trait2","bfdr_estimate",0.05,0.0478339805549703
20260906,94,500,15,3000,3000,3000,3000,"fast","control_informative",0.05,5,0.01,"","mtada_aggregated","trait2","bfdr_power",0.05,0.1
20260906,94,500,15,3000,3000,3000,3000,"fast","control_informative",0.05,5,0.01,"","mtada_aggregated","trait2","bfdr_discoveries",0.05,43
20260906,94,500,15,3000,3000,3000,3000,"fast","control_informative",0.05,5,0.01,"","mtada_aggregated","trait2","bfdr_observed_fdp",0.1,0.978723404255319
20260906,94,500,15,3000,3000,3000,3000,"fast","control_informative",0.05,5,0.01,"","mtada_aggregated","trait2","bfdr_estimate",0.1,0.0959631857769194
20260906,94,500,15,3000,3000,3000,3000,"fast","control_informative",0.05,5,0.01,"","mtada_aggregated","trait2","bfdr_power",0.1,0.1
20260906,94,500,15,3000,3000,3000,3000,"fast","control_informative",0.05,5,0.01,"","mtada_aggregated","trait2","bfdr_discoveries",0.1,47
20260906,94,500,15,3000,3000,3000,3000,"fast","control_informative",0.05,5,0.01,"","mtada_aggregated","trait2","bfdr_observed_fdp",0.2,0.944444444444444
20260906,94,500,15,3000,3000,3000,3000,"fast","control_informative",0.05,5,0.01,"","mtada_aggregated","trait2","bfdr_estimate",0.2,0.190445080828989
20260906,94,500,15,3000,3000,3000,3000,"fast","control_informative",0.05,5,0.01,"","mtada_aggregated","trait2","bfdr_power",0.2,0.3
20260906,94,500,15,3000,3000,3000,3000,"fast","control_informative",0.05,5,0.01,"","mtada_aggregated","trait2","bfdr_discoveries",0.2,54
20260906,94,500,15,3000,3000,3000,3000,"fast","control_informative",0.05,5,0.01,"","mtada_aggregated","pleiotropy","bfdr_observed_fdp",0.01,1
20260906,94,500,15,3000,3000,3000,3000,"fast","control_informative",0.05,5,0.01,"","mtada_aggregated","pleiotropy","bfdr_estimate",0.01,0.0039368295287228
20260906,94,500,15,3000,3000,3000,3000,"fast","control_informative",0.05,5,0.01,"","mtada_aggregated","pleiotropy","bfdr_power",0.01,0
20260906,94,500,15,3000,3000,3000,3000,"fast","control_informative",0.05,5,0.01,"","mtada_aggregated","pleiotropy","bfdr_discoveries",0.01,3
20260906,94,500,15,3000,3000,3000,3000,"fast","control_informative",0.05,5,0.01,"","mtada_aggregated","pleiotropy","bfdr_observed_fdp",0.05,1
20260906,94,500,15,3000,3000,3000,3000,"fast","control_informative",0.05,5,0.01,"","mtada_aggregated","pleiotropy","bfdr_estimate",0.05,0.0039368295287228
20260906,94,500,15,3000,3000,3000,3000,"fast","control_informative",0.05,5,0.01,"","mtada_aggregated","pleiotropy","bfdr_power",0.05,0
20260906,94,500,15,3000,3000,3000,3000,"fast","control_informative",0.05,5,0.01,"","mtada_aggregated","pleiotropy","bfdr_discoveries",0.05,3
20260906,94,500,15,3000,3000,3000,3000,"fast","control_informative",0.05,5,0.01,"","mtada_aggregated","pleiotropy","bfdr_observed_fdp",0.1,1
20260906,94,500,15,3000,3000,3000,3000,"fast","control_informative",0.05,5,0.01,"","mtada_aggregated","pleiotropy","bfdr_estimate",0.1,0.0710684208428088
20260906,94,500,15,3000,3000,3000,3000,"fast","control_informative",0.05,5,0.01,"","mtada_aggregated","pleiotropy","bfdr_power",0.1,0
20260906,94,500,15,3000,3000,3000,3000,"fast","control_informative",0.05,5,0.01,"","mtada_aggregated","pleiotropy","bfdr_discoveries",0.1,4
20260906,94,500,15,3000,3000,3000,3000,"fast","control_informative",0.05,5,0.01,"","mtada_aggregated","pleiotropy","bfdr_observed_fdp",0.2,1
20260906,94,500,15,3000,3000,3000,3000,"fast","control_informative",0.05,5,0.01,"","mtada_aggregated","pleiotropy","bfdr_estimate",0.2,0.152885883531389
20260906,94,500,15,3000,3000,3000,3000,"fast","control_informative",0.05,5,0.01,"","mtada_aggregated","pleiotropy","bfdr_power",0.2,0
20260906,94,500,15,3000,3000,3000,3000,"fast","control_informative",0.05,5,0.01,"","mtada_aggregated","pleiotropy","bfdr_discoveries",0.2,6
20260906,94,500,15,3000,3000,3000,3000,"fast","control_informative",0.05,5,0.01,"","mtada_aggregated","global","runtime_seconds",NA,0.727999999999611
20260906,94,500,15,3000,3000,3000,3000,"fast","control_informative",0.05,5,0.01,"","mtada_aggregated","pleiotropy","pi11_estimate",NA,0.002699
20260907,95,500,15,3000,3000,3000,3000,"fast","control_informative",0.05,5,0.01,"","mirage_joint","trait1","auc",NA,0.744168421052632
20260907,95,500,15,3000,3000,3000,3000,"fast","control_informative",0.05,5,0.01,"","mirage_joint","trait2","auc",NA,0.702040816326531
20260907,95,500,15,3000,3000,3000,3000,"fast","control_informative",0.05,5,0.01,"","mirage_joint","pleiotropy","auc",NA,0.712323232323232
20260907,95,500,15,3000,3000,3000,3000,"fast","control_informative",0.05,5,0.01,"","mirage_joint","trait1","pp08_power",0.8,0.28
20260907,95,500,15,3000,3000,3000,3000,"fast","control_informative",0.05,5,0.01,"","mirage_joint","trait1","pp08_fdp",0.8,0.222222222222222
20260907,95,500,15,3000,3000,3000,3000,"fast","control_informative",0.05,5,0.01,"","mirage_joint","trait1","pp08_discoveries",0.8,9
20260907,95,500,15,3000,3000,3000,3000,"fast","control_informative",0.05,5,0.01,"","mirage_joint","trait2","pp08_power",0.8,0.1
20260907,95,500,15,3000,3000,3000,3000,"fast","control_informative",0.05,5,0.01,"","mirage_joint","trait2","pp08_fdp",0.8,0.666666666666667
20260907,95,500,15,3000,3000,3000,3000,"fast","control_informative",0.05,5,0.01,"","mirage_joint","trait2","pp08_discoveries",0.8,3
20260907,95,500,15,3000,3000,3000,3000,"fast","control_informative",0.05,5,0.01,"","mirage_joint","pleiotropy","pp08_power",0.8,0.2
20260907,95,500,15,3000,3000,3000,3000,"fast","control_informative",0.05,5,0.01,"","mirage_joint","pleiotropy","pp08_fdp",0.8,0.666666666666667
20260907,95,500,15,3000,3000,3000,3000,"fast","control_informative",0.05,5,0.01,"","mirage_joint","pleiotropy","pp08_discoveries",0.8,3
20260907,95,500,15,3000,3000,3000,3000,"fast","control_informative",0.05,5,0.01,"","mirage_joint","trait1","bfdr_observed_fdp",0.01,0
20260907,95,500,15,3000,3000,3000,3000,"fast","control_informative",0.05,5,0.01,"","mirage_joint","trait1","bfdr_estimate",0.01,0.000586545695941698
20260907,95,500,15,3000,3000,3000,3000,"fast","control_informative",0.05,5,0.01,"","mirage_joint","trait1","bfdr_power",0.01,0.2
20260907,95,500,15,3000,3000,3000,3000,"fast","control_informative",0.05,5,0.01,"","mirage_joint","trait1","bfdr_discoveries",0.01,5
20260907,95,500,15,3000,3000,3000,3000,"fast","control_informative",0.05,5,0.01,"","mirage_joint","trait1","bfdr_observed_fdp",0.05,0
20260907,95,500,15,3000,3000,3000,3000,"fast","control_informative",0.05,5,0.01,"","mirage_joint","trait1","bfdr_estimate",0.05,0.0492032308808631
20260907,95,500,15,3000,3000,3000,3000,"fast","control_informative",0.05,5,0.01,"","mirage_joint","trait1","bfdr_power",0.05,0.28
20260907,95,500,15,3000,3000,3000,3000,"fast","control_informative",0.05,5,0.01,"","mirage_joint","trait1","bfdr_discoveries",0.05,7
20260907,95,500,15,3000,3000,3000,3000,"fast","control_informative",0.05,5,0.01,"","mirage_joint","trait1","bfdr_observed_fdp",0.1,0.222222222222222
20260907,95,500,15,3000,3000,3000,3000,"fast","control_informative",0.05,5,0.01,"","mirage_joint","trait1","bfdr_estimate",0.1,0.081053266259289
20260907,95,500,15,3000,3000,3000,3000,"fast","control_informative",0.05,5,0.01,"","mirage_joint","trait1","bfdr_power",0.1,0.28
20260907,95,500,15,3000,3000,3000,3000,"fast","control_informative",0.05,5,0.01,"","mirage_joint","trait1","bfdr_discoveries",0.1,9
20260907,95,500,15,3000,3000,3000,3000,"fast","control_informative",0.05,5,0.01,"","mirage_joint","trait1","bfdr_observed_fdp",0.2,0.357142857142857
20260907,95,500,15,3000,3000,3000,3000,"fast","control_informative",0.05,5,0.01,"","mirage_joint","trait1","bfdr_estimate",0.2,0.184215218484136
20260907,95,500,15,3000,3000,3000,3000,"fast","control_informative",0.05,5,0.01,"","mirage_joint","trait1","bfdr_power",0.2,0.36
20260907,95,500,15,3000,3000,3000,3000,"fast","control_informative",0.05,5,0.01,"","mirage_joint","trait1","bfdr_discoveries",0.2,14
20260907,95,500,15,3000,3000,3000,3000,"fast","control_informative",0.05,5,0.01,"","mirage_joint","trait2","bfdr_observed_fdp",0.01,0
20260907,95,500,15,3000,3000,3000,3000,"fast","control_informative",0.05,5,0.01,"","mirage_joint","trait2","bfdr_estimate",0.01,0
20260907,95,500,15,3000,3000,3000,3000,"fast","control_informative",0.05,5,0.01,"","mirage_joint","trait2","bfdr_power",0.01,0
20260907,95,500,15,3000,3000,3000,3000,"fast","control_informative",0.05,5,0.01,"","mirage_joint","trait2","bfdr_discoveries",0.01,0
20260907,95,500,15,3000,3000,3000,3000,"fast","control_informative",0.05,5,0.01,"","mirage_joint","trait2","bfdr_observed_fdp",0.05,1
20260907,95,500,15,3000,3000,3000,3000,"fast","control_informative",0.05,5,0.01,"","mirage_joint","trait2","bfdr_estimate",0.05,0.0326491975268023
20260907,95,500,15,3000,3000,3000,3000,"fast","control_informative",0.05,5,0.01,"","mirage_joint","trait2","bfdr_power",0.05,0
20260907,95,500,15,3000,3000,3000,3000,"fast","control_informative",0.05,5,0.01,"","mirage_joint","trait2","bfdr_discoveries",0.05,1
20260907,95,500,15,3000,3000,3000,3000,"fast","control_informative",0.05,5,0.01,"","mirage_joint","trait2","bfdr_observed_fdp",0.1,1
20260907,95,500,15,3000,3000,3000,3000,"fast","control_informative",0.05,5,0.01,"","mirage_joint","trait2","bfdr_estimate",0.1,0.0797354728964003
20260907,95,500,15,3000,3000,3000,3000,"fast","control_informative",0.05,5,0.01,"","mirage_joint","trait2","bfdr_power",0.1,0
20260907,95,500,15,3000,3000,3000,3000,"fast","control_informative",0.05,5,0.01,"","mirage_joint","trait2","bfdr_discoveries",0.1,2
20260907,95,500,15,3000,3000,3000,3000,"fast","control_informative",0.05,5,0.01,"","mirage_joint","trait2","bfdr_observed_fdp",0.2,0.5
20260907,95,500,15,3000,3000,3000,3000,"fast","control_informative",0.05,5,0.01,"","mirage_joint","trait2","bfdr_estimate",0.2,0.177039728344631
20260907,95,500,15,3000,3000,3000,3000,"fast","control_informative",0.05,5,0.01,"","mirage_joint","trait2","bfdr_power",0.2,0.2
20260907,95,500,15,3000,3000,3000,3000,"fast","control_informative",0.05,5,0.01,"","mirage_joint","trait2","bfdr_discoveries",0.2,4
20260907,95,500,15,3000,3000,3000,3000,"fast","control_informative",0.05,5,0.01,"","mirage_joint","pleiotropy","bfdr_observed_fdp",0.01,0
20260907,95,500,15,3000,3000,3000,3000,"fast","control_informative",0.05,5,0.01,"","mirage_joint","pleiotropy","bfdr_estimate",0.01,0
20260907,95,500,15,3000,3000,3000,3000,"fast","control_informative",0.05,5,0.01,"","mirage_joint","pleiotropy","bfdr_power",0.01,0
20260907,95,500,15,3000,3000,3000,3000,"fast","control_informative",0.05,5,0.01,"","mirage_joint","pleiotropy","bfdr_discoveries",0.01,0
20260907,95,500,15,3000,3000,3000,3000,"fast","control_informative",0.05,5,0.01,"","mirage_joint","pleiotropy","bfdr_observed_fdp",0.05,1
20260907,95,500,15,3000,3000,3000,3000,"fast","control_informative",0.05,5,0.01,"","mirage_joint","pleiotropy","bfdr_estimate",0.05,0.0326538918644127
20260907,95,500,15,3000,3000,3000,3000,"fast","control_informative",0.05,5,0.01,"","mirage_joint","pleiotropy","bfdr_power",0.05,0
20260907,95,500,15,3000,3000,3000,3000,"fast","control_informative",0.05,5,0.01,"","mirage_joint","pleiotropy","bfdr_discoveries",0.05,1
20260907,95,500,15,3000,3000,3000,3000,"fast","control_informative",0.05,5,0.01,"","mirage_joint","pleiotropy","bfdr_observed_fdp",0.1,1
20260907,95,500,15,3000,3000,3000,3000,"fast","control_informative",0.05,5,0.01,"","mirage_joint","pleiotropy","bfdr_estimate",0.1,0.0797378200662387
20260907,95,500,15,3000,3000,3000,3000,"fast","control_informative",0.05,5,0.01,"","mirage_joint","pleiotropy","bfdr_power",0.1,0
20260907,95,500,15,3000,3000,3000,3000,"fast","control_informative",0.05,5,0.01,"","mirage_joint","pleiotropy","bfdr_discoveries",0.1,2
20260907,95,500,15,3000,3000,3000,3000,"fast","control_informative",0.05,5,0.01,"","mirage_joint","pleiotropy","bfdr_observed_fdp",0.2,0.5
20260907,95,500,15,3000,3000,3000,3000,"fast","control_informative",0.05,5,0.01,"","mirage_joint","pleiotropy","bfdr_estimate",0.2,0.182638759688404
20260907,95,500,15,3000,3000,3000,3000,"fast","control_informative",0.05,5,0.01,"","mirage_joint","pleiotropy","bfdr_power",0.2,0.4
20260907,95,500,15,3000,3000,3000,3000,"fast","control_informative",0.05,5,0.01,"","mirage_joint","pleiotropy","bfdr_discoveries",0.2,4
20260907,95,500,15,3000,3000,3000,3000,"fast","control_informative",0.05,5,0.01,"","mirage_joint","global","runtime_seconds",NA,19.1170000000002
20260907,95,500,15,3000,3000,3000,3000,"fast","control_informative",0.05,5,0.01,"","mirage_joint","pleiotropy","pi11_estimate",NA,0.0923968560218882
20260907,95,500,15,3000,3000,3000,3000,"fast","control_informative",0.05,5,0.01,"","separate_mirage","trait1","auc",NA,0.714105263157895
20260907,95,500,15,3000,3000,3000,3000,"fast","control_informative",0.05,5,0.01,"","separate_mirage","trait2","auc",NA,0.649795918367347
20260907,95,500,15,3000,3000,3000,3000,"fast","control_informative",0.05,5,0.01,"","separate_mirage","pleiotropy","auc",NA,0.690909090909091
20260907,95,500,15,3000,3000,3000,3000,"fast","control_informative",0.05,5,0.01,"","separate_mirage","trait1","pp08_power",0.8,0.2
20260907,95,500,15,3000,3000,3000,3000,"fast","control_informative",0.05,5,0.01,"","separate_mirage","trait1","pp08_fdp",0.8,0
20260907,95,500,15,3000,3000,3000,3000,"fast","control_informative",0.05,5,0.01,"","separate_mirage","trait1","pp08_discoveries",0.8,5
20260907,95,500,15,3000,3000,3000,3000,"fast","control_informative",0.05,5,0.01,"","separate_mirage","trait2","pp08_power",0.8,0
20260907,95,500,15,3000,3000,3000,3000,"fast","control_informative",0.05,5,0.01,"","separate_mirage","trait2","pp08_fdp",0.8,0
20260907,95,500,15,3000,3000,3000,3000,"fast","control_informative",0.05,5,0.01,"","separate_mirage","trait2","pp08_discoveries",0.8,0
20260907,95,500,15,3000,3000,3000,3000,"fast","control_informative",0.05,5,0.01,"","separate_mirage","pleiotropy","pp08_power",0.8,0
20260907,95,500,15,3000,3000,3000,3000,"fast","control_informative",0.05,5,0.01,"","separate_mirage","pleiotropy","pp08_fdp",0.8,0
20260907,95,500,15,3000,3000,3000,3000,"fast","control_informative",0.05,5,0.01,"","separate_mirage","pleiotropy","pp08_discoveries",0.8,0
20260907,95,500,15,3000,3000,3000,3000,"fast","control_informative",0.05,5,0.01,"","separate_mirage","trait1","bfdr_observed_fdp",0.01,0
20260907,95,500,15,3000,3000,3000,3000,"fast","control_informative",0.05,5,0.01,"","separate_mirage","trait1","bfdr_estimate",0.01,0.00181234734724196
20260907,95,500,15,3000,3000,3000,3000,"fast","control_informative",0.05,5,0.01,"","separate_mirage","trait1","bfdr_power",0.01,0.2
20260907,95,500,15,3000,3000,3000,3000,"fast","control_informative",0.05,5,0.01,"","separate_mirage","trait1","bfdr_discoveries",0.01,5
20260907,95,500,15,3000,3000,3000,3000,"fast","control_informative",0.05,5,0.01,"","separate_mirage","trait1","bfdr_observed_fdp",0.05,0
20260907,95,500,15,3000,3000,3000,3000,"fast","control_informative",0.05,5,0.01,"","separate_mirage","trait1","bfdr_estimate",0.05,0.00181234734724196
20260907,95,500,15,3000,3000,3000,3000,"fast","control_informative",0.05,5,0.01,"","separate_mirage","trait1","bfdr_power",0.05,0.2
20260907,95,500,15,3000,3000,3000,3000,"fast","control_informative",0.05,5,0.01,"","separate_mirage","trait1","bfdr_discoveries",0.05,5
20260907,95,500,15,3000,3000,3000,3000,"fast","control_informative",0.05,5,0.01,"","separate_mirage","trait1","bfdr_observed_fdp",0.1,0.166666666666667
20260907,95,500,15,3000,3000,3000,3000,"fast","control_informative",0.05,5,0.01,"","separate_mirage","trait1","bfdr_estimate",0.1,0.0546886375833686
20260907,95,500,15,3000,3000,3000,3000,"fast","control_informative",0.05,5,0.01,"","separate_mirage","trait1","bfdr_power",0.1,0.2
20260907,95,500,15,3000,3000,3000,3000,"fast","control_informative",0.05,5,0.01,"","separate_mirage","trait1","bfdr_discoveries",0.1,6
20260907,95,500,15,3000,3000,3000,3000,"fast","control_informative",0.05,5,0.01,"","separate_mirage","trait1","bfdr_observed_fdp",0.2,0.333333333333333
20260907,95,500,15,3000,3000,3000,3000,"fast","control_informative",0.05,5,0.01,"","separate_mirage","trait1","bfdr_estimate",0.2,0.180092293576434
20260907,95,500,15,3000,3000,3000,3000,"fast","control_informative",0.05,5,0.01,"","separate_mirage","trait1","bfdr_power",0.2,0.24
20260907,95,500,15,3000,3000,3000,3000,"fast","control_informative",0.05,5,0.01,"","separate_mirage","trait1","bfdr_discoveries",0.2,9
20260907,95,500,15,3000,3000,3000,3000,"fast","control_informative",0.05,5,0.01,"","separate_mirage","trait2","bfdr_observed_fdp",0.01,0
20260907,95,500,15,3000,3000,3000,3000,"fast","control_informative",0.05,5,0.01,"","separate_mirage","trait2","bfdr_estimate",0.01,0
20260907,95,500,15,3000,3000,3000,3000,"fast","control_informative",0.05,5,0.01,"","separate_mirage","trait2","bfdr_power",0.01,0
20260907,95,500,15,3000,3000,3000,3000,"fast","control_informative",0.05,5,0.01,"","separate_mirage","trait2","bfdr_discoveries",0.01,0
20260907,95,500,15,3000,3000,3000,3000,"fast","control_informative",0.05,5,0.01,"","separate_mirage","trait2","bfdr_observed_fdp",0.05,0
20260907,95,500,15,3000,3000,3000,3000,"fast","control_informative",0.05,5,0.01,"","separate_mirage","trait2","bfdr_estimate",0.05,0
20260907,95,500,15,3000,3000,3000,3000,"fast","control_informative",0.05,5,0.01,"","separate_mirage","trait2","bfdr_power",0.05,0
20260907,95,500,15,3000,3000,3000,3000,"fast","control_informative",0.05,5,0.01,"","separate_mirage","trait2","bfdr_discoveries",0.05,0
20260907,95,500,15,3000,3000,3000,3000,"fast","control_informative",0.05,5,0.01,"","separate_mirage","trait2","bfdr_observed_fdp",0.1,0
20260907,95,500,15,3000,3000,3000,3000,"fast","control_informative",0.05,5,0.01,"","separate_mirage","trait2","bfdr_estimate",0.1,0
20260907,95,500,15,3000,3000,3000,3000,"fast","control_informative",0.05,5,0.01,"","separate_mirage","trait2","bfdr_power",0.1,0
20260907,95,500,15,3000,3000,3000,3000,"fast","control_informative",0.05,5,0.01,"","separate_mirage","trait2","bfdr_discoveries",0.1,0
20260907,95,500,15,3000,3000,3000,3000,"fast","control_informative",0.05,5,0.01,"","separate_mirage","trait2","bfdr_observed_fdp",0.2,0
20260907,95,500,15,3000,3000,3000,3000,"fast","control_informative",0.05,5,0.01,"","separate_mirage","trait2","bfdr_estimate",0.2,0
20260907,95,500,15,3000,3000,3000,3000,"fast","control_informative",0.05,5,0.01,"","separate_mirage","trait2","bfdr_power",0.2,0
20260907,95,500,15,3000,3000,3000,3000,"fast","control_informative",0.05,5,0.01,"","separate_mirage","trait2","bfdr_discoveries",0.2,0
20260907,95,500,15,3000,3000,3000,3000,"fast","control_informative",0.05,5,0.01,"","separate_mirage","pleiotropy","bfdr_observed_fdp",0.01,0
20260907,95,500,15,3000,3000,3000,3000,"fast","control_informative",0.05,5,0.01,"","separate_mirage","pleiotropy","bfdr_estimate",0.01,0
20260907,95,500,15,3000,3000,3000,3000,"fast","control_informative",0.05,5,0.01,"","separate_mirage","pleiotropy","bfdr_power",0.01,0
20260907,95,500,15,3000,3000,3000,3000,"fast","control_informative",0.05,5,0.01,"","separate_mirage","pleiotropy","bfdr_discoveries",0.01,0
20260907,95,500,15,3000,3000,3000,3000,"fast","control_informative",0.05,5,0.01,"","separate_mirage","pleiotropy","bfdr_observed_fdp",0.05,0
20260907,95,500,15,3000,3000,3000,3000,"fast","control_informative",0.05,5,0.01,"","separate_mirage","pleiotropy","bfdr_estimate",0.05,0
20260907,95,500,15,3000,3000,3000,3000,"fast","control_informative",0.05,5,0.01,"","separate_mirage","pleiotropy","bfdr_power",0.05,0
20260907,95,500,15,3000,3000,3000,3000,"fast","control_informative",0.05,5,0.01,"","separate_mirage","pleiotropy","bfdr_discoveries",0.05,0
20260907,95,500,15,3000,3000,3000,3000,"fast","control_informative",0.05,5,0.01,"","separate_mirage","pleiotropy","bfdr_observed_fdp",0.1,0
20260907,95,500,15,3000,3000,3000,3000,"fast","control_informative",0.05,5,0.01,"","separate_mirage","pleiotropy","bfdr_estimate",0.1,0
20260907,95,500,15,3000,3000,3000,3000,"fast","control_informative",0.05,5,0.01,"","separate_mirage","pleiotropy","bfdr_power",0.1,0
20260907,95,500,15,3000,3000,3000,3000,"fast","control_informative",0.05,5,0.01,"","separate_mirage","pleiotropy","bfdr_discoveries",0.1,0
20260907,95,500,15,3000,3000,3000,3000,"fast","control_informative",0.05,5,0.01,"","separate_mirage","pleiotropy","bfdr_observed_fdp",0.2,0
20260907,95,500,15,3000,3000,3000,3000,"fast","control_informative",0.05,5,0.01,"","separate_mirage","pleiotropy","bfdr_estimate",0.2,0
20260907,95,500,15,3000,3000,3000,3000,"fast","control_informative",0.05,5,0.01,"","separate_mirage","pleiotropy","bfdr_power",0.2,0
20260907,95,500,15,3000,3000,3000,3000,"fast","control_informative",0.05,5,0.01,"","separate_mirage","pleiotropy","bfdr_discoveries",0.2,0
20260907,95,500,15,3000,3000,3000,3000,"fast","control_informative",0.05,5,0.01,"","separate_mirage","global","runtime_seconds",NA,18.625
20260907,95,500,15,3000,3000,3000,3000,"fast","control_informative",0.05,5,0.01,"","separate_mirage","pleiotropy","pi11_estimate",NA,0.001
20260907,95,500,15,3000,3000,3000,3000,"fast","control_informative",0.05,5,0.01,"","mtada_aggregated","trait1","auc",NA,0.677852631578947
20260907,95,500,15,3000,3000,3000,3000,"fast","control_informative",0.05,5,0.01,"","mtada_aggregated","trait2","auc",NA,0.519591836734694
20260907,95,500,15,3000,3000,3000,3000,"fast","control_informative",0.05,5,0.01,"","mtada_aggregated","pleiotropy","auc",NA,0.452525252525253
20260907,95,500,15,3000,3000,3000,3000,"fast","control_informative",0.05,5,0.01,"","mtada_aggregated","trait1","pp08_power",0.8,0.4
20260907,95,500,15,3000,3000,3000,3000,"fast","control_informative",0.05,5,0.01,"","mtada_aggregated","trait1","pp08_fdp",0.8,0.772727272727273
20260907,95,500,15,3000,3000,3000,3000,"fast","control_informative",0.05,5,0.01,"","mtada_aggregated","trait1","pp08_discoveries",0.8,44
20260907,95,500,15,3000,3000,3000,3000,"fast","control_informative",0.05,5,0.01,"","mtada_aggregated","trait2","pp08_power",0.8,0.2
20260907,95,500,15,3000,3000,3000,3000,"fast","control_informative",0.05,5,0.01,"","mtada_aggregated","trait2","pp08_fdp",0.8,0.931034482758621
20260907,95,500,15,3000,3000,3000,3000,"fast","control_informative",0.05,5,0.01,"","mtada_aggregated","trait2","pp08_discoveries",0.8,29
20260907,95,500,15,3000,3000,3000,3000,"fast","control_informative",0.05,5,0.01,"","mtada_aggregated","pleiotropy","pp08_power",0.8,0.2
20260907,95,500,15,3000,3000,3000,3000,"fast","control_informative",0.05,5,0.01,"","mtada_aggregated","pleiotropy","pp08_fdp",0.8,0.666666666666667
20260907,95,500,15,3000,3000,3000,3000,"fast","control_informative",0.05,5,0.01,"","mtada_aggregated","pleiotropy","pp08_discoveries",0.8,3
20260907,95,500,15,3000,3000,3000,3000,"fast","control_informative",0.05,5,0.01,"","mtada_aggregated","trait1","bfdr_observed_fdp",0.01,0.767441860465116
20260907,95,500,15,3000,3000,3000,3000,"fast","control_informative",0.05,5,0.01,"","mtada_aggregated","trait1","bfdr_estimate",0.01,0.00967545438169655
20260907,95,500,15,3000,3000,3000,3000,"fast","control_informative",0.05,5,0.01,"","mtada_aggregated","trait1","bfdr_power",0.01,0.4
20260907,95,500,15,3000,3000,3000,3000,"fast","control_informative",0.05,5,0.01,"","mtada_aggregated","trait1","bfdr_discoveries",0.01,43
20260907,95,500,15,3000,3000,3000,3000,"fast","control_informative",0.05,5,0.01,"","mtada_aggregated","trait1","bfdr_observed_fdp",0.05,0.795918367346939
20260907,95,500,15,3000,3000,3000,3000,"fast","control_informative",0.05,5,0.01,"","mtada_aggregated","trait1","bfdr_estimate",0.05,0.044111059749375
20260907,95,500,15,3000,3000,3000,3000,"fast","control_informative",0.05,5,0.01,"","mtada_aggregated","trait1","bfdr_power",0.05,0.4
20260907,95,500,15,3000,3000,3000,3000,"fast","control_informative",0.05,5,0.01,"","mtada_aggregated","trait1","bfdr_discoveries",0.05,49
20260907,95,500,15,3000,3000,3000,3000,"fast","control_informative",0.05,5,0.01,"","mtada_aggregated","trait1","bfdr_observed_fdp",0.1,0.8
20260907,95,500,15,3000,3000,3000,3000,"fast","control_informative",0.05,5,0.01,"","mtada_aggregated","trait1","bfdr_estimate",0.1,0.0971870324971753
20260907,95,500,15,3000,3000,3000,3000,"fast","control_informative",0.05,5,0.01,"","mtada_aggregated","trait1","bfdr_power",0.1,0.44
20260907,95,500,15,3000,3000,3000,3000,"fast","control_informative",0.05,5,0.01,"","mtada_aggregated","trait1","bfdr_discoveries",0.1,55
20260907,95,500,15,3000,3000,3000,3000,"fast","control_informative",0.05,5,0.01,"","mtada_aggregated","trait1","bfdr_observed_fdp",0.2,0.815384615384615
20260907,95,500,15,3000,3000,3000,3000,"fast","control_informative",0.05,5,0.01,"","mtada_aggregated","trait1","bfdr_estimate",0.2,0.191377572848576
20260907,95,500,15,3000,3000,3000,3000,"fast","control_informative",0.05,5,0.01,"","mtada_aggregated","trait1","bfdr_power",0.2,0.48
20260907,95,500,15,3000,3000,3000,3000,"fast","control_informative",0.05,5,0.01,"","mtada_aggregated","trait1","bfdr_discoveries",0.2,65
20260907,95,500,15,3000,3000,3000,3000,"fast","control_informative",0.05,5,0.01,"","mtada_aggregated","trait2","bfdr_observed_fdp",0.01,0.923076923076923
20260907,95,500,15,3000,3000,3000,3000,"fast","control_informative",0.05,5,0.01,"","mtada_aggregated","trait2","bfdr_estimate",0.01,0.00928781792598786
20260907,95,500,15,3000,3000,3000,3000,"fast","control_informative",0.05,5,0.01,"","mtada_aggregated","trait2","bfdr_power",0.01,0.2
20260907,95,500,15,3000,3000,3000,3000,"fast","control_informative",0.05,5,0.01,"","mtada_aggregated","trait2","bfdr_discoveries",0.01,26
20260907,95,500,15,3000,3000,3000,3000,"fast","control_informative",0.05,5,0.01,"","mtada_aggregated","trait2","bfdr_observed_fdp",0.05,0.9375
20260907,95,500,15,3000,3000,3000,3000,"fast","control_informative",0.05,5,0.01,"","mtada_aggregated","trait2","bfdr_estimate",0.05,0.0444840144211035
20260907,95,500,15,3000,3000,3000,3000,"fast","control_informative",0.05,5,0.01,"","mtada_aggregated","trait2","bfdr_power",0.05,0.2
20260907,95,500,15,3000,3000,3000,3000,"fast","control_informative",0.05,5,0.01,"","mtada_aggregated","trait2","bfdr_discoveries",0.05,32
20260907,95,500,15,3000,3000,3000,3000,"fast","control_informative",0.05,5,0.01,"","mtada_aggregated","trait2","bfdr_observed_fdp",0.1,0.916666666666667
20260907,95,500,15,3000,3000,3000,3000,"fast","control_informative",0.05,5,0.01,"","mtada_aggregated","trait2","bfdr_estimate",0.1,0.0902234289173653
20260907,95,500,15,3000,3000,3000,3000,"fast","control_informative",0.05,5,0.01,"","mtada_aggregated","trait2","bfdr_power",0.1,0.3
20260907,95,500,15,3000,3000,3000,3000,"fast","control_informative",0.05,5,0.01,"","mtada_aggregated","trait2","bfdr_discoveries",0.1,36
20260907,95,500,15,3000,3000,3000,3000,"fast","control_informative",0.05,5,0.01,"","mtada_aggregated","trait2","bfdr_observed_fdp",0.2,0.930232558139535
20260907,95,500,15,3000,3000,3000,3000,"fast","control_informative",0.05,5,0.01,"","mtada_aggregated","trait2","bfdr_estimate",0.2,0.191607752625749
20260907,95,500,15,3000,3000,3000,3000,"fast","control_informative",0.05,5,0.01,"","mtada_aggregated","trait2","bfdr_power",0.2,0.3
20260907,95,500,15,3000,3000,3000,3000,"fast","control_informative",0.05,5,0.01,"","mtada_aggregated","trait2","bfdr_discoveries",0.2,43
20260907,95,500,15,3000,3000,3000,3000,"fast","control_informative",0.05,5,0.01,"","mtada_aggregated","pleiotropy","bfdr_observed_fdp",0.01,0.5
20260907,95,500,15,3000,3000,3000,3000,"fast","control_informative",0.05,5,0.01,"","mtada_aggregated","pleiotropy","bfdr_estimate",0.01,6.84684450302786e-06
20260907,95,500,15,3000,3000,3000,3000,"fast","control_informative",0.05,5,0.01,"","mtada_aggregated","pleiotropy","bfdr_power",0.01,0.2
20260907,95,500,15,3000,3000,3000,3000,"fast","control_informative",0.05,5,0.01,"","mtada_aggregated","pleiotropy","bfdr_discoveries",0.01,2
20260907,95,500,15,3000,3000,3000,3000,"fast","control_informative",0.05,5,0.01,"","mtada_aggregated","pleiotropy","bfdr_observed_fdp",0.05,0.666666666666667
20260907,95,500,15,3000,3000,3000,3000,"fast","control_informative",0.05,5,0.01,"","mtada_aggregated","pleiotropy","bfdr_estimate",0.05,0.0242038788574402
20260907,95,500,15,3000,3000,3000,3000,"fast","control_informative",0.05,5,0.01,"","mtada_aggregated","pleiotropy","bfdr_power",0.05,0.2
20260907,95,500,15,3000,3000,3000,3000,"fast","control_informative",0.05,5,0.01,"","mtada_aggregated","pleiotropy","bfdr_discoveries",0.05,3
20260907,95,500,15,3000,3000,3000,3000,"fast","control_informative",0.05,5,0.01,"","mtada_aggregated","pleiotropy","bfdr_observed_fdp",0.1,0.666666666666667
20260907,95,500,15,3000,3000,3000,3000,"fast","control_informative",0.05,5,0.01,"","mtada_aggregated","pleiotropy","bfdr_estimate",0.1,0.0242038788574402
20260907,95,500,15,3000,3000,3000,3000,"fast","control_informative",0.05,5,0.01,"","mtada_aggregated","pleiotropy","bfdr_power",0.1,0.2
20260907,95,500,15,3000,3000,3000,3000,"fast","control_informative",0.05,5,0.01,"","mtada_aggregated","pleiotropy","bfdr_discoveries",0.1,3
20260907,95,500,15,3000,3000,3000,3000,"fast","control_informative",0.05,5,0.01,"","mtada_aggregated","pleiotropy","bfdr_observed_fdp",0.2,0.75
20260907,95,500,15,3000,3000,3000,3000,"fast","control_informative",0.05,5,0.01,"","mtada_aggregated","pleiotropy","bfdr_estimate",0.2,0.14740411118781
20260907,95,500,15,3000,3000,3000,3000,"fast","control_informative",0.05,5,0.01,"","mtada_aggregated","pleiotropy","bfdr_power",0.2,0.2
20260907,95,500,15,3000,3000,3000,3000,"fast","control_informative",0.05,5,0.01,"","mtada_aggregated","pleiotropy","bfdr_discoveries",0.2,4
20260907,95,500,15,3000,3000,3000,3000,"fast","control_informative",0.05,5,0.01,"","mtada_aggregated","global","runtime_seconds",NA,0.890999999999622
20260907,95,500,15,3000,3000,3000,3000,"fast","control_informative",0.05,5,0.01,"","mtada_aggregated","pleiotropy","pi11_estimate",NA,0.00122354
20260908,96,500,15,3000,3000,3000,3000,"fast","control_informative",0.05,5,0.01,"","mirage_joint","trait1","auc",NA,0.756294736842105
20260908,96,500,15,3000,3000,3000,3000,"fast","control_informative",0.05,5,0.01,"","mirage_joint","trait2","auc",NA,0.693061224489796
20260908,96,500,15,3000,3000,3000,3000,"fast","control_informative",0.05,5,0.01,"","mirage_joint","pleiotropy","auc",NA,0.831515151515152
20260908,96,500,15,3000,3000,3000,3000,"fast","control_informative",0.05,5,0.01,"","mirage_joint","trait1","pp08_power",0.8,0.2
20260908,96,500,15,3000,3000,3000,3000,"fast","control_informative",0.05,5,0.01,"","mirage_joint","trait1","pp08_fdp",0.8,0
20260908,96,500,15,3000,3000,3000,3000,"fast","control_informative",0.05,5,0.01,"","mirage_joint","trait1","pp08_discoveries",0.8,5
20260908,96,500,15,3000,3000,3000,3000,"fast","control_informative",0.05,5,0.01,"","mirage_joint","trait2","pp08_power",0.8,0.1
20260908,96,500,15,3000,3000,3000,3000,"fast","control_informative",0.05,5,0.01,"","mirage_joint","trait2","pp08_fdp",0.8,0
20260908,96,500,15,3000,3000,3000,3000,"fast","control_informative",0.05,5,0.01,"","mirage_joint","trait2","pp08_discoveries",0.8,1
20260908,96,500,15,3000,3000,3000,3000,"fast","control_informative",0.05,5,0.01,"","mirage_joint","pleiotropy","pp08_power",0.8,0
20260908,96,500,15,3000,3000,3000,3000,"fast","control_informative",0.05,5,0.01,"","mirage_joint","pleiotropy","pp08_fdp",0.8,0
20260908,96,500,15,3000,3000,3000,3000,"fast","control_informative",0.05,5,0.01,"","mirage_joint","pleiotropy","pp08_discoveries",0.8,0
20260908,96,500,15,3000,3000,3000,3000,"fast","control_informative",0.05,5,0.01,"","mirage_joint","trait1","bfdr_observed_fdp",0.01,0
20260908,96,500,15,3000,3000,3000,3000,"fast","control_informative",0.05,5,0.01,"","mirage_joint","trait1","bfdr_estimate",0.01,0.00556415553443934
20260908,96,500,15,3000,3000,3000,3000,"fast","control_informative",0.05,5,0.01,"","mirage_joint","trait1","bfdr_power",0.01,0.04
20260908,96,500,15,3000,3000,3000,3000,"fast","control_informative",0.05,5,0.01,"","mirage_joint","trait1","bfdr_discoveries",0.01,1
20260908,96,500,15,3000,3000,3000,3000,"fast","control_informative",0.05,5,0.01,"","mirage_joint","trait1","bfdr_observed_fdp",0.05,0
20260908,96,500,15,3000,3000,3000,3000,"fast","control_informative",0.05,5,0.01,"","mirage_joint","trait1","bfdr_estimate",0.05,0.0260132580309368
20260908,96,500,15,3000,3000,3000,3000,"fast","control_informative",0.05,5,0.01,"","mirage_joint","trait1","bfdr_power",0.05,0.16
20260908,96,500,15,3000,3000,3000,3000,"fast","control_informative",0.05,5,0.01,"","mirage_joint","trait1","bfdr_discoveries",0.05,4
20260908,96,500,15,3000,3000,3000,3000,"fast","control_informative",0.05,5,0.01,"","mirage_joint","trait1","bfdr_observed_fdp",0.1,0
20260908,96,500,15,3000,3000,3000,3000,"fast","control_informative",0.05,5,0.01,"","mirage_joint","trait1","bfdr_estimate",0.1,0.0597477119854836
20260908,96,500,15,3000,3000,3000,3000,"fast","control_informative",0.05,5,0.01,"","mirage_joint","trait1","bfdr_power",0.1,0.2
20260908,96,500,15,3000,3000,3000,3000,"fast","control_informative",0.05,5,0.01,"","mirage_joint","trait1","bfdr_discoveries",0.1,5
20260908,96,500,15,3000,3000,3000,3000,"fast","control_informative",0.05,5,0.01,"","mirage_joint","trait1","bfdr_observed_fdp",0.2,0.285714285714286
20260908,96,500,15,3000,3000,3000,3000,"fast","control_informative",0.05,5,0.01,"","mirage_joint","trait1","bfdr_estimate",0.2,0.188628459866196
20260908,96,500,15,3000,3000,3000,3000,"fast","control_informative",0.05,5,0.01,"","mirage_joint","trait1","bfdr_power",0.2,0.2
20260908,96,500,15,3000,3000,3000,3000,"fast","control_informative",0.05,5,0.01,"","mirage_joint","trait1","bfdr_discoveries",0.2,7
20260908,96,500,15,3000,3000,3000,3000,"fast","control_informative",0.05,5,0.01,"","mirage_joint","trait2","bfdr_observed_fdp",0.01,0
20260908,96,500,15,3000,3000,3000,3000,"fast","control_informative",0.05,5,0.01,"","mirage_joint","trait2","bfdr_estimate",0.01,2.21927476395933e-09
20260908,96,500,15,3000,3000,3000,3000,"fast","control_informative",0.05,5,0.01,"","mirage_joint","trait2","bfdr_power",0.01,0.1
20260908,96,500,15,3000,3000,3000,3000,"fast","control_informative",0.05,5,0.01,"","mirage_joint","trait2","bfdr_discoveries",0.01,1
20260908,96,500,15,3000,3000,3000,3000,"fast","control_informative",0.05,5,0.01,"","mirage_joint","trait2","bfdr_observed_fdp",0.05,0
20260908,96,500,15,3000,3000,3000,3000,"fast","control_informative",0.05,5,0.01,"","mirage_joint","trait2","bfdr_estimate",0.05,2.21927476395933e-09
20260908,96,500,15,3000,3000,3000,3000,"fast","control_informative",0.05,5,0.01,"","mirage_joint","trait2","bfdr_power",0.05,0.1
20260908,96,500,15,3000,3000,3000,3000,"fast","control_informative",0.05,5,0.01,"","mirage_joint","trait2","bfdr_discoveries",0.05,1
20260908,96,500,15,3000,3000,3000,3000,"fast","control_informative",0.05,5,0.01,"","mirage_joint","trait2","bfdr_observed_fdp",0.1,0
20260908,96,500,15,3000,3000,3000,3000,"fast","control_informative",0.05,5,0.01,"","mirage_joint","trait2","bfdr_estimate",0.1,2.21927476395933e-09
20260908,96,500,15,3000,3000,3000,3000,"fast","control_informative",0.05,5,0.01,"","mirage_joint","trait2","bfdr_power",0.1,0.1
20260908,96,500,15,3000,3000,3000,3000,"fast","control_informative",0.05,5,0.01,"","mirage_joint","trait2","bfdr_discoveries",0.1,1
20260908,96,500,15,3000,3000,3000,3000,"fast","control_informative",0.05,5,0.01,"","mirage_joint","trait2","bfdr_observed_fdp",0.2,0
20260908,96,500,15,3000,3000,3000,3000,"fast","control_informative",0.05,5,0.01,"","mirage_joint","trait2","bfdr_estimate",0.2,2.21927476395933e-09
20260908,96,500,15,3000,3000,3000,3000,"fast","control_informative",0.05,5,0.01,"","mirage_joint","trait2","bfdr_power",0.2,0.1
20260908,96,500,15,3000,3000,3000,3000,"fast","control_informative",0.05,5,0.01,"","mirage_joint","trait2","bfdr_discoveries",0.2,1
20260908,96,500,15,3000,3000,3000,3000,"fast","control_informative",0.05,5,0.01,"","mirage_joint","pleiotropy","bfdr_observed_fdp",0.01,0
20260908,96,500,15,3000,3000,3000,3000,"fast","control_informative",0.05,5,0.01,"","mirage_joint","pleiotropy","bfdr_estimate",0.01,0
20260908,96,500,15,3000,3000,3000,3000,"fast","control_informative",0.05,5,0.01,"","mirage_joint","pleiotropy","bfdr_power",0.01,0
20260908,96,500,15,3000,3000,3000,3000,"fast","control_informative",0.05,5,0.01,"","mirage_joint","pleiotropy","bfdr_discoveries",0.01,0
20260908,96,500,15,3000,3000,3000,3000,"fast","control_informative",0.05,5,0.01,"","mirage_joint","pleiotropy","bfdr_observed_fdp",0.05,0
20260908,96,500,15,3000,3000,3000,3000,"fast","control_informative",0.05,5,0.01,"","mirage_joint","pleiotropy","bfdr_estimate",0.05,0
20260908,96,500,15,3000,3000,3000,3000,"fast","control_informative",0.05,5,0.01,"","mirage_joint","pleiotropy","bfdr_power",0.05,0
20260908,96,500,15,3000,3000,3000,3000,"fast","control_informative",0.05,5,0.01,"","mirage_joint","pleiotropy","bfdr_discoveries",0.05,0
20260908,96,500,15,3000,3000,3000,3000,"fast","control_informative",0.05,5,0.01,"","mirage_joint","pleiotropy","bfdr_observed_fdp",0.1,0
20260908,96,500,15,3000,3000,3000,3000,"fast","control_informative",0.05,5,0.01,"","mirage_joint","pleiotropy","bfdr_estimate",0.1,0
20260908,96,500,15,3000,3000,3000,3000,"fast","control_informative",0.05,5,0.01,"","mirage_joint","pleiotropy","bfdr_power",0.1,0
20260908,96,500,15,3000,3000,3000,3000,"fast","control_informative",0.05,5,0.01,"","mirage_joint","pleiotropy","bfdr_discoveries",0.1,0
20260908,96,500,15,3000,3000,3000,3000,"fast","control_informative",0.05,5,0.01,"","mirage_joint","pleiotropy","bfdr_observed_fdp",0.2,0
20260908,96,500,15,3000,3000,3000,3000,"fast","control_informative",0.05,5,0.01,"","mirage_joint","pleiotropy","bfdr_estimate",0.2,0
20260908,96,500,15,3000,3000,3000,3000,"fast","control_informative",0.05,5,0.01,"","mirage_joint","pleiotropy","bfdr_power",0.2,0
20260908,96,500,15,3000,3000,3000,3000,"fast","control_informative",0.05,5,0.01,"","mirage_joint","pleiotropy","bfdr_discoveries",0.2,0
20260908,96,500,15,3000,3000,3000,3000,"fast","control_informative",0.05,5,0.01,"","mirage_joint","global","runtime_seconds",NA,19.0889999999999
20260908,96,500,15,3000,3000,3000,3000,"fast","control_informative",0.05,5,0.01,"","mirage_joint","pleiotropy","pi11_estimate",NA,0.0191783984548702
20260908,96,500,15,3000,3000,3000,3000,"fast","control_informative",0.05,5,0.01,"","separate_mirage","trait1","auc",NA,0.764463157894737
20260908,96,500,15,3000,3000,3000,3000,"fast","control_informative",0.05,5,0.01,"","separate_mirage","trait2","auc",NA,0.597551020408163
20260908,96,500,15,3000,3000,3000,3000,"fast","control_informative",0.05,5,0.01,"","separate_mirage","pleiotropy","auc",NA,0.841212121212121
20260908,96,500,15,3000,3000,3000,3000,"fast","control_informative",0.05,5,0.01,"","separate_mirage","trait1","pp08_power",0.8,0.16
20260908,96,500,15,3000,3000,3000,3000,"fast","control_informative",0.05,5,0.01,"","separate_mirage","trait1","pp08_fdp",0.8,0
20260908,96,500,15,3000,3000,3000,3000,"fast","control_informative",0.05,5,0.01,"","separate_mirage","trait1","pp08_discoveries",0.8,4
20260908,96,500,15,3000,3000,3000,3000,"fast","control_informative",0.05,5,0.01,"","separate_mirage","trait2","pp08_power",0.8,0.1
20260908,96,500,15,3000,3000,3000,3000,"fast","control_informative",0.05,5,0.01,"","separate_mirage","trait2","pp08_fdp",0.8,0
20260908,96,500,15,3000,3000,3000,3000,"fast","control_informative",0.05,5,0.01,"","separate_mirage","trait2","pp08_discoveries",0.8,1
20260908,96,500,15,3000,3000,3000,3000,"fast","control_informative",0.05,5,0.01,"","separate_mirage","pleiotropy","pp08_power",0.8,0
20260908,96,500,15,3000,3000,3000,3000,"fast","control_informative",0.05,5,0.01,"","separate_mirage","pleiotropy","pp08_fdp",0.8,0
20260908,96,500,15,3000,3000,3000,3000,"fast","control_informative",0.05,5,0.01,"","separate_mirage","pleiotropy","pp08_discoveries",0.8,0
20260908,96,500,15,3000,3000,3000,3000,"fast","control_informative",0.05,5,0.01,"","separate_mirage","trait1","bfdr_observed_fdp",0.01,0
20260908,96,500,15,3000,3000,3000,3000,"fast","control_informative",0.05,5,0.01,"","separate_mirage","trait1","bfdr_estimate",0.01,0.0042438243680073
20260908,96,500,15,3000,3000,3000,3000,"fast","control_informative",0.05,5,0.01,"","separate_mirage","trait1","bfdr_power",0.01,0.04
20260908,96,500,15,3000,3000,3000,3000,"fast","control_informative",0.05,5,0.01,"","separate_mirage","trait1","bfdr_discoveries",0.01,1
20260908,96,500,15,3000,3000,3000,3000,"fast","control_informative",0.05,5,0.01,"","separate_mirage","trait1","bfdr_observed_fdp",0.05,0
20260908,96,500,15,3000,3000,3000,3000,"fast","control_informative",0.05,5,0.01,"","separate_mirage","trait1","bfdr_estimate",0.05,0.029081304570334
20260908,96,500,15,3000,3000,3000,3000,"fast","control_informative",0.05,5,0.01,"","separate_mirage","trait1","bfdr_power",0.05,0.16
20260908,96,500,15,3000,3000,3000,3000,"fast","control_informative",0.05,5,0.01,"","separate_mirage","trait1","bfdr_discoveries",0.05,4
20260908,96,500,15,3000,3000,3000,3000,"fast","control_informative",0.05,5,0.01,"","separate_mirage","trait1","bfdr_observed_fdp",0.1,0
20260908,96,500,15,3000,3000,3000,3000,"fast","control_informative",0.05,5,0.01,"","separate_mirage","trait1","bfdr_estimate",0.1,0.064329180825221
20260908,96,500,15,3000,3000,3000,3000,"fast","control_informative",0.05,5,0.01,"","separate_mirage","trait1","bfdr_power",0.1,0.2
20260908,96,500,15,3000,3000,3000,3000,"fast","control_informative",0.05,5,0.01,"","separate_mirage","trait1","bfdr_discoveries",0.1,5
20260908,96,500,15,3000,3000,3000,3000,"fast","control_informative",0.05,5,0.01,"","separate_mirage","trait1","bfdr_observed_fdp",0.2,0.142857142857143
20260908,96,500,15,3000,3000,3000,3000,"fast","control_informative",0.05,5,0.01,"","separate_mirage","trait1","bfdr_estimate",0.2,0.191236580417412
20260908,96,500,15,3000,3000,3000,3000,"fast","control_informative",0.05,5,0.01,"","separate_mirage","trait1","bfdr_power",0.2,0.24
20260908,96,500,15,3000,3000,3000,3000,"fast","control_informative",0.05,5,0.01,"","separate_mirage","trait1","bfdr_discoveries",0.2,7
20260908,96,500,15,3000,3000,3000,3000,"fast","control_informative",0.05,5,0.01,"","separate_mirage","trait2","bfdr_observed_fdp",0.01,0
20260908,96,500,15,3000,3000,3000,3000,"fast","control_informative",0.05,5,0.01,"","separate_mirage","trait2","bfdr_estimate",0.01,4.6885468840685e-09
20260908,96,500,15,3000,3000,3000,3000,"fast","control_informative",0.05,5,0.01,"","separate_mirage","trait2","bfdr_power",0.01,0.1
20260908,96,500,15,3000,3000,3000,3000,"fast","control_informative",0.05,5,0.01,"","separate_mirage","trait2","bfdr_discoveries",0.01,1
20260908,96,500,15,3000,3000,3000,3000,"fast","control_informative",0.05,5,0.01,"","separate_mirage","trait2","bfdr_observed_fdp",0.05,0
20260908,96,500,15,3000,3000,3000,3000,"fast","control_informative",0.05,5,0.01,"","separate_mirage","trait2","bfdr_estimate",0.05,4.6885468840685e-09
20260908,96,500,15,3000,3000,3000,3000,"fast","control_informative",0.05,5,0.01,"","separate_mirage","trait2","bfdr_power",0.05,0.1
20260908,96,500,15,3000,3000,3000,3000,"fast","control_informative",0.05,5,0.01,"","separate_mirage","trait2","bfdr_discoveries",0.05,1
20260908,96,500,15,3000,3000,3000,3000,"fast","control_informative",0.05,5,0.01,"","separate_mirage","trait2","bfdr_observed_fdp",0.1,0
20260908,96,500,15,3000,3000,3000,3000,"fast","control_informative",0.05,5,0.01,"","separate_mirage","trait2","bfdr_estimate",0.1,4.6885468840685e-09
20260908,96,500,15,3000,3000,3000,3000,"fast","control_informative",0.05,5,0.01,"","separate_mirage","trait2","bfdr_power",0.1,0.1
20260908,96,500,15,3000,3000,3000,3000,"fast","control_informative",0.05,5,0.01,"","separate_mirage","trait2","bfdr_discoveries",0.1,1
20260908,96,500,15,3000,3000,3000,3000,"fast","control_informative",0.05,5,0.01,"","separate_mirage","trait2","bfdr_observed_fdp",0.2,0
20260908,96,500,15,3000,3000,3000,3000,"fast","control_informative",0.05,5,0.01,"","separate_mirage","trait2","bfdr_estimate",0.2,4.6885468840685e-09
20260908,96,500,15,3000,3000,3000,3000,"fast","control_informative",0.05,5,0.01,"","separate_mirage","trait2","bfdr_power",0.2,0.1
20260908,96,500,15,3000,3000,3000,3000,"fast","control_informative",0.05,5,0.01,"","separate_mirage","trait2","bfdr_discoveries",0.2,1
20260908,96,500,15,3000,3000,3000,3000,"fast","control_informative",0.05,5,0.01,"","separate_mirage","pleiotropy","bfdr_observed_fdp",0.01,0
20260908,96,500,15,3000,3000,3000,3000,"fast","control_informative",0.05,5,0.01,"","separate_mirage","pleiotropy","bfdr_estimate",0.01,0
20260908,96,500,15,3000,3000,3000,3000,"fast","control_informative",0.05,5,0.01,"","separate_mirage","pleiotropy","bfdr_power",0.01,0
20260908,96,500,15,3000,3000,3000,3000,"fast","control_informative",0.05,5,0.01,"","separate_mirage","pleiotropy","bfdr_discoveries",0.01,0
20260908,96,500,15,3000,3000,3000,3000,"fast","control_informative",0.05,5,0.01,"","separate_mirage","pleiotropy","bfdr_observed_fdp",0.05,0
20260908,96,500,15,3000,3000,3000,3000,"fast","control_informative",0.05,5,0.01,"","separate_mirage","pleiotropy","bfdr_estimate",0.05,0
20260908,96,500,15,3000,3000,3000,3000,"fast","control_informative",0.05,5,0.01,"","separate_mirage","pleiotropy","bfdr_power",0.05,0
20260908,96,500,15,3000,3000,3000,3000,"fast","control_informative",0.05,5,0.01,"","separate_mirage","pleiotropy","bfdr_discoveries",0.05,0
20260908,96,500,15,3000,3000,3000,3000,"fast","control_informative",0.05,5,0.01,"","separate_mirage","pleiotropy","bfdr_observed_fdp",0.1,0
20260908,96,500,15,3000,3000,3000,3000,"fast","control_informative",0.05,5,0.01,"","separate_mirage","pleiotropy","bfdr_estimate",0.1,0
20260908,96,500,15,3000,3000,3000,3000,"fast","control_informative",0.05,5,0.01,"","separate_mirage","pleiotropy","bfdr_power",0.1,0
20260908,96,500,15,3000,3000,3000,3000,"fast","control_informative",0.05,5,0.01,"","separate_mirage","pleiotropy","bfdr_discoveries",0.1,0
20260908,96,500,15,3000,3000,3000,3000,"fast","control_informative",0.05,5,0.01,"","separate_mirage","pleiotropy","bfdr_observed_fdp",0.2,0
20260908,96,500,15,3000,3000,3000,3000,"fast","control_informative",0.05,5,0.01,"","separate_mirage","pleiotropy","bfdr_estimate",0.2,0
20260908,96,500,15,3000,3000,3000,3000,"fast","control_informative",0.05,5,0.01,"","separate_mirage","pleiotropy","bfdr_power",0.2,0
20260908,96,500,15,3000,3000,3000,3000,"fast","control_informative",0.05,5,0.01,"","separate_mirage","pleiotropy","bfdr_discoveries",0.2,0
20260908,96,500,15,3000,3000,3000,3000,"fast","control_informative",0.05,5,0.01,"","separate_mirage","global","runtime_seconds",NA,18.6670000000004
20260908,96,500,15,3000,3000,3000,3000,"fast","control_informative",0.05,5,0.01,"","separate_mirage","pleiotropy","pi11_estimate",NA,0.001
20260908,96,500,15,3000,3000,3000,3000,"fast","control_informative",0.05,5,0.01,"","mtada_aggregated","trait1","auc",NA,0.708884210526316
20260908,96,500,15,3000,3000,3000,3000,"fast","control_informative",0.05,5,0.01,"","mtada_aggregated","trait2","auc",NA,0.620408163265306
20260908,96,500,15,3000,3000,3000,3000,"fast","control_informative",0.05,5,0.01,"","mtada_aggregated","pleiotropy","auc",NA,0.764444444444444
20260908,96,500,15,3000,3000,3000,3000,"fast","control_informative",0.05,5,0.01,"","mtada_aggregated","trait1","pp08_power",0.8,0.24
20260908,96,500,15,3000,3000,3000,3000,"fast","control_informative",0.05,5,0.01,"","mtada_aggregated","trait1","pp08_fdp",0.8,0.833333333333333
20260908,96,500,15,3000,3000,3000,3000,"fast","control_informative",0.05,5,0.01,"","mtada_aggregated","trait1","pp08_discoveries",0.8,36
20260908,96,500,15,3000,3000,3000,3000,"fast","control_informative",0.05,5,0.01,"","mtada_aggregated","trait2","pp08_power",0.8,0.2
20260908,96,500,15,3000,3000,3000,3000,"fast","control_informative",0.05,5,0.01,"","mtada_aggregated","trait2","pp08_fdp",0.8,0.942857142857143
20260908,96,500,15,3000,3000,3000,3000,"fast","control_informative",0.05,5,0.01,"","mtada_aggregated","trait2","pp08_discoveries",0.8,35
20260908,96,500,15,3000,3000,3000,3000,"fast","control_informative",0.05,5,0.01,"","mtada_aggregated","pleiotropy","pp08_power",0.8,0.2
20260908,96,500,15,3000,3000,3000,3000,"fast","control_informative",0.05,5,0.01,"","mtada_aggregated","pleiotropy","pp08_fdp",0.8,0.8
20260908,96,500,15,3000,3000,3000,3000,"fast","control_informative",0.05,5,0.01,"","mtada_aggregated","pleiotropy","pp08_discoveries",0.8,5
20260908,96,500,15,3000,3000,3000,3000,"fast","control_informative",0.05,5,0.01,"","mtada_aggregated","trait1","bfdr_observed_fdp",0.01,0.8125
20260908,96,500,15,3000,3000,3000,3000,"fast","control_informative",0.05,5,0.01,"","mtada_aggregated","trait1","bfdr_estimate",0.01,0.00865995462813541
20260908,96,500,15,3000,3000,3000,3000,"fast","control_informative",0.05,5,0.01,"","mtada_aggregated","trait1","bfdr_power",0.01,0.24
20260908,96,500,15,3000,3000,3000,3000,"fast","control_informative",0.05,5,0.01,"","mtada_aggregated","trait1","bfdr_discoveries",0.01,32
20260908,96,500,15,3000,3000,3000,3000,"fast","control_informative",0.05,5,0.01,"","mtada_aggregated","trait1","bfdr_observed_fdp",0.05,0.825
20260908,96,500,15,3000,3000,3000,3000,"fast","control_informative",0.05,5,0.01,"","mtada_aggregated","trait1","bfdr_estimate",0.05,0.0455652879705891
20260908,96,500,15,3000,3000,3000,3000,"fast","control_informative",0.05,5,0.01,"","mtada_aggregated","trait1","bfdr_power",0.05,0.28
20260908,96,500,15,3000,3000,3000,3000,"fast","control_informative",0.05,5,0.01,"","mtada_aggregated","trait1","bfdr_discoveries",0.05,40
20260908,96,500,15,3000,3000,3000,3000,"fast","control_informative",0.05,5,0.01,"","mtada_aggregated","trait1","bfdr_observed_fdp",0.1,0.826086956521739
20260908,96,500,15,3000,3000,3000,3000,"fast","control_informative",0.05,5,0.01,"","mtada_aggregated","trait1","bfdr_estimate",0.1,0.0915537508907474
20260908,96,500,15,3000,3000,3000,3000,"fast","control_informative",0.05,5,0.01,"","mtada_aggregated","trait1","bfdr_power",0.1,0.32
20260908,96,500,15,3000,3000,3000,3000,"fast","control_informative",0.05,5,0.01,"","mtada_aggregated","trait1","bfdr_discoveries",0.1,46
20260908,96,500,15,3000,3000,3000,3000,"fast","control_informative",0.05,5,0.01,"","mtada_aggregated","trait1","bfdr_observed_fdp",0.2,0.857142857142857
20260908,96,500,15,3000,3000,3000,3000,"fast","control_informative",0.05,5,0.01,"","mtada_aggregated","trait1","bfdr_estimate",0.2,0.196348227141114
20260908,96,500,15,3000,3000,3000,3000,"fast","control_informative",0.05,5,0.01,"","mtada_aggregated","trait1","bfdr_power",0.2,0.32
20260908,96,500,15,3000,3000,3000,3000,"fast","control_informative",0.05,5,0.01,"","mtada_aggregated","trait1","bfdr_discoveries",0.2,56
20260908,96,500,15,3000,3000,3000,3000,"fast","control_informative",0.05,5,0.01,"","mtada_aggregated","trait2","bfdr_observed_fdp",0.01,0.935483870967742
20260908,96,500,15,3000,3000,3000,3000,"fast","control_informative",0.05,5,0.01,"","mtada_aggregated","trait2","bfdr_estimate",0.01,0.00913284813842313
20260908,96,500,15,3000,3000,3000,3000,"fast","control_informative",0.05,5,0.01,"","mtada_aggregated","trait2","bfdr_power",0.01,0.2
20260908,96,500,15,3000,3000,3000,3000,"fast","control_informative",0.05,5,0.01,"","mtada_aggregated","trait2","bfdr_discoveries",0.01,31
20260908,96,500,15,3000,3000,3000,3000,"fast","control_informative",0.05,5,0.01,"","mtada_aggregated","trait2","bfdr_observed_fdp",0.05,0.947368421052632
20260908,96,500,15,3000,3000,3000,3000,"fast","control_informative",0.05,5,0.01,"","mtada_aggregated","trait2","bfdr_estimate",0.05,0.0450145234364218
20260908,96,500,15,3000,3000,3000,3000,"fast","control_informative",0.05,5,0.01,"","mtada_aggregated","trait2","bfdr_power",0.05,0.2
20260908,96,500,15,3000,3000,3000,3000,"fast","control_informative",0.05,5,0.01,"","mtada_aggregated","trait2","bfdr_discoveries",0.05,38
20260908,96,500,15,3000,3000,3000,3000,"fast","control_informative",0.05,5,0.01,"","mtada_aggregated","trait2","bfdr_observed_fdp",0.1,0.953488372093023
20260908,96,500,15,3000,3000,3000,3000,"fast","control_informative",0.05,5,0.01,"","mtada_aggregated","trait2","bfdr_estimate",0.1,0.0917438868218942
20260908,96,500,15,3000,3000,3000,3000,"fast","control_informative",0.05,5,0.01,"","mtada_aggregated","trait2","bfdr_power",0.1,0.2
20260908,96,500,15,3000,3000,3000,3000,"fast","control_informative",0.05,5,0.01,"","mtada_aggregated","trait2","bfdr_discoveries",0.1,43
20260908,96,500,15,3000,3000,3000,3000,"fast","control_informative",0.05,5,0.01,"","mtada_aggregated","trait2","bfdr_observed_fdp",0.2,0.961538461538462
20260908,96,500,15,3000,3000,3000,3000,"fast","control_informative",0.05,5,0.01,"","mtada_aggregated","trait2","bfdr_estimate",0.2,0.19933323438584
20260908,96,500,15,3000,3000,3000,3000,"fast","control_informative",0.05,5,0.01,"","mtada_aggregated","trait2","bfdr_power",0.2,0.2
20260908,96,500,15,3000,3000,3000,3000,"fast","control_informative",0.05,5,0.01,"","mtada_aggregated","trait2","bfdr_discoveries",0.2,52
20260908,96,500,15,3000,3000,3000,3000,"fast","control_informative",0.05,5,0.01,"","mtada_aggregated","pleiotropy","bfdr_observed_fdp",0.01,1
20260908,96,500,15,3000,3000,3000,3000,"fast","control_informative",0.05,5,0.01,"","mtada_aggregated","pleiotropy","bfdr_estimate",0.01,0.00309825312518164
20260908,96,500,15,3000,3000,3000,3000,"fast","control_informative",0.05,5,0.01,"","mtada_aggregated","pleiotropy","bfdr_power",0.01,0
20260908,96,500,15,3000,3000,3000,3000,"fast","control_informative",0.05,5,0.01,"","mtada_aggregated","pleiotropy","bfdr_discoveries",0.01,2
20260908,96,500,15,3000,3000,3000,3000,"fast","control_informative",0.05,5,0.01,"","mtada_aggregated","pleiotropy","bfdr_observed_fdp",0.05,0.75
20260908,96,500,15,3000,3000,3000,3000,"fast","control_informative",0.05,5,0.01,"","mtada_aggregated","pleiotropy","bfdr_estimate",0.05,0.0264275128587461
20260908,96,500,15,3000,3000,3000,3000,"fast","control_informative",0.05,5,0.01,"","mtada_aggregated","pleiotropy","bfdr_power",0.05,0.2
20260908,96,500,15,3000,3000,3000,3000,"fast","control_informative",0.05,5,0.01,"","mtada_aggregated","pleiotropy","bfdr_discoveries",0.05,4
20260908,96,500,15,3000,3000,3000,3000,"fast","control_informative",0.05,5,0.01,"","mtada_aggregated","pleiotropy","bfdr_observed_fdp",0.1,0.8
20260908,96,500,15,3000,3000,3000,3000,"fast","control_informative",0.05,5,0.01,"","mtada_aggregated","pleiotropy","bfdr_estimate",0.1,0.0584851354394622
20260908,96,500,15,3000,3000,3000,3000,"fast","control_informative",0.05,5,0.01,"","mtada_aggregated","pleiotropy","bfdr_power",0.1,0.2
20260908,96,500,15,3000,3000,3000,3000,"fast","control_informative",0.05,5,0.01,"","mtada_aggregated","pleiotropy","bfdr_discoveries",0.1,5
20260908,96,500,15,3000,3000,3000,3000,"fast","control_informative",0.05,5,0.01,"","mtada_aggregated","pleiotropy","bfdr_observed_fdp",0.2,0.875
20260908,96,500,15,3000,3000,3000,3000,"fast","control_informative",0.05,5,0.01,"","mtada_aggregated","pleiotropy","bfdr_estimate",0.2,0.173722284977177
20260908,96,500,15,3000,3000,3000,3000,"fast","control_informative",0.05,5,0.01,"","mtada_aggregated","pleiotropy","bfdr_power",0.2,0.2
20260908,96,500,15,3000,3000,3000,3000,"fast","control_informative",0.05,5,0.01,"","mtada_aggregated","pleiotropy","bfdr_discoveries",0.2,8
20260908,96,500,15,3000,3000,3000,3000,"fast","control_informative",0.05,5,0.01,"","mtada_aggregated","global","runtime_seconds",NA,0.717000000000098
20260908,96,500,15,3000,3000,3000,3000,"fast","control_informative",0.05,5,0.01,"","mtada_aggregated","pleiotropy","pi11_estimate",NA,0.00388242
20260909,97,500,15,3000,3000,3000,3000,"fast","control_informative",0.05,5,0.01,"","mirage_joint","trait1","auc",NA,0.747452631578947
20260909,97,500,15,3000,3000,3000,3000,"fast","control_informative",0.05,5,0.01,"","mirage_joint","trait2","auc",NA,0.637755102040816
20260909,97,500,15,3000,3000,3000,3000,"fast","control_informative",0.05,5,0.01,"","mirage_joint","pleiotropy","auc",NA,0.793131313131313
20260909,97,500,15,3000,3000,3000,3000,"fast","control_informative",0.05,5,0.01,"","mirage_joint","trait1","pp08_power",0.8,0.12
20260909,97,500,15,3000,3000,3000,3000,"fast","control_informative",0.05,5,0.01,"","mirage_joint","trait1","pp08_fdp",0.8,0
20260909,97,500,15,3000,3000,3000,3000,"fast","control_informative",0.05,5,0.01,"","mirage_joint","trait1","pp08_discoveries",0.8,3
20260909,97,500,15,3000,3000,3000,3000,"fast","control_informative",0.05,5,0.01,"","mirage_joint","trait2","pp08_power",0.8,0.1
20260909,97,500,15,3000,3000,3000,3000,"fast","control_informative",0.05,5,0.01,"","mirage_joint","trait2","pp08_fdp",0.8,0
20260909,97,500,15,3000,3000,3000,3000,"fast","control_informative",0.05,5,0.01,"","mirage_joint","trait2","pp08_discoveries",0.8,1
20260909,97,500,15,3000,3000,3000,3000,"fast","control_informative",0.05,5,0.01,"","mirage_joint","pleiotropy","pp08_power",0.8,0.2
20260909,97,500,15,3000,3000,3000,3000,"fast","control_informative",0.05,5,0.01,"","mirage_joint","pleiotropy","pp08_fdp",0.8,0
20260909,97,500,15,3000,3000,3000,3000,"fast","control_informative",0.05,5,0.01,"","mirage_joint","pleiotropy","pp08_discoveries",0.8,1
20260909,97,500,15,3000,3000,3000,3000,"fast","control_informative",0.05,5,0.01,"","mirage_joint","trait1","bfdr_observed_fdp",0.01,0
20260909,97,500,15,3000,3000,3000,3000,"fast","control_informative",0.05,5,0.01,"","mirage_joint","trait1","bfdr_estimate",0.01,0.00140527175948235
20260909,97,500,15,3000,3000,3000,3000,"fast","control_informative",0.05,5,0.01,"","mirage_joint","trait1","bfdr_power",0.01,0.12
20260909,97,500,15,3000,3000,3000,3000,"fast","control_informative",0.05,5,0.01,"","mirage_joint","trait1","bfdr_discoveries",0.01,3
20260909,97,500,15,3000,3000,3000,3000,"fast","control_informative",0.05,5,0.01,"","mirage_joint","trait1","bfdr_observed_fdp",0.05,0
20260909,97,500,15,3000,3000,3000,3000,"fast","control_informative",0.05,5,0.01,"","mirage_joint","trait1","bfdr_estimate",0.05,0.00140527175948235
20260909,97,500,15,3000,3000,3000,3000,"fast","control_informative",0.05,5,0.01,"","mirage_joint","trait1","bfdr_power",0.05,0.12
20260909,97,500,15,3000,3000,3000,3000,"fast","control_informative",0.05,5,0.01,"","mirage_joint","trait1","bfdr_discoveries",0.05,3
20260909,97,500,15,3000,3000,3000,3000,"fast","control_informative",0.05,5,0.01,"","mirage_joint","trait1","bfdr_observed_fdp",0.1,0.25
20260909,97,500,15,3000,3000,3000,3000,"fast","control_informative",0.05,5,0.01,"","mirage_joint","trait1","bfdr_estimate",0.1,0.0646674472858734
20260909,97,500,15,3000,3000,3000,3000,"fast","control_informative",0.05,5,0.01,"","mirage_joint","trait1","bfdr_power",0.1,0.12
20260909,97,500,15,3000,3000,3000,3000,"fast","control_informative",0.05,5,0.01,"","mirage_joint","trait1","bfdr_discoveries",0.1,4
20260909,97,500,15,3000,3000,3000,3000,"fast","control_informative",0.05,5,0.01,"","mirage_joint","trait1","bfdr_observed_fdp",0.2,0.166666666666667
20260909,97,500,15,3000,3000,3000,3000,"fast","control_informative",0.05,5,0.01,"","mirage_joint","trait1","bfdr_estimate",0.2,0.178004176484342
20260909,97,500,15,3000,3000,3000,3000,"fast","control_informative",0.05,5,0.01,"","mirage_joint","trait1","bfdr_power",0.2,0.2
20260909,97,500,15,3000,3000,3000,3000,"fast","control_informative",0.05,5,0.01,"","mirage_joint","trait1","bfdr_discoveries",0.2,6
20260909,97,500,15,3000,3000,3000,3000,"fast","control_informative",0.05,5,0.01,"","mirage_joint","trait2","bfdr_observed_fdp",0.01,0
20260909,97,500,15,3000,3000,3000,3000,"fast","control_informative",0.05,5,0.01,"","mirage_joint","trait2","bfdr_estimate",0.01,-2.22044604925031e-16
20260909,97,500,15,3000,3000,3000,3000,"fast","control_informative",0.05,5,0.01,"","mirage_joint","trait2","bfdr_power",0.01,0.1
20260909,97,500,15,3000,3000,3000,3000,"fast","control_informative",0.05,5,0.01,"","mirage_joint","trait2","bfdr_discoveries",0.01,1
20260909,97,500,15,3000,3000,3000,3000,"fast","control_informative",0.05,5,0.01,"","mirage_joint","trait2","bfdr_observed_fdp",0.05,0
20260909,97,500,15,3000,3000,3000,3000,"fast","control_informative",0.05,5,0.01,"","mirage_joint","trait2","bfdr_estimate",0.05,-2.22044604925031e-16
20260909,97,500,15,3000,3000,3000,3000,"fast","control_informative",0.05,5,0.01,"","mirage_joint","trait2","bfdr_power",0.05,0.1
20260909,97,500,15,3000,3000,3000,3000,"fast","control_informative",0.05,5,0.01,"","mirage_joint","trait2","bfdr_discoveries",0.05,1
20260909,97,500,15,3000,3000,3000,3000,"fast","control_informative",0.05,5,0.01,"","mirage_joint","trait2","bfdr_observed_fdp",0.1,0
20260909,97,500,15,3000,3000,3000,3000,"fast","control_informative",0.05,5,0.01,"","mirage_joint","trait2","bfdr_estimate",0.1,-2.22044604925031e-16
20260909,97,500,15,3000,3000,3000,3000,"fast","control_informative",0.05,5,0.01,"","mirage_joint","trait2","bfdr_power",0.1,0.1
20260909,97,500,15,3000,3000,3000,3000,"fast","control_informative",0.05,5,0.01,"","mirage_joint","trait2","bfdr_discoveries",0.1,1
20260909,97,500,15,3000,3000,3000,3000,"fast","control_informative",0.05,5,0.01,"","mirage_joint","trait2","bfdr_observed_fdp",0.2,0.5
20260909,97,500,15,3000,3000,3000,3000,"fast","control_informative",0.05,5,0.01,"","mirage_joint","trait2","bfdr_estimate",0.2,0.120423997445699
20260909,97,500,15,3000,3000,3000,3000,"fast","control_informative",0.05,5,0.01,"","mirage_joint","trait2","bfdr_power",0.2,0.1
20260909,97,500,15,3000,3000,3000,3000,"fast","control_informative",0.05,5,0.01,"","mirage_joint","trait2","bfdr_discoveries",0.2,2
20260909,97,500,15,3000,3000,3000,3000,"fast","control_informative",0.05,5,0.01,"","mirage_joint","pleiotropy","bfdr_observed_fdp",0.01,0
20260909,97,500,15,3000,3000,3000,3000,"fast","control_informative",0.05,5,0.01,"","mirage_joint","pleiotropy","bfdr_estimate",0.01,0.0040379952084012
20260909,97,500,15,3000,3000,3000,3000,"fast","control_informative",0.05,5,0.01,"","mirage_joint","pleiotropy","bfdr_power",0.01,0.2
20260909,97,500,15,3000,3000,3000,3000,"fast","control_informative",0.05,5,0.01,"","mirage_joint","pleiotropy","bfdr_discoveries",0.01,1
20260909,97,500,15,3000,3000,3000,3000,"fast","control_informative",0.05,5,0.01,"","mirage_joint","pleiotropy","bfdr_observed_fdp",0.05,0
20260909,97,500,15,3000,3000,3000,3000,"fast","control_informative",0.05,5,0.01,"","mirage_joint","pleiotropy","bfdr_estimate",0.05,0.0040379952084012
20260909,97,500,15,3000,3000,3000,3000,"fast","control_informative",0.05,5,0.01,"","mirage_joint","pleiotropy","bfdr_power",0.05,0.2
20260909,97,500,15,3000,3000,3000,3000,"fast","control_informative",0.05,5,0.01,"","mirage_joint","pleiotropy","bfdr_discoveries",0.05,1
20260909,97,500,15,3000,3000,3000,3000,"fast","control_informative",0.05,5,0.01,"","mirage_joint","pleiotropy","bfdr_observed_fdp",0.1,0
20260909,97,500,15,3000,3000,3000,3000,"fast","control_informative",0.05,5,0.01,"","mirage_joint","pleiotropy","bfdr_estimate",0.1,0.0040379952084012
20260909,97,500,15,3000,3000,3000,3000,"fast","control_informative",0.05,5,0.01,"","mirage_joint","pleiotropy","bfdr_power",0.1,0.2
20260909,97,500,15,3000,3000,3000,3000,"fast","control_informative",0.05,5,0.01,"","mirage_joint","pleiotropy","bfdr_discoveries",0.1,1
20260909,97,500,15,3000,3000,3000,3000,"fast","control_informative",0.05,5,0.01,"","mirage_joint","pleiotropy","bfdr_observed_fdp",0.2,0.5
20260909,97,500,15,3000,3000,3000,3000,"fast","control_informative",0.05,5,0.01,"","mirage_joint","pleiotropy","bfdr_estimate",0.2,0.137393261472952
20260909,97,500,15,3000,3000,3000,3000,"fast","control_informative",0.05,5,0.01,"","mirage_joint","pleiotropy","bfdr_power",0.2,0.2
20260909,97,500,15,3000,3000,3000,3000,"fast","control_informative",0.05,5,0.01,"","mirage_joint","pleiotropy","bfdr_discoveries",0.2,2
20260909,97,500,15,3000,3000,3000,3000,"fast","control_informative",0.05,5,0.01,"","mirage_joint","global","runtime_seconds",NA,19.096
20260909,97,500,15,3000,3000,3000,3000,"fast","control_informative",0.05,5,0.01,"","mirage_joint","pleiotropy","pi11_estimate",NA,0.0176955896704413
20260909,97,500,15,3000,3000,3000,3000,"fast","control_informative",0.05,5,0.01,"","separate_mirage","trait1","auc",NA,0.745094736842105
20260909,97,500,15,3000,3000,3000,3000,"fast","control_informative",0.05,5,0.01,"","separate_mirage","trait2","auc",NA,0.586122448979592
20260909,97,500,15,3000,3000,3000,3000,"fast","control_informative",0.05,5,0.01,"","separate_mirage","pleiotropy","auc",NA,0.814949494949495
20260909,97,500,15,3000,3000,3000,3000,"fast","control_informative",0.05,5,0.01,"","separate_mirage","trait1","pp08_power",0.8,0.08
20260909,97,500,15,3000,3000,3000,3000,"fast","control_informative",0.05,5,0.01,"","separate_mirage","trait1","pp08_fdp",0.8,0
20260909,97,500,15,3000,3000,3000,3000,"fast","control_informative",0.05,5,0.01,"","separate_mirage","trait1","pp08_discoveries",0.8,2
20260909,97,500,15,3000,3000,3000,3000,"fast","control_informative",0.05,5,0.01,"","separate_mirage","trait2","pp08_power",0.8,0.1
20260909,97,500,15,3000,3000,3000,3000,"fast","control_informative",0.05,5,0.01,"","separate_mirage","trait2","pp08_fdp",0.8,0
20260909,97,500,15,3000,3000,3000,3000,"fast","control_informative",0.05,5,0.01,"","separate_mirage","trait2","pp08_discoveries",0.8,1
20260909,97,500,15,3000,3000,3000,3000,"fast","control_informative",0.05,5,0.01,"","separate_mirage","pleiotropy","pp08_power",0.8,0
20260909,97,500,15,3000,3000,3000,3000,"fast","control_informative",0.05,5,0.01,"","separate_mirage","pleiotropy","pp08_fdp",0.8,0
20260909,97,500,15,3000,3000,3000,3000,"fast","control_informative",0.05,5,0.01,"","separate_mirage","pleiotropy","pp08_discoveries",0.8,0
20260909,97,500,15,3000,3000,3000,3000,"fast","control_informative",0.05,5,0.01,"","separate_mirage","trait1","bfdr_observed_fdp",0.01,0
20260909,97,500,15,3000,3000,3000,3000,"fast","control_informative",0.05,5,0.01,"","separate_mirage","trait1","bfdr_estimate",0.01,8.56140686668616e-05
20260909,97,500,15,3000,3000,3000,3000,"fast","control_informative",0.05,5,0.01,"","separate_mirage","trait1","bfdr_power",0.01,0.08
20260909,97,500,15,3000,3000,3000,3000,"fast","control_informative",0.05,5,0.01,"","separate_mirage","trait1","bfdr_discoveries",0.01,2
20260909,97,500,15,3000,3000,3000,3000,"fast","control_informative",0.05,5,0.01,"","separate_mirage","trait1","bfdr_observed_fdp",0.05,0
20260909,97,500,15,3000,3000,3000,3000,"fast","control_informative",0.05,5,0.01,"","separate_mirage","trait1","bfdr_estimate",0.05,8.56140686668616e-05
20260909,97,500,15,3000,3000,3000,3000,"fast","control_informative",0.05,5,0.01,"","separate_mirage","trait1","bfdr_power",0.05,0.08
20260909,97,500,15,3000,3000,3000,3000,"fast","control_informative",0.05,5,0.01,"","separate_mirage","trait1","bfdr_discoveries",0.05,2
20260909,97,500,15,3000,3000,3000,3000,"fast","control_informative",0.05,5,0.01,"","separate_mirage","trait1","bfdr_observed_fdp",0.1,0
20260909,97,500,15,3000,3000,3000,3000,"fast","control_informative",0.05,5,0.01,"","separate_mirage","trait1","bfdr_estimate",0.1,8.56140686668616e-05
20260909,97,500,15,3000,3000,3000,3000,"fast","control_informative",0.05,5,0.01,"","separate_mirage","trait1","bfdr_power",0.1,0.08
20260909,97,500,15,3000,3000,3000,3000,"fast","control_informative",0.05,5,0.01,"","separate_mirage","trait1","bfdr_discoveries",0.1,2
20260909,97,500,15,3000,3000,3000,3000,"fast","control_informative",0.05,5,0.01,"","separate_mirage","trait1","bfdr_observed_fdp",0.2,0
20260909,97,500,15,3000,3000,3000,3000,"fast","control_informative",0.05,5,0.01,"","separate_mirage","trait1","bfdr_estimate",0.2,0.141831882456064
20260909,97,500,15,3000,3000,3000,3000,"fast","control_informative",0.05,5,0.01,"","separate_mirage","trait1","bfdr_power",0.2,0.12
20260909,97,500,15,3000,3000,3000,3000,"fast","control_informative",0.05,5,0.01,"","separate_mirage","trait1","bfdr_discoveries",0.2,3
20260909,97,500,15,3000,3000,3000,3000,"fast","control_informative",0.05,5,0.01,"","separate_mirage","trait2","bfdr_observed_fdp",0.01,0
20260909,97,500,15,3000,3000,3000,3000,"fast","control_informative",0.05,5,0.01,"","separate_mirage","trait2","bfdr_estimate",0.01,-1.99840144432528e-15
20260909,97,500,15,3000,3000,3000,3000,"fast","control_informative",0.05,5,0.01,"","separate_mirage","trait2","bfdr_power",0.01,0.1
20260909,97,500,15,3000,3000,3000,3000,"fast","control_informative",0.05,5,0.01,"","separate_mirage","trait2","bfdr_discoveries",0.01,1
20260909,97,500,15,3000,3000,3000,3000,"fast","control_informative",0.05,5,0.01,"","separate_mirage","trait2","bfdr_observed_fdp",0.05,0
20260909,97,500,15,3000,3000,3000,3000,"fast","control_informative",0.05,5,0.01,"","separate_mirage","trait2","bfdr_estimate",0.05,-1.99840144432528e-15
20260909,97,500,15,3000,3000,3000,3000,"fast","control_informative",0.05,5,0.01,"","separate_mirage","trait2","bfdr_power",0.05,0.1
20260909,97,500,15,3000,3000,3000,3000,"fast","control_informative",0.05,5,0.01,"","separate_mirage","trait2","bfdr_discoveries",0.05,1
20260909,97,500,15,3000,3000,3000,3000,"fast","control_informative",0.05,5,0.01,"","separate_mirage","trait2","bfdr_observed_fdp",0.1,0
20260909,97,500,15,3000,3000,3000,3000,"fast","control_informative",0.05,5,0.01,"","separate_mirage","trait2","bfdr_estimate",0.1,-1.99840144432528e-15
20260909,97,500,15,3000,3000,3000,3000,"fast","control_informative",0.05,5,0.01,"","separate_mirage","trait2","bfdr_power",0.1,0.1
20260909,97,500,15,3000,3000,3000,3000,"fast","control_informative",0.05,5,0.01,"","separate_mirage","trait2","bfdr_discoveries",0.1,1
20260909,97,500,15,3000,3000,3000,3000,"fast","control_informative",0.05,5,0.01,"","separate_mirage","trait2","bfdr_observed_fdp",0.2,0.666666666666667
20260909,97,500,15,3000,3000,3000,3000,"fast","control_informative",0.05,5,0.01,"","separate_mirage","trait2","bfdr_estimate",0.2,0.147285049087645
20260909,97,500,15,3000,3000,3000,3000,"fast","control_informative",0.05,5,0.01,"","separate_mirage","trait2","bfdr_power",0.2,0.1
20260909,97,500,15,3000,3000,3000,3000,"fast","control_informative",0.05,5,0.01,"","separate_mirage","trait2","bfdr_discoveries",0.2,3
20260909,97,500,15,3000,3000,3000,3000,"fast","control_informative",0.05,5,0.01,"","separate_mirage","pleiotropy","bfdr_observed_fdp",0.01,0
20260909,97,500,15,3000,3000,3000,3000,"fast","control_informative",0.05,5,0.01,"","separate_mirage","pleiotropy","bfdr_estimate",0.01,0
20260909,97,500,15,3000,3000,3000,3000,"fast","control_informative",0.05,5,0.01,"","separate_mirage","pleiotropy","bfdr_power",0.01,0
20260909,97,500,15,3000,3000,3000,3000,"fast","control_informative",0.05,5,0.01,"","separate_mirage","pleiotropy","bfdr_discoveries",0.01,0
20260909,97,500,15,3000,3000,3000,3000,"fast","control_informative",0.05,5,0.01,"","separate_mirage","pleiotropy","bfdr_observed_fdp",0.05,0
20260909,97,500,15,3000,3000,3000,3000,"fast","control_informative",0.05,5,0.01,"","separate_mirage","pleiotropy","bfdr_estimate",0.05,0
20260909,97,500,15,3000,3000,3000,3000,"fast","control_informative",0.05,5,0.01,"","separate_mirage","pleiotropy","bfdr_power",0.05,0
20260909,97,500,15,3000,3000,3000,3000,"fast","control_informative",0.05,5,0.01,"","separate_mirage","pleiotropy","bfdr_discoveries",0.05,0
20260909,97,500,15,3000,3000,3000,3000,"fast","control_informative",0.05,5,0.01,"","separate_mirage","pleiotropy","bfdr_observed_fdp",0.1,0
20260909,97,500,15,3000,3000,3000,3000,"fast","control_informative",0.05,5,0.01,"","separate_mirage","pleiotropy","bfdr_estimate",0.1,0
20260909,97,500,15,3000,3000,3000,3000,"fast","control_informative",0.05,5,0.01,"","separate_mirage","pleiotropy","bfdr_power",0.1,0
20260909,97,500,15,3000,3000,3000,3000,"fast","control_informative",0.05,5,0.01,"","separate_mirage","pleiotropy","bfdr_discoveries",0.1,0
20260909,97,500,15,3000,3000,3000,3000,"fast","control_informative",0.05,5,0.01,"","separate_mirage","pleiotropy","bfdr_observed_fdp",0.2,0
20260909,97,500,15,3000,3000,3000,3000,"fast","control_informative",0.05,5,0.01,"","separate_mirage","pleiotropy","bfdr_estimate",0.2,0
20260909,97,500,15,3000,3000,3000,3000,"fast","control_informative",0.05,5,0.01,"","separate_mirage","pleiotropy","bfdr_power",0.2,0
20260909,97,500,15,3000,3000,3000,3000,"fast","control_informative",0.05,5,0.01,"","separate_mirage","pleiotropy","bfdr_discoveries",0.2,0
20260909,97,500,15,3000,3000,3000,3000,"fast","control_informative",0.05,5,0.01,"","separate_mirage","global","runtime_seconds",NA,18.5619999999999
20260909,97,500,15,3000,3000,3000,3000,"fast","control_informative",0.05,5,0.01,"","separate_mirage","pleiotropy","pi11_estimate",NA,0.001
20260909,97,500,15,3000,3000,3000,3000,"fast","control_informative",0.05,5,0.01,"","mtada_aggregated","trait1","auc",NA,0.743242105263158
20260909,97,500,15,3000,3000,3000,3000,"fast","control_informative",0.05,5,0.01,"","mtada_aggregated","trait2","auc",NA,0.642448979591837
20260909,97,500,15,3000,3000,3000,3000,"fast","control_informative",0.05,5,0.01,"","mtada_aggregated","pleiotropy","auc",NA,0.765656565656566
20260909,97,500,15,3000,3000,3000,3000,"fast","control_informative",0.05,5,0.01,"","mtada_aggregated","trait1","pp08_power",0.8,0.32
20260909,97,500,15,3000,3000,3000,3000,"fast","control_informative",0.05,5,0.01,"","mtada_aggregated","trait1","pp08_fdp",0.8,0.849056603773585
20260909,97,500,15,3000,3000,3000,3000,"fast","control_informative",0.05,5,0.01,"","mtada_aggregated","trait1","pp08_discoveries",0.8,53
20260909,97,500,15,3000,3000,3000,3000,"fast","control_informative",0.05,5,0.01,"","mtada_aggregated","trait2","pp08_power",0.8,0.1
20260909,97,500,15,3000,3000,3000,3000,"fast","control_informative",0.05,5,0.01,"","mtada_aggregated","trait2","pp08_fdp",0.8,0.967741935483871
20260909,97,500,15,3000,3000,3000,3000,"fast","control_informative",0.05,5,0.01,"","mtada_aggregated","trait2","pp08_discoveries",0.8,31
20260909,97,500,15,3000,3000,3000,3000,"fast","control_informative",0.05,5,0.01,"","mtada_aggregated","pleiotropy","pp08_power",0.8,0.2
20260909,97,500,15,3000,3000,3000,3000,"fast","control_informative",0.05,5,0.01,"","mtada_aggregated","pleiotropy","pp08_fdp",0.8,0.8
20260909,97,500,15,3000,3000,3000,3000,"fast","control_informative",0.05,5,0.01,"","mtada_aggregated","pleiotropy","pp08_discoveries",0.8,5
20260909,97,500,15,3000,3000,3000,3000,"fast","control_informative",0.05,5,0.01,"","mtada_aggregated","trait1","bfdr_observed_fdp",0.01,0.829787234042553
20260909,97,500,15,3000,3000,3000,3000,"fast","control_informative",0.05,5,0.01,"","mtada_aggregated","trait1","bfdr_estimate",0.01,0.00992352394604949
20260909,97,500,15,3000,3000,3000,3000,"fast","control_informative",0.05,5,0.01,"","mtada_aggregated","trait1","bfdr_power",0.01,0.32
20260909,97,500,15,3000,3000,3000,3000,"fast","control_informative",0.05,5,0.01,"","mtada_aggregated","trait1","bfdr_discoveries",0.01,47
20260909,97,500,15,3000,3000,3000,3000,"fast","control_informative",0.05,5,0.01,"","mtada_aggregated","trait1","bfdr_observed_fdp",0.05,0.852459016393443
20260909,97,500,15,3000,3000,3000,3000,"fast","control_informative",0.05,5,0.01,"","mtada_aggregated","trait1","bfdr_estimate",0.05,0.0488796386424592
20260909,97,500,15,3000,3000,3000,3000,"fast","control_informative",0.05,5,0.01,"","mtada_aggregated","trait1","bfdr_power",0.05,0.36
20260909,97,500,15,3000,3000,3000,3000,"fast","control_informative",0.05,5,0.01,"","mtada_aggregated","trait1","bfdr_discoveries",0.05,61
20260909,97,500,15,3000,3000,3000,3000,"fast","control_informative",0.05,5,0.01,"","mtada_aggregated","trait1","bfdr_observed_fdp",0.1,0.859154929577465
20260909,97,500,15,3000,3000,3000,3000,"fast","control_informative",0.05,5,0.01,"","mtada_aggregated","trait1","bfdr_estimate",0.1,0.0985462084548673
20260909,97,500,15,3000,3000,3000,3000,"fast","control_informative",0.05,5,0.01,"","mtada_aggregated","trait1","bfdr_power",0.1,0.4
20260909,97,500,15,3000,3000,3000,3000,"fast","control_informative",0.05,5,0.01,"","mtada_aggregated","trait1","bfdr_discoveries",0.1,71
20260909,97,500,15,3000,3000,3000,3000,"fast","control_informative",0.05,5,0.01,"","mtada_aggregated","trait1","bfdr_observed_fdp",0.2,0.870588235294118
20260909,97,500,15,3000,3000,3000,3000,"fast","control_informative",0.05,5,0.01,"","mtada_aggregated","trait1","bfdr_estimate",0.2,0.194676887478963
20260909,97,500,15,3000,3000,3000,3000,"fast","control_informative",0.05,5,0.01,"","mtada_aggregated","trait1","bfdr_power",0.2,0.44
20260909,97,500,15,3000,3000,3000,3000,"fast","control_informative",0.05,5,0.01,"","mtada_aggregated","trait1","bfdr_discoveries",0.2,85
20260909,97,500,15,3000,3000,3000,3000,"fast","control_informative",0.05,5,0.01,"","mtada_aggregated","trait2","bfdr_observed_fdp",0.01,0.96
20260909,97,500,15,3000,3000,3000,3000,"fast","control_informative",0.05,5,0.01,"","mtada_aggregated","trait2","bfdr_estimate",0.01,0.0089323687175703
20260909,97,500,15,3000,3000,3000,3000,"fast","control_informative",0.05,5,0.01,"","mtada_aggregated","trait2","bfdr_power",0.01,0.1
20260909,97,500,15,3000,3000,3000,3000,"fast","control_informative",0.05,5,0.01,"","mtada_aggregated","trait2","bfdr_discoveries",0.01,25
20260909,97,500,15,3000,3000,3000,3000,"fast","control_informative",0.05,5,0.01,"","mtada_aggregated","trait2","bfdr_observed_fdp",0.05,0.96969696969697
20260909,97,500,15,3000,3000,3000,3000,"fast","control_informative",0.05,5,0.01,"","mtada_aggregated","trait2","bfdr_estimate",0.05,0.0472526273663337
20260909,97,500,15,3000,3000,3000,3000,"fast","control_informative",0.05,5,0.01,"","mtada_aggregated","trait2","bfdr_power",0.05,0.1
20260909,97,500,15,3000,3000,3000,3000,"fast","control_informative",0.05,5,0.01,"","mtada_aggregated","trait2","bfdr_discoveries",0.05,33
20260909,97,500,15,3000,3000,3000,3000,"fast","control_informative",0.05,5,0.01,"","mtada_aggregated","trait2","bfdr_observed_fdp",0.1,0.972972972972973
20260909,97,500,15,3000,3000,3000,3000,"fast","control_informative",0.05,5,0.01,"","mtada_aggregated","trait2","bfdr_estimate",0.1,0.0887237124588733
20260909,97,500,15,3000,3000,3000,3000,"fast","control_informative",0.05,5,0.01,"","mtada_aggregated","trait2","bfdr_power",0.1,0.1
20260909,97,500,15,3000,3000,3000,3000,"fast","control_informative",0.05,5,0.01,"","mtada_aggregated","trait2","bfdr_discoveries",0.1,37
20260909,97,500,15,3000,3000,3000,3000,"fast","control_informative",0.05,5,0.01,"","mtada_aggregated","trait2","bfdr_observed_fdp",0.2,0.977777777777778
20260909,97,500,15,3000,3000,3000,3000,"fast","control_informative",0.05,5,0.01,"","mtada_aggregated","trait2","bfdr_estimate",0.2,0.192732241730407
20260909,97,500,15,3000,3000,3000,3000,"fast","control_informative",0.05,5,0.01,"","mtada_aggregated","trait2","bfdr_power",0.2,0.1
20260909,97,500,15,3000,3000,3000,3000,"fast","control_informative",0.05,5,0.01,"","mtada_aggregated","trait2","bfdr_discoveries",0.2,45
20260909,97,500,15,3000,3000,3000,3000,"fast","control_informative",0.05,5,0.01,"","mtada_aggregated","pleiotropy","bfdr_observed_fdp",0.01,0.75
20260909,97,500,15,3000,3000,3000,3000,"fast","control_informative",0.05,5,0.01,"","mtada_aggregated","pleiotropy","bfdr_estimate",0.01,0.00784796710279659
20260909,97,500,15,3000,3000,3000,3000,"fast","control_informative",0.05,5,0.01,"","mtada_aggregated","pleiotropy","bfdr_power",0.01,0.2
20260909,97,500,15,3000,3000,3000,3000,"fast","control_informative",0.05,5,0.01,"","mtada_aggregated","pleiotropy","bfdr_discoveries",0.01,4
20260909,97,500,15,3000,3000,3000,3000,"fast","control_informative",0.05,5,0.01,"","mtada_aggregated","pleiotropy","bfdr_observed_fdp",0.05,0.8
20260909,97,500,15,3000,3000,3000,3000,"fast","control_informative",0.05,5,0.01,"","mtada_aggregated","pleiotropy","bfdr_estimate",0.05,0.0162872418273402
20260909,97,500,15,3000,3000,3000,3000,"fast","control_informative",0.05,5,0.01,"","mtada_aggregated","pleiotropy","bfdr_power",0.05,0.2
20260909,97,500,15,3000,3000,3000,3000,"fast","control_informative",0.05,5,0.01,"","mtada_aggregated","pleiotropy","bfdr_discoveries",0.05,5
20260909,97,500,15,3000,3000,3000,3000,"fast","control_informative",0.05,5,0.01,"","mtada_aggregated","pleiotropy","bfdr_observed_fdp",0.1,0.833333333333333
20260909,97,500,15,3000,3000,3000,3000,"fast","control_informative",0.05,5,0.01,"","mtada_aggregated","pleiotropy","bfdr_estimate",0.1,0.0622301543037755
20260909,97,500,15,3000,3000,3000,3000,"fast","control_informative",0.05,5,0.01,"","mtada_aggregated","pleiotropy","bfdr_power",0.1,0.2
20260909,97,500,15,3000,3000,3000,3000,"fast","control_informative",0.05,5,0.01,"","mtada_aggregated","pleiotropy","bfdr_discoveries",0.1,6
20260909,97,500,15,3000,3000,3000,3000,"fast","control_informative",0.05,5,0.01,"","mtada_aggregated","pleiotropy","bfdr_observed_fdp",0.2,0.875
20260909,97,500,15,3000,3000,3000,3000,"fast","control_informative",0.05,5,0.01,"","mtada_aggregated","pleiotropy","bfdr_estimate",0.2,0.160404780947406
20260909,97,500,15,3000,3000,3000,3000,"fast","control_informative",0.05,5,0.01,"","mtada_aggregated","pleiotropy","bfdr_power",0.2,0.2
20260909,97,500,15,3000,3000,3000,3000,"fast","control_informative",0.05,5,0.01,"","mtada_aggregated","pleiotropy","bfdr_discoveries",0.2,8
20260909,97,500,15,3000,3000,3000,3000,"fast","control_informative",0.05,5,0.01,"","mtada_aggregated","global","runtime_seconds",NA,0.692000000000007
20260909,97,500,15,3000,3000,3000,3000,"fast","control_informative",0.05,5,0.01,"","mtada_aggregated","pleiotropy","pi11_estimate",NA,0.000866222
20260910,98,500,15,3000,3000,3000,3000,"fast","control_informative",0.05,5,0.01,"","mirage_joint","trait1","auc",NA,0.67418947368421
20260910,98,500,15,3000,3000,3000,3000,"fast","control_informative",0.05,5,0.01,"","mirage_joint","trait2","auc",NA,0.847142857142857
20260910,98,500,15,3000,3000,3000,3000,"fast","control_informative",0.05,5,0.01,"","mirage_joint","pleiotropy","auc",NA,0.888484848484848
20260910,98,500,15,3000,3000,3000,3000,"fast","control_informative",0.05,5,0.01,"","mirage_joint","trait1","pp08_power",0.8,0.12
20260910,98,500,15,3000,3000,3000,3000,"fast","control_informative",0.05,5,0.01,"","mirage_joint","trait1","pp08_fdp",0.8,0
20260910,98,500,15,3000,3000,3000,3000,"fast","control_informative",0.05,5,0.01,"","mirage_joint","trait1","pp08_discoveries",0.8,3
20260910,98,500,15,3000,3000,3000,3000,"fast","control_informative",0.05,5,0.01,"","mirage_joint","trait2","pp08_power",0.8,0.3
20260910,98,500,15,3000,3000,3000,3000,"fast","control_informative",0.05,5,0.01,"","mirage_joint","trait2","pp08_fdp",0.8,0.25
20260910,98,500,15,3000,3000,3000,3000,"fast","control_informative",0.05,5,0.01,"","mirage_joint","trait2","pp08_discoveries",0.8,4
20260910,98,500,15,3000,3000,3000,3000,"fast","control_informative",0.05,5,0.01,"","mirage_joint","pleiotropy","pp08_power",0.8,0.2
20260910,98,500,15,3000,3000,3000,3000,"fast","control_informative",0.05,5,0.01,"","mirage_joint","pleiotropy","pp08_fdp",0.8,0.5
20260910,98,500,15,3000,3000,3000,3000,"fast","control_informative",0.05,5,0.01,"","mirage_joint","pleiotropy","pp08_discoveries",0.8,2
20260910,98,500,15,3000,3000,3000,3000,"fast","control_informative",0.05,5,0.01,"","mirage_joint","trait1","bfdr_observed_fdp",0.01,0
20260910,98,500,15,3000,3000,3000,3000,"fast","control_informative",0.05,5,0.01,"","mirage_joint","trait1","bfdr_estimate",0.01,0.00090007176524276
20260910,98,500,15,3000,3000,3000,3000,"fast","control_informative",0.05,5,0.01,"","mirage_joint","trait1","bfdr_power",0.01,0.04
20260910,98,500,15,3000,3000,3000,3000,"fast","control_informative",0.05,5,0.01,"","mirage_joint","trait1","bfdr_discoveries",0.01,1
20260910,98,500,15,3000,3000,3000,3000,"fast","control_informative",0.05,5,0.01,"","mirage_joint","trait1","bfdr_observed_fdp",0.05,0
20260910,98,500,15,3000,3000,3000,3000,"fast","control_informative",0.05,5,0.01,"","mirage_joint","trait1","bfdr_estimate",0.05,0.00090007176524276
20260910,98,500,15,3000,3000,3000,3000,"fast","control_informative",0.05,5,0.01,"","mirage_joint","trait1","bfdr_power",0.05,0.04
20260910,98,500,15,3000,3000,3000,3000,"fast","control_informative",0.05,5,0.01,"","mirage_joint","trait1","bfdr_discoveries",0.05,1
20260910,98,500,15,3000,3000,3000,3000,"fast","control_informative",0.05,5,0.01,"","mirage_joint","trait1","bfdr_observed_fdp",0.1,0
20260910,98,500,15,3000,3000,3000,3000,"fast","control_informative",0.05,5,0.01,"","mirage_joint","trait1","bfdr_estimate",0.1,0.0893016186524767
20260910,98,500,15,3000,3000,3000,3000,"fast","control_informative",0.05,5,0.01,"","mirage_joint","trait1","bfdr_power",0.1,0.08
20260910,98,500,15,3000,3000,3000,3000,"fast","control_informative",0.05,5,0.01,"","mirage_joint","trait1","bfdr_discoveries",0.1,2
20260910,98,500,15,3000,3000,3000,3000,"fast","control_informative",0.05,5,0.01,"","mirage_joint","trait1","bfdr_observed_fdp",0.2,0.333333333333333
20260910,98,500,15,3000,3000,3000,3000,"fast","control_informative",0.05,5,0.01,"","mirage_joint","trait1","bfdr_estimate",0.2,0.186336342096283
20260910,98,500,15,3000,3000,3000,3000,"fast","control_informative",0.05,5,0.01,"","mirage_joint","trait1","bfdr_power",0.2,0.16
20260910,98,500,15,3000,3000,3000,3000,"fast","control_informative",0.05,5,0.01,"","mirage_joint","trait1","bfdr_discoveries",0.2,6
20260910,98,500,15,3000,3000,3000,3000,"fast","control_informative",0.05,5,0.01,"","mirage_joint","trait2","bfdr_observed_fdp",0.01,0
20260910,98,500,15,3000,3000,3000,3000,"fast","control_informative",0.05,5,0.01,"","mirage_joint","trait2","bfdr_estimate",0.01,0.00126128814582827
20260910,98,500,15,3000,3000,3000,3000,"fast","control_informative",0.05,5,0.01,"","mirage_joint","trait2","bfdr_power",0.01,0.2
20260910,98,500,15,3000,3000,3000,3000,"fast","control_informative",0.05,5,0.01,"","mirage_joint","trait2","bfdr_discoveries",0.01,2
20260910,98,500,15,3000,3000,3000,3000,"fast","control_informative",0.05,5,0.01,"","mirage_joint","trait2","bfdr_observed_fdp",0.05,0
20260910,98,500,15,3000,3000,3000,3000,"fast","control_informative",0.05,5,0.01,"","mirage_joint","trait2","bfdr_estimate",0.05,0.00126128814582827
20260910,98,500,15,3000,3000,3000,3000,"fast","control_informative",0.05,5,0.01,"","mirage_joint","trait2","bfdr_power",0.05,0.2
20260910,98,500,15,3000,3000,3000,3000,"fast","control_informative",0.05,5,0.01,"","mirage_joint","trait2","bfdr_discoveries",0.05,2
20260910,98,500,15,3000,3000,3000,3000,"fast","control_informative",0.05,5,0.01,"","mirage_joint","trait2","bfdr_observed_fdp",0.1,0.25
20260910,98,500,15,3000,3000,3000,3000,"fast","control_informative",0.05,5,0.01,"","mirage_joint","trait2","bfdr_estimate",0.1,0.0923999478286166
20260910,98,500,15,3000,3000,3000,3000,"fast","control_informative",0.05,5,0.01,"","mirage_joint","trait2","bfdr_power",0.1,0.3
20260910,98,500,15,3000,3000,3000,3000,"fast","control_informative",0.05,5,0.01,"","mirage_joint","trait2","bfdr_discoveries",0.1,4
20260910,98,500,15,3000,3000,3000,3000,"fast","control_informative",0.05,5,0.01,"","mirage_joint","trait2","bfdr_observed_fdp",0.2,0.4
20260910,98,500,15,3000,3000,3000,3000,"fast","control_informative",0.05,5,0.01,"","mirage_joint","trait2","bfdr_estimate",0.2,0.193747763027555
20260910,98,500,15,3000,3000,3000,3000,"fast","control_informative",0.05,5,0.01,"","mirage_joint","trait2","bfdr_power",0.2,0.3
20260910,98,500,15,3000,3000,3000,3000,"fast","control_informative",0.05,5,0.01,"","mirage_joint","trait2","bfdr_discoveries",0.2,5
20260910,98,500,15,3000,3000,3000,3000,"fast","control_informative",0.05,5,0.01,"","mirage_joint","pleiotropy","bfdr_observed_fdp",0.01,0
20260910,98,500,15,3000,3000,3000,3000,"fast","control_informative",0.05,5,0.01,"","mirage_joint","pleiotropy","bfdr_estimate",0.01,0
20260910,98,500,15,3000,3000,3000,3000,"fast","control_informative",0.05,5,0.01,"","mirage_joint","pleiotropy","bfdr_power",0.01,0
20260910,98,500,15,3000,3000,3000,3000,"fast","control_informative",0.05,5,0.01,"","mirage_joint","pleiotropy","bfdr_discoveries",0.01,0
20260910,98,500,15,3000,3000,3000,3000,"fast","control_informative",0.05,5,0.01,"","mirage_joint","pleiotropy","bfdr_observed_fdp",0.05,0
20260910,98,500,15,3000,3000,3000,3000,"fast","control_informative",0.05,5,0.01,"","mirage_joint","pleiotropy","bfdr_estimate",0.05,0
20260910,98,500,15,3000,3000,3000,3000,"fast","control_informative",0.05,5,0.01,"","mirage_joint","pleiotropy","bfdr_power",0.05,0
20260910,98,500,15,3000,3000,3000,3000,"fast","control_informative",0.05,5,0.01,"","mirage_joint","pleiotropy","bfdr_discoveries",0.05,0
20260910,98,500,15,3000,3000,3000,3000,"fast","control_informative",0.05,5,0.01,"","mirage_joint","pleiotropy","bfdr_observed_fdp",0.1,0
20260910,98,500,15,3000,3000,3000,3000,"fast","control_informative",0.05,5,0.01,"","mirage_joint","pleiotropy","bfdr_estimate",0.1,0
20260910,98,500,15,3000,3000,3000,3000,"fast","control_informative",0.05,5,0.01,"","mirage_joint","pleiotropy","bfdr_power",0.1,0
20260910,98,500,15,3000,3000,3000,3000,"fast","control_informative",0.05,5,0.01,"","mirage_joint","pleiotropy","bfdr_discoveries",0.1,0
20260910,98,500,15,3000,3000,3000,3000,"fast","control_informative",0.05,5,0.01,"","mirage_joint","pleiotropy","bfdr_observed_fdp",0.2,0.5
20260910,98,500,15,3000,3000,3000,3000,"fast","control_informative",0.05,5,0.01,"","mirage_joint","pleiotropy","bfdr_estimate",0.2,0.184488178307292
20260910,98,500,15,3000,3000,3000,3000,"fast","control_informative",0.05,5,0.01,"","mirage_joint","pleiotropy","bfdr_power",0.2,0.2
20260910,98,500,15,3000,3000,3000,3000,"fast","control_informative",0.05,5,0.01,"","mirage_joint","pleiotropy","bfdr_discoveries",0.2,2
20260910,98,500,15,3000,3000,3000,3000,"fast","control_informative",0.05,5,0.01,"","mirage_joint","global","runtime_seconds",NA,19.1410000000001
20260910,98,500,15,3000,3000,3000,3000,"fast","control_informative",0.05,5,0.01,"","mirage_joint","pleiotropy","pi11_estimate",NA,0.0240001089654834
20260910,98,500,15,3000,3000,3000,3000,"fast","control_informative",0.05,5,0.01,"","separate_mirage","trait1","auc",NA,0.637557894736842
20260910,98,500,15,3000,3000,3000,3000,"fast","control_informative",0.05,5,0.01,"","separate_mirage","trait2","auc",NA,0.833265306122449
20260910,98,500,15,3000,3000,3000,3000,"fast","control_informative",0.05,5,0.01,"","separate_mirage","pleiotropy","auc",NA,0.86989898989899
20260910,98,500,15,3000,3000,3000,3000,"fast","control_informative",0.05,5,0.01,"","separate_mirage","trait1","pp08_power",0.8,0.08
20260910,98,500,15,3000,3000,3000,3000,"fast","control_informative",0.05,5,0.01,"","separate_mirage","trait1","pp08_fdp",0.8,0
20260910,98,500,15,3000,3000,3000,3000,"fast","control_informative",0.05,5,0.01,"","separate_mirage","trait1","pp08_discoveries",0.8,2
20260910,98,500,15,3000,3000,3000,3000,"fast","control_informative",0.05,5,0.01,"","separate_mirage","trait2","pp08_power",0.8,0.3
20260910,98,500,15,3000,3000,3000,3000,"fast","control_informative",0.05,5,0.01,"","separate_mirage","trait2","pp08_fdp",0.8,0
20260910,98,500,15,3000,3000,3000,3000,"fast","control_informative",0.05,5,0.01,"","separate_mirage","trait2","pp08_discoveries",0.8,3
20260910,98,500,15,3000,3000,3000,3000,"fast","control_informative",0.05,5,0.01,"","separate_mirage","pleiotropy","pp08_power",0.8,0
20260910,98,500,15,3000,3000,3000,3000,"fast","control_informative",0.05,5,0.01,"","separate_mirage","pleiotropy","pp08_fdp",0.8,0
20260910,98,500,15,3000,3000,3000,3000,"fast","control_informative",0.05,5,0.01,"","separate_mirage","pleiotropy","pp08_discoveries",0.8,0
20260910,98,500,15,3000,3000,3000,3000,"fast","control_informative",0.05,5,0.01,"","separate_mirage","trait1","bfdr_observed_fdp",0.01,0
20260910,98,500,15,3000,3000,3000,3000,"fast","control_informative",0.05,5,0.01,"","separate_mirage","trait1","bfdr_estimate",0.01,0.00217145453546075
20260910,98,500,15,3000,3000,3000,3000,"fast","control_informative",0.05,5,0.01,"","separate_mirage","trait1","bfdr_power",0.01,0.04
20260910,98,500,15,3000,3000,3000,3000,"fast","control_informative",0.05,5,0.01,"","separate_mirage","trait1","bfdr_discoveries",0.01,1
20260910,98,500,15,3000,3000,3000,3000,"fast","control_informative",0.05,5,0.01,"","separate_mirage","trait1","bfdr_observed_fdp",0.05,0
20260910,98,500,15,3000,3000,3000,3000,"fast","control_informative",0.05,5,0.01,"","separate_mirage","trait1","bfdr_estimate",0.05,0.00217145453546075
20260910,98,500,15,3000,3000,3000,3000,"fast","control_informative",0.05,5,0.01,"","separate_mirage","trait1","bfdr_power",0.05,0.04
20260910,98,500,15,3000,3000,3000,3000,"fast","control_informative",0.05,5,0.01,"","separate_mirage","trait1","bfdr_discoveries",0.05,1
20260910,98,500,15,3000,3000,3000,3000,"fast","control_informative",0.05,5,0.01,"","separate_mirage","trait1","bfdr_observed_fdp",0.1,0
20260910,98,500,15,3000,3000,3000,3000,"fast","control_informative",0.05,5,0.01,"","separate_mirage","trait1","bfdr_estimate",0.1,0.0841814789709782
20260910,98,500,15,3000,3000,3000,3000,"fast","control_informative",0.05,5,0.01,"","separate_mirage","trait1","bfdr_power",0.1,0.08
20260910,98,500,15,3000,3000,3000,3000,"fast","control_informative",0.05,5,0.01,"","separate_mirage","trait1","bfdr_discoveries",0.1,2
20260910,98,500,15,3000,3000,3000,3000,"fast","control_informative",0.05,5,0.01,"","separate_mirage","trait1","bfdr_observed_fdp",0.2,0.25
20260910,98,500,15,3000,3000,3000,3000,"fast","control_informative",0.05,5,0.01,"","separate_mirage","trait1","bfdr_estimate",0.2,0.146835417329481
20260910,98,500,15,3000,3000,3000,3000,"fast","control_informative",0.05,5,0.01,"","separate_mirage","trait1","bfdr_power",0.2,0.12
20260910,98,500,15,3000,3000,3000,3000,"fast","control_informative",0.05,5,0.01,"","separate_mirage","trait1","bfdr_discoveries",0.2,4
20260910,98,500,15,3000,3000,3000,3000,"fast","control_informative",0.05,5,0.01,"","separate_mirage","trait2","bfdr_observed_fdp",0.01,0
20260910,98,500,15,3000,3000,3000,3000,"fast","control_informative",0.05,5,0.01,"","separate_mirage","trait2","bfdr_estimate",0.01,0.00121283673621436
20260910,98,500,15,3000,3000,3000,3000,"fast","control_informative",0.05,5,0.01,"","separate_mirage","trait2","bfdr_power",0.01,0.2
20260910,98,500,15,3000,3000,3000,3000,"fast","control_informative",0.05,5,0.01,"","separate_mirage","trait2","bfdr_discoveries",0.01,2
20260910,98,500,15,3000,3000,3000,3000,"fast","control_informative",0.05,5,0.01,"","separate_mirage","trait2","bfdr_observed_fdp",0.05,0
20260910,98,500,15,3000,3000,3000,3000,"fast","control_informative",0.05,5,0.01,"","separate_mirage","trait2","bfdr_estimate",0.05,0.0451715093780172
20260910,98,500,15,3000,3000,3000,3000,"fast","control_informative",0.05,5,0.01,"","separate_mirage","trait2","bfdr_power",0.05,0.3
20260910,98,500,15,3000,3000,3000,3000,"fast","control_informative",0.05,5,0.01,"","separate_mirage","trait2","bfdr_discoveries",0.05,3
20260910,98,500,15,3000,3000,3000,3000,"fast","control_informative",0.05,5,0.01,"","separate_mirage","trait2","bfdr_observed_fdp",0.1,0
20260910,98,500,15,3000,3000,3000,3000,"fast","control_informative",0.05,5,0.01,"","separate_mirage","trait2","bfdr_estimate",0.1,0.0451715093780172
20260910,98,500,15,3000,3000,3000,3000,"fast","control_informative",0.05,5,0.01,"","separate_mirage","trait2","bfdr_power",0.1,0.3
20260910,98,500,15,3000,3000,3000,3000,"fast","control_informative",0.05,5,0.01,"","separate_mirage","trait2","bfdr_discoveries",0.1,3
20260910,98,500,15,3000,3000,3000,3000,"fast","control_informative",0.05,5,0.01,"","separate_mirage","trait2","bfdr_observed_fdp",0.2,0
20260910,98,500,15,3000,3000,3000,3000,"fast","control_informative",0.05,5,0.01,"","separate_mirage","trait2","bfdr_estimate",0.2,0.0451715093780172
20260910,98,500,15,3000,3000,3000,3000,"fast","control_informative",0.05,5,0.01,"","separate_mirage","trait2","bfdr_power",0.2,0.3
20260910,98,500,15,3000,3000,3000,3000,"fast","control_informative",0.05,5,0.01,"","separate_mirage","trait2","bfdr_discoveries",0.2,3
20260910,98,500,15,3000,3000,3000,3000,"fast","control_informative",0.05,5,0.01,"","separate_mirage","pleiotropy","bfdr_observed_fdp",0.01,0
20260910,98,500,15,3000,3000,3000,3000,"fast","control_informative",0.05,5,0.01,"","separate_mirage","pleiotropy","bfdr_estimate",0.01,0
20260910,98,500,15,3000,3000,3000,3000,"fast","control_informative",0.05,5,0.01,"","separate_mirage","pleiotropy","bfdr_power",0.01,0
20260910,98,500,15,3000,3000,3000,3000,"fast","control_informative",0.05,5,0.01,"","separate_mirage","pleiotropy","bfdr_discoveries",0.01,0
20260910,98,500,15,3000,3000,3000,3000,"fast","control_informative",0.05,5,0.01,"","separate_mirage","pleiotropy","bfdr_observed_fdp",0.05,0
20260910,98,500,15,3000,3000,3000,3000,"fast","control_informative",0.05,5,0.01,"","separate_mirage","pleiotropy","bfdr_estimate",0.05,0
20260910,98,500,15,3000,3000,3000,3000,"fast","control_informative",0.05,5,0.01,"","separate_mirage","pleiotropy","bfdr_power",0.05,0
20260910,98,500,15,3000,3000,3000,3000,"fast","control_informative",0.05,5,0.01,"","separate_mirage","pleiotropy","bfdr_discoveries",0.05,0
20260910,98,500,15,3000,3000,3000,3000,"fast","control_informative",0.05,5,0.01,"","separate_mirage","pleiotropy","bfdr_observed_fdp",0.1,0
20260910,98,500,15,3000,3000,3000,3000,"fast","control_informative",0.05,5,0.01,"","separate_mirage","pleiotropy","bfdr_estimate",0.1,0
20260910,98,500,15,3000,3000,3000,3000,"fast","control_informative",0.05,5,0.01,"","separate_mirage","pleiotropy","bfdr_power",0.1,0
20260910,98,500,15,3000,3000,3000,3000,"fast","control_informative",0.05,5,0.01,"","separate_mirage","pleiotropy","bfdr_discoveries",0.1,0
20260910,98,500,15,3000,3000,3000,3000,"fast","control_informative",0.05,5,0.01,"","separate_mirage","pleiotropy","bfdr_observed_fdp",0.2,0
20260910,98,500,15,3000,3000,3000,3000,"fast","control_informative",0.05,5,0.01,"","separate_mirage","pleiotropy","bfdr_estimate",0.2,0
20260910,98,500,15,3000,3000,3000,3000,"fast","control_informative",0.05,5,0.01,"","separate_mirage","pleiotropy","bfdr_power",0.2,0
20260910,98,500,15,3000,3000,3000,3000,"fast","control_informative",0.05,5,0.01,"","separate_mirage","pleiotropy","bfdr_discoveries",0.2,0
20260910,98,500,15,3000,3000,3000,3000,"fast","control_informative",0.05,5,0.01,"","separate_mirage","global","runtime_seconds",NA,18.6549999999997
20260910,98,500,15,3000,3000,3000,3000,"fast","control_informative",0.05,5,0.01,"","separate_mirage","pleiotropy","pi11_estimate",NA,0.001
20260910,98,500,15,3000,3000,3000,3000,"fast","control_informative",0.05,5,0.01,"","mtada_aggregated","trait1","auc",NA,0.731284210526316
20260910,98,500,15,3000,3000,3000,3000,"fast","control_informative",0.05,5,0.01,"","mtada_aggregated","trait2","auc",NA,0.674387755102041
20260910,98,500,15,3000,3000,3000,3000,"fast","control_informative",0.05,5,0.01,"","mtada_aggregated","pleiotropy","auc",NA,0.673939393939394
20260910,98,500,15,3000,3000,3000,3000,"fast","control_informative",0.05,5,0.01,"","mtada_aggregated","trait1","pp08_power",0.8,0.4
20260910,98,500,15,3000,3000,3000,3000,"fast","control_informative",0.05,5,0.01,"","mtada_aggregated","trait1","pp08_fdp",0.8,0.8
20260910,98,500,15,3000,3000,3000,3000,"fast","control_informative",0.05,5,0.01,"","mtada_aggregated","trait1","pp08_discoveries",0.8,50
20260910,98,500,15,3000,3000,3000,3000,"fast","control_informative",0.05,5,0.01,"","mtada_aggregated","trait2","pp08_power",0.8,0.3
20260910,98,500,15,3000,3000,3000,3000,"fast","control_informative",0.05,5,0.01,"","mtada_aggregated","trait2","pp08_fdp",0.8,0.914285714285714
20260910,98,500,15,3000,3000,3000,3000,"fast","control_informative",0.05,5,0.01,"","mtada_aggregated","trait2","pp08_discoveries",0.8,35
20260910,98,500,15,3000,3000,3000,3000,"fast","control_informative",0.05,5,0.01,"","mtada_aggregated","pleiotropy","pp08_power",0.8,0
20260910,98,500,15,3000,3000,3000,3000,"fast","control_informative",0.05,5,0.01,"","mtada_aggregated","pleiotropy","pp08_fdp",0.8,1
20260910,98,500,15,3000,3000,3000,3000,"fast","control_informative",0.05,5,0.01,"","mtada_aggregated","pleiotropy","pp08_discoveries",0.8,7
20260910,98,500,15,3000,3000,3000,3000,"fast","control_informative",0.05,5,0.01,"","mtada_aggregated","trait1","bfdr_observed_fdp",0.01,0.829268292682927
20260910,98,500,15,3000,3000,3000,3000,"fast","control_informative",0.05,5,0.01,"","mtada_aggregated","trait1","bfdr_estimate",0.01,0.00961436617739971
20260910,98,500,15,3000,3000,3000,3000,"fast","control_informative",0.05,5,0.01,"","mtada_aggregated","trait1","bfdr_power",0.01,0.28
20260910,98,500,15,3000,3000,3000,3000,"fast","control_informative",0.05,5,0.01,"","mtada_aggregated","trait1","bfdr_discoveries",0.01,41
20260910,98,500,15,3000,3000,3000,3000,"fast","control_informative",0.05,5,0.01,"","mtada_aggregated","trait1","bfdr_observed_fdp",0.05,0.814814814814815
20260910,98,500,15,3000,3000,3000,3000,"fast","control_informative",0.05,5,0.01,"","mtada_aggregated","trait1","bfdr_estimate",0.05,0.0463823509745514
20260910,98,500,15,3000,3000,3000,3000,"fast","control_informative",0.05,5,0.01,"","mtada_aggregated","trait1","bfdr_power",0.05,0.4
20260910,98,500,15,3000,3000,3000,3000,"fast","control_informative",0.05,5,0.01,"","mtada_aggregated","trait1","bfdr_discoveries",0.05,54
20260910,98,500,15,3000,3000,3000,3000,"fast","control_informative",0.05,5,0.01,"","mtada_aggregated","trait1","bfdr_observed_fdp",0.1,0.82258064516129
20260910,98,500,15,3000,3000,3000,3000,"fast","control_informative",0.05,5,0.01,"","mtada_aggregated","trait1","bfdr_estimate",0.1,0.0994293745516096
20260910,98,500,15,3000,3000,3000,3000,"fast","control_informative",0.05,5,0.01,"","mtada_aggregated","trait1","bfdr_power",0.1,0.44
20260910,98,500,15,3000,3000,3000,3000,"fast","control_informative",0.05,5,0.01,"","mtada_aggregated","trait1","bfdr_discoveries",0.1,62
20260910,98,500,15,3000,3000,3000,3000,"fast","control_informative",0.05,5,0.01,"","mtada_aggregated","trait1","bfdr_observed_fdp",0.2,0.833333333333333
20260910,98,500,15,3000,3000,3000,3000,"fast","control_informative",0.05,5,0.01,"","mtada_aggregated","trait1","bfdr_estimate",0.2,0.194443108076943
20260910,98,500,15,3000,3000,3000,3000,"fast","control_informative",0.05,5,0.01,"","mtada_aggregated","trait1","bfdr_power",0.2,0.48
20260910,98,500,15,3000,3000,3000,3000,"fast","control_informative",0.05,5,0.01,"","mtada_aggregated","trait1","bfdr_discoveries",0.2,72
20260910,98,500,15,3000,3000,3000,3000,"fast","control_informative",0.05,5,0.01,"","mtada_aggregated","trait2","bfdr_observed_fdp",0.01,0.903225806451613
20260910,98,500,15,3000,3000,3000,3000,"fast","control_informative",0.05,5,0.01,"","mtada_aggregated","trait2","bfdr_estimate",0.01,0.00951393879078902
20260910,98,500,15,3000,3000,3000,3000,"fast","control_informative",0.05,5,0.01,"","mtada_aggregated","trait2","bfdr_power",0.01,0.3
20260910,98,500,15,3000,3000,3000,3000,"fast","control_informative",0.05,5,0.01,"","mtada_aggregated","trait2","bfdr_discoveries",0.01,31
20260910,98,500,15,3000,3000,3000,3000,"fast","control_informative",0.05,5,0.01,"","mtada_aggregated","trait2","bfdr_observed_fdp",0.05,0.918918918918919
20260910,98,500,15,3000,3000,3000,3000,"fast","control_informative",0.05,5,0.01,"","mtada_aggregated","trait2","bfdr_estimate",0.05,0.0426007731913443
20260910,98,500,15,3000,3000,3000,3000,"fast","control_informative",0.05,5,0.01,"","mtada_aggregated","trait2","bfdr_power",0.05,0.3
20260910,98,500,15,3000,3000,3000,3000,"fast","control_informative",0.05,5,0.01,"","mtada_aggregated","trait2","bfdr_discoveries",0.05,37
20260910,98,500,15,3000,3000,3000,3000,"fast","control_informative",0.05,5,0.01,"","mtada_aggregated","trait2","bfdr_observed_fdp",0.1,0.926829268292683
20260910,98,500,15,3000,3000,3000,3000,"fast","control_informative",0.05,5,0.01,"","mtada_aggregated","trait2","bfdr_estimate",0.1,0.0919808963779383
20260910,98,500,15,3000,3000,3000,3000,"fast","control_informative",0.05,5,0.01,"","mtada_aggregated","trait2","bfdr_power",0.1,0.3
20260910,98,500,15,3000,3000,3000,3000,"fast","control_informative",0.05,5,0.01,"","mtada_aggregated","trait2","bfdr_discoveries",0.1,41
20260910,98,500,15,3000,3000,3000,3000,"fast","control_informative",0.05,5,0.01,"","mtada_aggregated","trait2","bfdr_observed_fdp",0.2,0.9375
20260910,98,500,15,3000,3000,3000,3000,"fast","control_informative",0.05,5,0.01,"","mtada_aggregated","trait2","bfdr_estimate",0.2,0.188262725787418
20260910,98,500,15,3000,3000,3000,3000,"fast","control_informative",0.05,5,0.01,"","mtada_aggregated","trait2","bfdr_power",0.2,0.3
20260910,98,500,15,3000,3000,3000,3000,"fast","control_informative",0.05,5,0.01,"","mtada_aggregated","trait2","bfdr_discoveries",0.2,48
20260910,98,500,15,3000,3000,3000,3000,"fast","control_informative",0.05,5,0.01,"","mtada_aggregated","pleiotropy","bfdr_observed_fdp",0.01,1
20260910,98,500,15,3000,3000,3000,3000,"fast","control_informative",0.05,5,0.01,"","mtada_aggregated","pleiotropy","bfdr_estimate",0.01,0.00381934444032123
20260910,98,500,15,3000,3000,3000,3000,"fast","control_informative",0.05,5,0.01,"","mtada_aggregated","pleiotropy","bfdr_power",0.01,0
20260910,98,500,15,3000,3000,3000,3000,"fast","control_informative",0.05,5,0.01,"","mtada_aggregated","pleiotropy","bfdr_discoveries",0.01,2
20260910,98,500,15,3000,3000,3000,3000,"fast","control_informative",0.05,5,0.01,"","mtada_aggregated","pleiotropy","bfdr_observed_fdp",0.05,1
20260910,98,500,15,3000,3000,3000,3000,"fast","control_informative",0.05,5,0.01,"","mtada_aggregated","pleiotropy","bfdr_estimate",0.05,0.0444316247931713
20260910,98,500,15,3000,3000,3000,3000,"fast","control_informative",0.05,5,0.01,"","mtada_aggregated","pleiotropy","bfdr_power",0.05,0
20260910,98,500,15,3000,3000,3000,3000,"fast","control_informative",0.05,5,0.01,"","mtada_aggregated","pleiotropy","bfdr_discoveries",0.05,6
20260910,98,500,15,3000,3000,3000,3000,"fast","control_informative",0.05,5,0.01,"","mtada_aggregated","pleiotropy","bfdr_observed_fdp",0.1,1
20260910,98,500,15,3000,3000,3000,3000,"fast","control_informative",0.05,5,0.01,"","mtada_aggregated","pleiotropy","bfdr_estimate",0.1,0.0609853384744977
20260910,98,500,15,3000,3000,3000,3000,"fast","control_informative",0.05,5,0.01,"","mtada_aggregated","pleiotropy","bfdr_power",0.1,0
20260910,98,500,15,3000,3000,3000,3000,"fast","control_informative",0.05,5,0.01,"","mtada_aggregated","pleiotropy","bfdr_discoveries",0.1,7
20260910,98,500,15,3000,3000,3000,3000,"fast","control_informative",0.05,5,0.01,"","mtada_aggregated","pleiotropy","bfdr_observed_fdp",0.2,1
20260910,98,500,15,3000,3000,3000,3000,"fast","control_informative",0.05,5,0.01,"","mtada_aggregated","pleiotropy","bfdr_estimate",0.2,0.145406643498282
20260910,98,500,15,3000,3000,3000,3000,"fast","control_informative",0.05,5,0.01,"","mtada_aggregated","pleiotropy","bfdr_power",0.2,0
20260910,98,500,15,3000,3000,3000,3000,"fast","control_informative",0.05,5,0.01,"","mtada_aggregated","pleiotropy","bfdr_discoveries",0.2,9
20260910,98,500,15,3000,3000,3000,3000,"fast","control_informative",0.05,5,0.01,"","mtada_aggregated","global","runtime_seconds",NA,0.9050000000002
20260910,98,500,15,3000,3000,3000,3000,"fast","control_informative",0.05,5,0.01,"","mtada_aggregated","pleiotropy","pi11_estimate",NA,0.00433515
20260911,99,500,15,3000,3000,3000,3000,"fast","control_informative",0.05,5,0.01,"","mirage_joint","trait1","auc",NA,0.701978947368421
20260911,99,500,15,3000,3000,3000,3000,"fast","control_informative",0.05,5,0.01,"","mirage_joint","trait2","auc",NA,0.691224489795918
20260911,99,500,15,3000,3000,3000,3000,"fast","control_informative",0.05,5,0.01,"","mirage_joint","pleiotropy","auc",NA,0.651717171717172
20260911,99,500,15,3000,3000,3000,3000,"fast","control_informative",0.05,5,0.01,"","mirage_joint","trait1","pp08_power",0.8,0.28
20260911,99,500,15,3000,3000,3000,3000,"fast","control_informative",0.05,5,0.01,"","mirage_joint","trait1","pp08_fdp",0.8,0.125
20260911,99,500,15,3000,3000,3000,3000,"fast","control_informative",0.05,5,0.01,"","mirage_joint","trait1","pp08_discoveries",0.8,8
20260911,99,500,15,3000,3000,3000,3000,"fast","control_informative",0.05,5,0.01,"","mirage_joint","trait2","pp08_power",0.8,0
20260911,99,500,15,3000,3000,3000,3000,"fast","control_informative",0.05,5,0.01,"","mirage_joint","trait2","pp08_fdp",0.8,0
20260911,99,500,15,3000,3000,3000,3000,"fast","control_informative",0.05,5,0.01,"","mirage_joint","trait2","pp08_discoveries",0.8,0
20260911,99,500,15,3000,3000,3000,3000,"fast","control_informative",0.05,5,0.01,"","mirage_joint","pleiotropy","pp08_power",0.8,0
20260911,99,500,15,3000,3000,3000,3000,"fast","control_informative",0.05,5,0.01,"","mirage_joint","pleiotropy","pp08_fdp",0.8,0
20260911,99,500,15,3000,3000,3000,3000,"fast","control_informative",0.05,5,0.01,"","mirage_joint","pleiotropy","pp08_discoveries",0.8,0
20260911,99,500,15,3000,3000,3000,3000,"fast","control_informative",0.05,5,0.01,"","mirage_joint","trait1","bfdr_observed_fdp",0.01,0
20260911,99,500,15,3000,3000,3000,3000,"fast","control_informative",0.05,5,0.01,"","mirage_joint","trait1","bfdr_estimate",0.01,0.00727031216794747
20260911,99,500,15,3000,3000,3000,3000,"fast","control_informative",0.05,5,0.01,"","mirage_joint","trait1","bfdr_power",0.01,0.2
20260911,99,500,15,3000,3000,3000,3000,"fast","control_informative",0.05,5,0.01,"","mirage_joint","trait1","bfdr_discoveries",0.01,5
20260911,99,500,15,3000,3000,3000,3000,"fast","control_informative",0.05,5,0.01,"","mirage_joint","trait1","bfdr_observed_fdp",0.05,0.125
20260911,99,500,15,3000,3000,3000,3000,"fast","control_informative",0.05,5,0.01,"","mirage_joint","trait1","bfdr_estimate",0.05,0.0387599503771741
20260911,99,500,15,3000,3000,3000,3000,"fast","control_informative",0.05,5,0.01,"","mirage_joint","trait1","bfdr_power",0.05,0.28
20260911,99,500,15,3000,3000,3000,3000,"fast","control_informative",0.05,5,0.01,"","mirage_joint","trait1","bfdr_discoveries",0.05,8
20260911,99,500,15,3000,3000,3000,3000,"fast","control_informative",0.05,5,0.01,"","mirage_joint","trait1","bfdr_observed_fdp",0.1,0.111111111111111
20260911,99,500,15,3000,3000,3000,3000,"fast","control_informative",0.05,5,0.01,"","mirage_joint","trait1","bfdr_estimate",0.1,0.0872527013859569
20260911,99,500,15,3000,3000,3000,3000,"fast","control_informative",0.05,5,0.01,"","mirage_joint","trait1","bfdr_power",0.1,0.32
20260911,99,500,15,3000,3000,3000,3000,"fast","control_informative",0.05,5,0.01,"","mirage_joint","trait1","bfdr_discoveries",0.1,9
20260911,99,500,15,3000,3000,3000,3000,"fast","control_informative",0.05,5,0.01,"","mirage_joint","trait1","bfdr_observed_fdp",0.2,0.181818181818182
20260911,99,500,15,3000,3000,3000,3000,"fast","control_informative",0.05,5,0.01,"","mirage_joint","trait1","bfdr_estimate",0.2,0.169161783794584
20260911,99,500,15,3000,3000,3000,3000,"fast","control_informative",0.05,5,0.01,"","mirage_joint","trait1","bfdr_power",0.2,0.36
20260911,99,500,15,3000,3000,3000,3000,"fast","control_informative",0.05,5,0.01,"","mirage_joint","trait1","bfdr_discoveries",0.2,11
20260911,99,500,15,3000,3000,3000,3000,"fast","control_informative",0.05,5,0.01,"","mirage_joint","trait2","bfdr_observed_fdp",0.01,0
20260911,99,500,15,3000,3000,3000,3000,"fast","control_informative",0.05,5,0.01,"","mirage_joint","trait2","bfdr_estimate",0.01,0
20260911,99,500,15,3000,3000,3000,3000,"fast","control_informative",0.05,5,0.01,"","mirage_joint","trait2","bfdr_power",0.01,0
20260911,99,500,15,3000,3000,3000,3000,"fast","control_informative",0.05,5,0.01,"","mirage_joint","trait2","bfdr_discoveries",0.01,0
20260911,99,500,15,3000,3000,3000,3000,"fast","control_informative",0.05,5,0.01,"","mirage_joint","trait2","bfdr_observed_fdp",0.05,0
20260911,99,500,15,3000,3000,3000,3000,"fast","control_informative",0.05,5,0.01,"","mirage_joint","trait2","bfdr_estimate",0.05,0
20260911,99,500,15,3000,3000,3000,3000,"fast","control_informative",0.05,5,0.01,"","mirage_joint","trait2","bfdr_power",0.05,0
20260911,99,500,15,3000,3000,3000,3000,"fast","control_informative",0.05,5,0.01,"","mirage_joint","trait2","bfdr_discoveries",0.05,0
20260911,99,500,15,3000,3000,3000,3000,"fast","control_informative",0.05,5,0.01,"","mirage_joint","trait2","bfdr_observed_fdp",0.1,0
20260911,99,500,15,3000,3000,3000,3000,"fast","control_informative",0.05,5,0.01,"","mirage_joint","trait2","bfdr_estimate",0.1,0
20260911,99,500,15,3000,3000,3000,3000,"fast","control_informative",0.05,5,0.01,"","mirage_joint","trait2","bfdr_power",0.1,0
20260911,99,500,15,3000,3000,3000,3000,"fast","control_informative",0.05,5,0.01,"","mirage_joint","trait2","bfdr_discoveries",0.1,0
20260911,99,500,15,3000,3000,3000,3000,"fast","control_informative",0.05,5,0.01,"","mirage_joint","trait2","bfdr_observed_fdp",0.2,0
20260911,99,500,15,3000,3000,3000,3000,"fast","control_informative",0.05,5,0.01,"","mirage_joint","trait2","bfdr_estimate",0.2,0
20260911,99,500,15,3000,3000,3000,3000,"fast","control_informative",0.05,5,0.01,"","mirage_joint","trait2","bfdr_power",0.2,0
20260911,99,500,15,3000,3000,3000,3000,"fast","control_informative",0.05,5,0.01,"","mirage_joint","trait2","bfdr_discoveries",0.2,0
20260911,99,500,15,3000,3000,3000,3000,"fast","control_informative",0.05,5,0.01,"","mirage_joint","pleiotropy","bfdr_observed_fdp",0.01,0
20260911,99,500,15,3000,3000,3000,3000,"fast","control_informative",0.05,5,0.01,"","mirage_joint","pleiotropy","bfdr_estimate",0.01,0
20260911,99,500,15,3000,3000,3000,3000,"fast","control_informative",0.05,5,0.01,"","mirage_joint","pleiotropy","bfdr_power",0.01,0
20260911,99,500,15,3000,3000,3000,3000,"fast","control_informative",0.05,5,0.01,"","mirage_joint","pleiotropy","bfdr_discoveries",0.01,0
20260911,99,500,15,3000,3000,3000,3000,"fast","control_informative",0.05,5,0.01,"","mirage_joint","pleiotropy","bfdr_observed_fdp",0.05,0
20260911,99,500,15,3000,3000,3000,3000,"fast","control_informative",0.05,5,0.01,"","mirage_joint","pleiotropy","bfdr_estimate",0.05,0
20260911,99,500,15,3000,3000,3000,3000,"fast","control_informative",0.05,5,0.01,"","mirage_joint","pleiotropy","bfdr_power",0.05,0
20260911,99,500,15,3000,3000,3000,3000,"fast","control_informative",0.05,5,0.01,"","mirage_joint","pleiotropy","bfdr_discoveries",0.05,0
20260911,99,500,15,3000,3000,3000,3000,"fast","control_informative",0.05,5,0.01,"","mirage_joint","pleiotropy","bfdr_observed_fdp",0.1,0
20260911,99,500,15,3000,3000,3000,3000,"fast","control_informative",0.05,5,0.01,"","mirage_joint","pleiotropy","bfdr_estimate",0.1,0
20260911,99,500,15,3000,3000,3000,3000,"fast","control_informative",0.05,5,0.01,"","mirage_joint","pleiotropy","bfdr_power",0.1,0
20260911,99,500,15,3000,3000,3000,3000,"fast","control_informative",0.05,5,0.01,"","mirage_joint","pleiotropy","bfdr_discoveries",0.1,0
20260911,99,500,15,3000,3000,3000,3000,"fast","control_informative",0.05,5,0.01,"","mirage_joint","pleiotropy","bfdr_observed_fdp",0.2,0
20260911,99,500,15,3000,3000,3000,3000,"fast","control_informative",0.05,5,0.01,"","mirage_joint","pleiotropy","bfdr_estimate",0.2,0
20260911,99,500,15,3000,3000,3000,3000,"fast","control_informative",0.05,5,0.01,"","mirage_joint","pleiotropy","bfdr_power",0.2,0
20260911,99,500,15,3000,3000,3000,3000,"fast","control_informative",0.05,5,0.01,"","mirage_joint","pleiotropy","bfdr_discoveries",0.2,0
20260911,99,500,15,3000,3000,3000,3000,"fast","control_informative",0.05,5,0.01,"","mirage_joint","global","runtime_seconds",NA,19.1120000000001
20260911,99,500,15,3000,3000,3000,3000,"fast","control_informative",0.05,5,0.01,"","mirage_joint","pleiotropy","pi11_estimate",NA,0.0233751188796483
20260911,99,500,15,3000,3000,3000,3000,"fast","control_informative",0.05,5,0.01,"","separate_mirage","trait1","auc",NA,0.7104
20260911,99,500,15,3000,3000,3000,3000,"fast","control_informative",0.05,5,0.01,"","separate_mirage","trait2","auc",NA,0.554897959183673
20260911,99,500,15,3000,3000,3000,3000,"fast","control_informative",0.05,5,0.01,"","separate_mirage","pleiotropy","auc",NA,0.692525252525253
20260911,99,500,15,3000,3000,3000,3000,"fast","control_informative",0.05,5,0.01,"","separate_mirage","trait1","pp08_power",0.8,0.28
20260911,99,500,15,3000,3000,3000,3000,"fast","control_informative",0.05,5,0.01,"","separate_mirage","trait1","pp08_fdp",0.8,0.125
20260911,99,500,15,3000,3000,3000,3000,"fast","control_informative",0.05,5,0.01,"","separate_mirage","trait1","pp08_discoveries",0.8,8
20260911,99,500,15,3000,3000,3000,3000,"fast","control_informative",0.05,5,0.01,"","separate_mirage","trait2","pp08_power",0.8,0
20260911,99,500,15,3000,3000,3000,3000,"fast","control_informative",0.05,5,0.01,"","separate_mirage","trait2","pp08_fdp",0.8,0
20260911,99,500,15,3000,3000,3000,3000,"fast","control_informative",0.05,5,0.01,"","separate_mirage","trait2","pp08_discoveries",0.8,0
20260911,99,500,15,3000,3000,3000,3000,"fast","control_informative",0.05,5,0.01,"","separate_mirage","pleiotropy","pp08_power",0.8,0
20260911,99,500,15,3000,3000,3000,3000,"fast","control_informative",0.05,5,0.01,"","separate_mirage","pleiotropy","pp08_fdp",0.8,0
20260911,99,500,15,3000,3000,3000,3000,"fast","control_informative",0.05,5,0.01,"","separate_mirage","pleiotropy","pp08_discoveries",0.8,0
20260911,99,500,15,3000,3000,3000,3000,"fast","control_informative",0.05,5,0.01,"","separate_mirage","trait1","bfdr_observed_fdp",0.01,0
20260911,99,500,15,3000,3000,3000,3000,"fast","control_informative",0.05,5,0.01,"","separate_mirage","trait1","bfdr_estimate",0.01,0.00827507473575237
20260911,99,500,15,3000,3000,3000,3000,"fast","control_informative",0.05,5,0.01,"","separate_mirage","trait1","bfdr_power",0.01,0.16
20260911,99,500,15,3000,3000,3000,3000,"fast","control_informative",0.05,5,0.01,"","separate_mirage","trait1","bfdr_discoveries",0.01,4
20260911,99,500,15,3000,3000,3000,3000,"fast","control_informative",0.05,5,0.01,"","separate_mirage","trait1","bfdr_observed_fdp",0.05,0
20260911,99,500,15,3000,3000,3000,3000,"fast","control_informative",0.05,5,0.01,"","separate_mirage","trait1","bfdr_estimate",0.05,0.0449791124224915
20260911,99,500,15,3000,3000,3000,3000,"fast","control_informative",0.05,5,0.01,"","separate_mirage","trait1","bfdr_power",0.05,0.28
20260911,99,500,15,3000,3000,3000,3000,"fast","control_informative",0.05,5,0.01,"","separate_mirage","trait1","bfdr_discoveries",0.05,7
20260911,99,500,15,3000,3000,3000,3000,"fast","control_informative",0.05,5,0.01,"","separate_mirage","trait1","bfdr_observed_fdp",0.1,0.125
20260911,99,500,15,3000,3000,3000,3000,"fast","control_informative",0.05,5,0.01,"","separate_mirage","trait1","bfdr_estimate",0.1,0.0601236820451919
20260911,99,500,15,3000,3000,3000,3000,"fast","control_informative",0.05,5,0.01,"","separate_mirage","trait1","bfdr_power",0.1,0.28
20260911,99,500,15,3000,3000,3000,3000,"fast","control_informative",0.05,5,0.01,"","separate_mirage","trait1","bfdr_discoveries",0.1,8
20260911,99,500,15,3000,3000,3000,3000,"fast","control_informative",0.05,5,0.01,"","separate_mirage","trait1","bfdr_observed_fdp",0.2,0.1
20260911,99,500,15,3000,3000,3000,3000,"fast","control_informative",0.05,5,0.01,"","separate_mirage","trait1","bfdr_estimate",0.2,0.165053444052576
20260911,99,500,15,3000,3000,3000,3000,"fast","control_informative",0.05,5,0.01,"","separate_mirage","trait1","bfdr_power",0.2,0.36
20260911,99,500,15,3000,3000,3000,3000,"fast","control_informative",0.05,5,0.01,"","separate_mirage","trait1","bfdr_discoveries",0.2,10
20260911,99,500,15,3000,3000,3000,3000,"fast","control_informative",0.05,5,0.01,"","separate_mirage","trait2","bfdr_observed_fdp",0.01,0
20260911,99,500,15,3000,3000,3000,3000,"fast","control_informative",0.05,5,0.01,"","separate_mirage","trait2","bfdr_estimate",0.01,0
20260911,99,500,15,3000,3000,3000,3000,"fast","control_informative",0.05,5,0.01,"","separate_mirage","trait2","bfdr_power",0.01,0
20260911,99,500,15,3000,3000,3000,3000,"fast","control_informative",0.05,5,0.01,"","separate_mirage","trait2","bfdr_discoveries",0.01,0
20260911,99,500,15,3000,3000,3000,3000,"fast","control_informative",0.05,5,0.01,"","separate_mirage","trait2","bfdr_observed_fdp",0.05,0
20260911,99,500,15,3000,3000,3000,3000,"fast","control_informative",0.05,5,0.01,"","separate_mirage","trait2","bfdr_estimate",0.05,0
20260911,99,500,15,3000,3000,3000,3000,"fast","control_informative",0.05,5,0.01,"","separate_mirage","trait2","bfdr_power",0.05,0
20260911,99,500,15,3000,3000,3000,3000,"fast","control_informative",0.05,5,0.01,"","separate_mirage","trait2","bfdr_discoveries",0.05,0
20260911,99,500,15,3000,3000,3000,3000,"fast","control_informative",0.05,5,0.01,"","separate_mirage","trait2","bfdr_observed_fdp",0.1,0
20260911,99,500,15,3000,3000,3000,3000,"fast","control_informative",0.05,5,0.01,"","separate_mirage","trait2","bfdr_estimate",0.1,0
20260911,99,500,15,3000,3000,3000,3000,"fast","control_informative",0.05,5,0.01,"","separate_mirage","trait2","bfdr_power",0.1,0
20260911,99,500,15,3000,3000,3000,3000,"fast","control_informative",0.05,5,0.01,"","separate_mirage","trait2","bfdr_discoveries",0.1,0
20260911,99,500,15,3000,3000,3000,3000,"fast","control_informative",0.05,5,0.01,"","separate_mirage","trait2","bfdr_observed_fdp",0.2,0
20260911,99,500,15,3000,3000,3000,3000,"fast","control_informative",0.05,5,0.01,"","separate_mirage","trait2","bfdr_estimate",0.2,0
20260911,99,500,15,3000,3000,3000,3000,"fast","control_informative",0.05,5,0.01,"","separate_mirage","trait2","bfdr_power",0.2,0
20260911,99,500,15,3000,3000,3000,3000,"fast","control_informative",0.05,5,0.01,"","separate_mirage","trait2","bfdr_discoveries",0.2,0
20260911,99,500,15,3000,3000,3000,3000,"fast","control_informative",0.05,5,0.01,"","separate_mirage","pleiotropy","bfdr_observed_fdp",0.01,0
20260911,99,500,15,3000,3000,3000,3000,"fast","control_informative",0.05,5,0.01,"","separate_mirage","pleiotropy","bfdr_estimate",0.01,0
20260911,99,500,15,3000,3000,3000,3000,"fast","control_informative",0.05,5,0.01,"","separate_mirage","pleiotropy","bfdr_power",0.01,0
20260911,99,500,15,3000,3000,3000,3000,"fast","control_informative",0.05,5,0.01,"","separate_mirage","pleiotropy","bfdr_discoveries",0.01,0
20260911,99,500,15,3000,3000,3000,3000,"fast","control_informative",0.05,5,0.01,"","separate_mirage","pleiotropy","bfdr_observed_fdp",0.05,0
20260911,99,500,15,3000,3000,3000,3000,"fast","control_informative",0.05,5,0.01,"","separate_mirage","pleiotropy","bfdr_estimate",0.05,0
20260911,99,500,15,3000,3000,3000,3000,"fast","control_informative",0.05,5,0.01,"","separate_mirage","pleiotropy","bfdr_power",0.05,0
20260911,99,500,15,3000,3000,3000,3000,"fast","control_informative",0.05,5,0.01,"","separate_mirage","pleiotropy","bfdr_discoveries",0.05,0
20260911,99,500,15,3000,3000,3000,3000,"fast","control_informative",0.05,5,0.01,"","separate_mirage","pleiotropy","bfdr_observed_fdp",0.1,0
20260911,99,500,15,3000,3000,3000,3000,"fast","control_informative",0.05,5,0.01,"","separate_mirage","pleiotropy","bfdr_estimate",0.1,0
20260911,99,500,15,3000,3000,3000,3000,"fast","control_informative",0.05,5,0.01,"","separate_mirage","pleiotropy","bfdr_power",0.1,0
20260911,99,500,15,3000,3000,3000,3000,"fast","control_informative",0.05,5,0.01,"","separate_mirage","pleiotropy","bfdr_discoveries",0.1,0
20260911,99,500,15,3000,3000,3000,3000,"fast","control_informative",0.05,5,0.01,"","separate_mirage","pleiotropy","bfdr_observed_fdp",0.2,0
20260911,99,500,15,3000,3000,3000,3000,"fast","control_informative",0.05,5,0.01,"","separate_mirage","pleiotropy","bfdr_estimate",0.2,0
20260911,99,500,15,3000,3000,3000,3000,"fast","control_informative",0.05,5,0.01,"","separate_mirage","pleiotropy","bfdr_power",0.2,0
20260911,99,500,15,3000,3000,3000,3000,"fast","control_informative",0.05,5,0.01,"","separate_mirage","pleiotropy","bfdr_discoveries",0.2,0
20260911,99,500,15,3000,3000,3000,3000,"fast","control_informative",0.05,5,0.01,"","separate_mirage","global","runtime_seconds",NA,18.7250000000004
20260911,99,500,15,3000,3000,3000,3000,"fast","control_informative",0.05,5,0.01,"","separate_mirage","pleiotropy","pi11_estimate",NA,0.001
20260911,99,500,15,3000,3000,3000,3000,"fast","control_informative",0.05,5,0.01,"","mtada_aggregated","trait1","auc",NA,0.763873684210526
20260911,99,500,15,3000,3000,3000,3000,"fast","control_informative",0.05,5,0.01,"","mtada_aggregated","trait2","auc",NA,0.704897959183673
20260911,99,500,15,3000,3000,3000,3000,"fast","control_informative",0.05,5,0.01,"","mtada_aggregated","pleiotropy","auc",NA,0.884040404040404
20260911,99,500,15,3000,3000,3000,3000,"fast","control_informative",0.05,5,0.01,"","mtada_aggregated","trait1","pp08_power",0.8,0.48
20260911,99,500,15,3000,3000,3000,3000,"fast","control_informative",0.05,5,0.01,"","mtada_aggregated","trait1","pp08_fdp",0.8,0.72093023255814
20260911,99,500,15,3000,3000,3000,3000,"fast","control_informative",0.05,5,0.01,"","mtada_aggregated","trait1","pp08_discoveries",0.8,43
20260911,99,500,15,3000,3000,3000,3000,"fast","control_informative",0.05,5,0.01,"","mtada_aggregated","trait2","pp08_power",0.8,0.2
20260911,99,500,15,3000,3000,3000,3000,"fast","control_informative",0.05,5,0.01,"","mtada_aggregated","trait2","pp08_fdp",0.8,0.941176470588235
20260911,99,500,15,3000,3000,3000,3000,"fast","control_informative",0.05,5,0.01,"","mtada_aggregated","trait2","pp08_discoveries",0.8,34
20260911,99,500,15,3000,3000,3000,3000,"fast","control_informative",0.05,5,0.01,"","mtada_aggregated","pleiotropy","pp08_power",0.8,0
20260911,99,500,15,3000,3000,3000,3000,"fast","control_informative",0.05,5,0.01,"","mtada_aggregated","pleiotropy","pp08_fdp",0.8,1
20260911,99,500,15,3000,3000,3000,3000,"fast","control_informative",0.05,5,0.01,"","mtada_aggregated","pleiotropy","pp08_discoveries",0.8,3
20260911,99,500,15,3000,3000,3000,3000,"fast","control_informative",0.05,5,0.01,"","mtada_aggregated","trait1","bfdr_observed_fdp",0.01,0.714285714285714
20260911,99,500,15,3000,3000,3000,3000,"fast","control_informative",0.05,5,0.01,"","mtada_aggregated","trait1","bfdr_estimate",0.01,0.00883604430517169
20260911,99,500,15,3000,3000,3000,3000,"fast","control_informative",0.05,5,0.01,"","mtada_aggregated","trait1","bfdr_power",0.01,0.4
20260911,99,500,15,3000,3000,3000,3000,"fast","control_informative",0.05,5,0.01,"","mtada_aggregated","trait1","bfdr_discoveries",0.01,35
20260911,99,500,15,3000,3000,3000,3000,"fast","control_informative",0.05,5,0.01,"","mtada_aggregated","trait1","bfdr_observed_fdp",0.05,0.739130434782609
20260911,99,500,15,3000,3000,3000,3000,"fast","control_informative",0.05,5,0.01,"","mtada_aggregated","trait1","bfdr_estimate",0.05,0.0459334388398374
20260911,99,500,15,3000,3000,3000,3000,"fast","control_informative",0.05,5,0.01,"","mtada_aggregated","trait1","bfdr_power",0.05,0.48
20260911,99,500,15,3000,3000,3000,3000,"fast","control_informative",0.05,5,0.01,"","mtada_aggregated","trait1","bfdr_discoveries",0.05,46
20260911,99,500,15,3000,3000,3000,3000,"fast","control_informative",0.05,5,0.01,"","mtada_aggregated","trait1","bfdr_observed_fdp",0.1,0.777777777777778
20260911,99,500,15,3000,3000,3000,3000,"fast","control_informative",0.05,5,0.01,"","mtada_aggregated","trait1","bfdr_estimate",0.1,0.0967741642788808
20260911,99,500,15,3000,3000,3000,3000,"fast","control_informative",0.05,5,0.01,"","mtada_aggregated","trait1","bfdr_power",0.1,0.48
20260911,99,500,15,3000,3000,3000,3000,"fast","control_informative",0.05,5,0.01,"","mtada_aggregated","trait1","bfdr_discoveries",0.1,54
20260911,99,500,15,3000,3000,3000,3000,"fast","control_informative",0.05,5,0.01,"","mtada_aggregated","trait1","bfdr_observed_fdp",0.2,0.803030303030303
20260911,99,500,15,3000,3000,3000,3000,"fast","control_informative",0.05,5,0.01,"","mtada_aggregated","trait1","bfdr_estimate",0.2,0.197335193974958
20260911,99,500,15,3000,3000,3000,3000,"fast","control_informative",0.05,5,0.01,"","mtada_aggregated","trait1","bfdr_power",0.2,0.52
20260911,99,500,15,3000,3000,3000,3000,"fast","control_informative",0.05,5,0.01,"","mtada_aggregated","trait1","bfdr_discoveries",0.2,66
20260911,99,500,15,3000,3000,3000,3000,"fast","control_informative",0.05,5,0.01,"","mtada_aggregated","trait2","bfdr_observed_fdp",0.01,0.935483870967742
20260911,99,500,15,3000,3000,3000,3000,"fast","control_informative",0.05,5,0.01,"","mtada_aggregated","trait2","bfdr_estimate",0.01,0.0098888504924259
20260911,99,500,15,3000,3000,3000,3000,"fast","control_informative",0.05,5,0.01,"","mtada_aggregated","trait2","bfdr_power",0.01,0.2
20260911,99,500,15,3000,3000,3000,3000,"fast","control_informative",0.05,5,0.01,"","mtada_aggregated","trait2","bfdr_discoveries",0.01,31
20260911,99,500,15,3000,3000,3000,3000,"fast","control_informative",0.05,5,0.01,"","mtada_aggregated","trait2","bfdr_observed_fdp",0.05,0.947368421052632
20260911,99,500,15,3000,3000,3000,3000,"fast","control_informative",0.05,5,0.01,"","mtada_aggregated","trait2","bfdr_estimate",0.05,0.0431170402838306
20260911,99,500,15,3000,3000,3000,3000,"fast","control_informative",0.05,5,0.01,"","mtada_aggregated","trait2","bfdr_power",0.05,0.2
20260911,99,500,15,3000,3000,3000,3000,"fast","control_informative",0.05,5,0.01,"","mtada_aggregated","trait2","bfdr_discoveries",0.05,38
20260911,99,500,15,3000,3000,3000,3000,"fast","control_informative",0.05,5,0.01,"","mtada_aggregated","trait2","bfdr_observed_fdp",0.1,0.954545454545455
20260911,99,500,15,3000,3000,3000,3000,"fast","control_informative",0.05,5,0.01,"","mtada_aggregated","trait2","bfdr_estimate",0.1,0.0979097310439906
20260911,99,500,15,3000,3000,3000,3000,"fast","control_informative",0.05,5,0.01,"","mtada_aggregated","trait2","bfdr_power",0.1,0.2
20260911,99,500,15,3000,3000,3000,3000,"fast","control_informative",0.05,5,0.01,"","mtada_aggregated","trait2","bfdr_discoveries",0.1,44
20260911,99,500,15,3000,3000,3000,3000,"fast","control_informative",0.05,5,0.01,"","mtada_aggregated","trait2","bfdr_observed_fdp",0.2,0.961538461538462
20260911,99,500,15,3000,3000,3000,3000,"fast","control_informative",0.05,5,0.01,"","mtada_aggregated","trait2","bfdr_estimate",0.2,0.196386421969934
20260911,99,500,15,3000,3000,3000,3000,"fast","control_informative",0.05,5,0.01,"","mtada_aggregated","trait2","bfdr_power",0.2,0.2
20260911,99,500,15,3000,3000,3000,3000,"fast","control_informative",0.05,5,0.01,"","mtada_aggregated","trait2","bfdr_discoveries",0.2,52
20260911,99,500,15,3000,3000,3000,3000,"fast","control_informative",0.05,5,0.01,"","mtada_aggregated","pleiotropy","bfdr_observed_fdp",0.01,1
20260911,99,500,15,3000,3000,3000,3000,"fast","control_informative",0.05,5,0.01,"","mtada_aggregated","pleiotropy","bfdr_estimate",0.01,0.00592069768752427
20260911,99,500,15,3000,3000,3000,3000,"fast","control_informative",0.05,5,0.01,"","mtada_aggregated","pleiotropy","bfdr_power",0.01,0
20260911,99,500,15,3000,3000,3000,3000,"fast","control_informative",0.05,5,0.01,"","mtada_aggregated","pleiotropy","bfdr_discoveries",0.01,3
20260911,99,500,15,3000,3000,3000,3000,"fast","control_informative",0.05,5,0.01,"","mtada_aggregated","pleiotropy","bfdr_observed_fdp",0.05,1
20260911,99,500,15,3000,3000,3000,3000,"fast","control_informative",0.05,5,0.01,"","mtada_aggregated","pleiotropy","bfdr_estimate",0.05,0.00592069768752427
20260911,99,500,15,3000,3000,3000,3000,"fast","control_informative",0.05,5,0.01,"","mtada_aggregated","pleiotropy","bfdr_power",0.05,0
20260911,99,500,15,3000,3000,3000,3000,"fast","control_informative",0.05,5,0.01,"","mtada_aggregated","pleiotropy","bfdr_discoveries",0.05,3
20260911,99,500,15,3000,3000,3000,3000,"fast","control_informative",0.05,5,0.01,"","mtada_aggregated","pleiotropy","bfdr_observed_fdp",0.1,1
20260911,99,500,15,3000,3000,3000,3000,"fast","control_informative",0.05,5,0.01,"","mtada_aggregated","pleiotropy","bfdr_estimate",0.1,0.0594168561035894
20260911,99,500,15,3000,3000,3000,3000,"fast","control_informative",0.05,5,0.01,"","mtada_aggregated","pleiotropy","bfdr_power",0.1,0
20260911,99,500,15,3000,3000,3000,3000,"fast","control_informative",0.05,5,0.01,"","mtada_aggregated","pleiotropy","bfdr_discoveries",0.1,4
20260911,99,500,15,3000,3000,3000,3000,"fast","control_informative",0.05,5,0.01,"","mtada_aggregated","pleiotropy","bfdr_observed_fdp",0.2,1
20260911,99,500,15,3000,3000,3000,3000,"fast","control_informative",0.05,5,0.01,"","mtada_aggregated","pleiotropy","bfdr_estimate",0.2,0.141176231457234
20260911,99,500,15,3000,3000,3000,3000,"fast","control_informative",0.05,5,0.01,"","mtada_aggregated","pleiotropy","bfdr_power",0.2,0
20260911,99,500,15,3000,3000,3000,3000,"fast","control_informative",0.05,5,0.01,"","mtada_aggregated","pleiotropy","bfdr_discoveries",0.2,5
20260911,99,500,15,3000,3000,3000,3000,"fast","control_informative",0.05,5,0.01,"","mtada_aggregated","global","runtime_seconds",NA,0.889999999999873
20260911,99,500,15,3000,3000,3000,3000,"fast","control_informative",0.05,5,0.01,"","mtada_aggregated","pleiotropy","pi11_estimate",NA,0.00261859
20260912,100,500,15,3000,3000,3000,3000,"fast","control_informative",0.05,5,0.01,"","mirage_joint","trait1","auc",NA,0.569936842105263
20260912,100,500,15,3000,3000,3000,3000,"fast","control_informative",0.05,5,0.01,"","mirage_joint","trait2","auc",NA,0.744897959183674
20260912,100,500,15,3000,3000,3000,3000,"fast","control_informative",0.05,5,0.01,"","mirage_joint","pleiotropy","auc",NA,0.682828282828283
20260912,100,500,15,3000,3000,3000,3000,"fast","control_informative",0.05,5,0.01,"","mirage_joint","trait1","pp08_power",0.8,0.04
20260912,100,500,15,3000,3000,3000,3000,"fast","control_informative",0.05,5,0.01,"","mirage_joint","trait1","pp08_fdp",0.8,0
20260912,100,500,15,3000,3000,3000,3000,"fast","control_informative",0.05,5,0.01,"","mirage_joint","trait1","pp08_discoveries",0.8,1
20260912,100,500,15,3000,3000,3000,3000,"fast","control_informative",0.05,5,0.01,"","mirage_joint","trait2","pp08_power",0.8,0.2
20260912,100,500,15,3000,3000,3000,3000,"fast","control_informative",0.05,5,0.01,"","mirage_joint","trait2","pp08_fdp",0.8,0
20260912,100,500,15,3000,3000,3000,3000,"fast","control_informative",0.05,5,0.01,"","mirage_joint","trait2","pp08_discoveries",0.8,2
20260912,100,500,15,3000,3000,3000,3000,"fast","control_informative",0.05,5,0.01,"","mirage_joint","pleiotropy","pp08_power",0.8,0
20260912,100,500,15,3000,3000,3000,3000,"fast","control_informative",0.05,5,0.01,"","mirage_joint","pleiotropy","pp08_fdp",0.8,0
20260912,100,500,15,3000,3000,3000,3000,"fast","control_informative",0.05,5,0.01,"","mirage_joint","pleiotropy","pp08_discoveries",0.8,0
20260912,100,500,15,3000,3000,3000,3000,"fast","control_informative",0.05,5,0.01,"","mirage_joint","trait1","bfdr_observed_fdp",0.01,0
20260912,100,500,15,3000,3000,3000,3000,"fast","control_informative",0.05,5,0.01,"","mirage_joint","trait1","bfdr_estimate",0.01,0
20260912,100,500,15,3000,3000,3000,3000,"fast","control_informative",0.05,5,0.01,"","mirage_joint","trait1","bfdr_power",0.01,0
20260912,100,500,15,3000,3000,3000,3000,"fast","control_informative",0.05,5,0.01,"","mirage_joint","trait1","bfdr_discoveries",0.01,0
20260912,100,500,15,3000,3000,3000,3000,"fast","control_informative",0.05,5,0.01,"","mirage_joint","trait1","bfdr_observed_fdp",0.05,0
20260912,100,500,15,3000,3000,3000,3000,"fast","control_informative",0.05,5,0.01,"","mirage_joint","trait1","bfdr_estimate",0.05,0
20260912,100,500,15,3000,3000,3000,3000,"fast","control_informative",0.05,5,0.01,"","mirage_joint","trait1","bfdr_power",0.05,0
20260912,100,500,15,3000,3000,3000,3000,"fast","control_informative",0.05,5,0.01,"","mirage_joint","trait1","bfdr_discoveries",0.05,0
20260912,100,500,15,3000,3000,3000,3000,"fast","control_informative",0.05,5,0.01,"","mirage_joint","trait1","bfdr_observed_fdp",0.1,0
20260912,100,500,15,3000,3000,3000,3000,"fast","control_informative",0.05,5,0.01,"","mirage_joint","trait1","bfdr_estimate",0.1,0
20260912,100,500,15,3000,3000,3000,3000,"fast","control_informative",0.05,5,0.01,"","mirage_joint","trait1","bfdr_power",0.1,0
20260912,100,500,15,3000,3000,3000,3000,"fast","control_informative",0.05,5,0.01,"","mirage_joint","trait1","bfdr_discoveries",0.1,0
20260912,100,500,15,3000,3000,3000,3000,"fast","control_informative",0.05,5,0.01,"","mirage_joint","trait1","bfdr_observed_fdp",0.2,0
20260912,100,500,15,3000,3000,3000,3000,"fast","control_informative",0.05,5,0.01,"","mirage_joint","trait1","bfdr_estimate",0.2,0.123636836819952
20260912,100,500,15,3000,3000,3000,3000,"fast","control_informative",0.05,5,0.01,"","mirage_joint","trait1","bfdr_power",0.2,0.04
20260912,100,500,15,3000,3000,3000,3000,"fast","control_informative",0.05,5,0.01,"","mirage_joint","trait1","bfdr_discoveries",0.2,1
20260912,100,500,15,3000,3000,3000,3000,"fast","control_informative",0.05,5,0.01,"","mirage_joint","trait2","bfdr_observed_fdp",0.01,0
20260912,100,500,15,3000,3000,3000,3000,"fast","control_informative",0.05,5,0.01,"","mirage_joint","trait2","bfdr_estimate",0.01,2.98732312220551e-08
20260912,100,500,15,3000,3000,3000,3000,"fast","control_informative",0.05,5,0.01,"","mirage_joint","trait2","bfdr_power",0.01,0.1
20260912,100,500,15,3000,3000,3000,3000,"fast","control_informative",0.05,5,0.01,"","mirage_joint","trait2","bfdr_discoveries",0.01,1
20260912,100,500,15,3000,3000,3000,3000,"fast","control_informative",0.05,5,0.01,"","mirage_joint","trait2","bfdr_observed_fdp",0.05,0
20260912,100,500,15,3000,3000,3000,3000,"fast","control_informative",0.05,5,0.01,"","mirage_joint","trait2","bfdr_estimate",0.05,0.0131244016599532
20260912,100,500,15,3000,3000,3000,3000,"fast","control_informative",0.05,5,0.01,"","mirage_joint","trait2","bfdr_power",0.05,0.2
20260912,100,500,15,3000,3000,3000,3000,"fast","control_informative",0.05,5,0.01,"","mirage_joint","trait2","bfdr_discoveries",0.05,2
20260912,100,500,15,3000,3000,3000,3000,"fast","control_informative",0.05,5,0.01,"","mirage_joint","trait2","bfdr_observed_fdp",0.1,0.333333333333333
20260912,100,500,15,3000,3000,3000,3000,"fast","control_informative",0.05,5,0.01,"","mirage_joint","trait2","bfdr_estimate",0.1,0.0759477368366273
20260912,100,500,15,3000,3000,3000,3000,"fast","control_informative",0.05,5,0.01,"","mirage_joint","trait2","bfdr_power",0.1,0.2
20260912,100,500,15,3000,3000,3000,3000,"fast","control_informative",0.05,5,0.01,"","mirage_joint","trait2","bfdr_discoveries",0.1,3
20260912,100,500,15,3000,3000,3000,3000,"fast","control_informative",0.05,5,0.01,"","mirage_joint","trait2","bfdr_observed_fdp",0.2,0.6
20260912,100,500,15,3000,3000,3000,3000,"fast","control_informative",0.05,5,0.01,"","mirage_joint","trait2","bfdr_estimate",0.2,0.184800308690216
20260912,100,500,15,3000,3000,3000,3000,"fast","control_informative",0.05,5,0.01,"","mirage_joint","trait2","bfdr_power",0.2,0.2
20260912,100,500,15,3000,3000,3000,3000,"fast","control_informative",0.05,5,0.01,"","mirage_joint","trait2","bfdr_discoveries",0.2,5
20260912,100,500,15,3000,3000,3000,3000,"fast","control_informative",0.05,5,0.01,"","mirage_joint","pleiotropy","bfdr_observed_fdp",0.01,0
20260912,100,500,15,3000,3000,3000,3000,"fast","control_informative",0.05,5,0.01,"","mirage_joint","pleiotropy","bfdr_estimate",0.01,0
20260912,100,500,15,3000,3000,3000,3000,"fast","control_informative",0.05,5,0.01,"","mirage_joint","pleiotropy","bfdr_power",0.01,0
20260912,100,500,15,3000,3000,3000,3000,"fast","control_informative",0.05,5,0.01,"","mirage_joint","pleiotropy","bfdr_discoveries",0.01,0
20260912,100,500,15,3000,3000,3000,3000,"fast","control_informative",0.05,5,0.01,"","mirage_joint","pleiotropy","bfdr_observed_fdp",0.05,0
20260912,100,500,15,3000,3000,3000,3000,"fast","control_informative",0.05,5,0.01,"","mirage_joint","pleiotropy","bfdr_estimate",0.05,0
20260912,100,500,15,3000,3000,3000,3000,"fast","control_informative",0.05,5,0.01,"","mirage_joint","pleiotropy","bfdr_power",0.05,0
20260912,100,500,15,3000,3000,3000,3000,"fast","control_informative",0.05,5,0.01,"","mirage_joint","pleiotropy","bfdr_discoveries",0.05,0
20260912,100,500,15,3000,3000,3000,3000,"fast","control_informative",0.05,5,0.01,"","mirage_joint","pleiotropy","bfdr_observed_fdp",0.1,0
20260912,100,500,15,3000,3000,3000,3000,"fast","control_informative",0.05,5,0.01,"","mirage_joint","pleiotropy","bfdr_estimate",0.1,0
20260912,100,500,15,3000,3000,3000,3000,"fast","control_informative",0.05,5,0.01,"","mirage_joint","pleiotropy","bfdr_power",0.1,0
20260912,100,500,15,3000,3000,3000,3000,"fast","control_informative",0.05,5,0.01,"","mirage_joint","pleiotropy","bfdr_discoveries",0.1,0
20260912,100,500,15,3000,3000,3000,3000,"fast","control_informative",0.05,5,0.01,"","mirage_joint","pleiotropy","bfdr_observed_fdp",0.2,0
20260912,100,500,15,3000,3000,3000,3000,"fast","control_informative",0.05,5,0.01,"","mirage_joint","pleiotropy","bfdr_estimate",0.2,0
20260912,100,500,15,3000,3000,3000,3000,"fast","control_informative",0.05,5,0.01,"","mirage_joint","pleiotropy","bfdr_power",0.2,0
20260912,100,500,15,3000,3000,3000,3000,"fast","control_informative",0.05,5,0.01,"","mirage_joint","pleiotropy","bfdr_discoveries",0.2,0
20260912,100,500,15,3000,3000,3000,3000,"fast","control_informative",0.05,5,0.01,"","mirage_joint","global","runtime_seconds",NA,19.107
20260912,100,500,15,3000,3000,3000,3000,"fast","control_informative",0.05,5,0.01,"","mirage_joint","pleiotropy","pi11_estimate",NA,0.00231283112267526
20260912,100,500,15,3000,3000,3000,3000,"fast","control_informative",0.05,5,0.01,"","separate_mirage","trait1","auc",NA,0.560842105263158
20260912,100,500,15,3000,3000,3000,3000,"fast","control_informative",0.05,5,0.01,"","separate_mirage","trait2","auc",NA,0.736326530612245
20260912,100,500,15,3000,3000,3000,3000,"fast","control_informative",0.05,5,0.01,"","separate_mirage","pleiotropy","auc",NA,0.755151515151515
20260912,100,500,15,3000,3000,3000,3000,"fast","control_informative",0.05,5,0.01,"","separate_mirage","trait1","pp08_power",0.8,0.04
20260912,100,500,15,3000,3000,3000,3000,"fast","control_informative",0.05,5,0.01,"","separate_mirage","trait1","pp08_fdp",0.8,0
20260912,100,500,15,3000,3000,3000,3000,"fast","control_informative",0.05,5,0.01,"","separate_mirage","trait1","pp08_discoveries",0.8,1
20260912,100,500,15,3000,3000,3000,3000,"fast","control_informative",0.05,5,0.01,"","separate_mirage","trait2","pp08_power",0.8,0.2
20260912,100,500,15,3000,3000,3000,3000,"fast","control_informative",0.05,5,0.01,"","separate_mirage","trait2","pp08_fdp",0.8,0
20260912,100,500,15,3000,3000,3000,3000,"fast","control_informative",0.05,5,0.01,"","separate_mirage","trait2","pp08_discoveries",0.8,2
20260912,100,500,15,3000,3000,3000,3000,"fast","control_informative",0.05,5,0.01,"","separate_mirage","pleiotropy","pp08_power",0.8,0
20260912,100,500,15,3000,3000,3000,3000,"fast","control_informative",0.05,5,0.01,"","separate_mirage","pleiotropy","pp08_fdp",0.8,0
20260912,100,500,15,3000,3000,3000,3000,"fast","control_informative",0.05,5,0.01,"","separate_mirage","pleiotropy","pp08_discoveries",0.8,0
20260912,100,500,15,3000,3000,3000,3000,"fast","control_informative",0.05,5,0.01,"","separate_mirage","trait1","bfdr_observed_fdp",0.01,0
20260912,100,500,15,3000,3000,3000,3000,"fast","control_informative",0.05,5,0.01,"","separate_mirage","trait1","bfdr_estimate",0.01,0
20260912,100,500,15,3000,3000,3000,3000,"fast","control_informative",0.05,5,0.01,"","separate_mirage","trait1","bfdr_power",0.01,0
20260912,100,500,15,3000,3000,3000,3000,"fast","control_informative",0.05,5,0.01,"","separate_mirage","trait1","bfdr_discoveries",0.01,0
20260912,100,500,15,3000,3000,3000,3000,"fast","control_informative",0.05,5,0.01,"","separate_mirage","trait1","bfdr_observed_fdp",0.05,0
20260912,100,500,15,3000,3000,3000,3000,"fast","control_informative",0.05,5,0.01,"","separate_mirage","trait1","bfdr_estimate",0.05,0
20260912,100,500,15,3000,3000,3000,3000,"fast","control_informative",0.05,5,0.01,"","separate_mirage","trait1","bfdr_power",0.05,0
20260912,100,500,15,3000,3000,3000,3000,"fast","control_informative",0.05,5,0.01,"","separate_mirage","trait1","bfdr_discoveries",0.05,0
20260912,100,500,15,3000,3000,3000,3000,"fast","control_informative",0.05,5,0.01,"","separate_mirage","trait1","bfdr_observed_fdp",0.1,0
20260912,100,500,15,3000,3000,3000,3000,"fast","control_informative",0.05,5,0.01,"","separate_mirage","trait1","bfdr_estimate",0.1,0
20260912,100,500,15,3000,3000,3000,3000,"fast","control_informative",0.05,5,0.01,"","separate_mirage","trait1","bfdr_power",0.1,0
20260912,100,500,15,3000,3000,3000,3000,"fast","control_informative",0.05,5,0.01,"","separate_mirage","trait1","bfdr_discoveries",0.1,0
20260912,100,500,15,3000,3000,3000,3000,"fast","control_informative",0.05,5,0.01,"","separate_mirage","trait1","bfdr_observed_fdp",0.2,0
20260912,100,500,15,3000,3000,3000,3000,"fast","control_informative",0.05,5,0.01,"","separate_mirage","trait1","bfdr_estimate",0.2,0.122214096512842
20260912,100,500,15,3000,3000,3000,3000,"fast","control_informative",0.05,5,0.01,"","separate_mirage","trait1","bfdr_power",0.2,0.04
20260912,100,500,15,3000,3000,3000,3000,"fast","control_informative",0.05,5,0.01,"","separate_mirage","trait1","bfdr_discoveries",0.2,1
20260912,100,500,15,3000,3000,3000,3000,"fast","control_informative",0.05,5,0.01,"","separate_mirage","trait2","bfdr_observed_fdp",0.01,0
20260912,100,500,15,3000,3000,3000,3000,"fast","control_informative",0.05,5,0.01,"","separate_mirage","trait2","bfdr_estimate",0.01,1.38584301700995e-07
20260912,100,500,15,3000,3000,3000,3000,"fast","control_informative",0.05,5,0.01,"","separate_mirage","trait2","bfdr_power",0.01,0.1
20260912,100,500,15,3000,3000,3000,3000,"fast","control_informative",0.05,5,0.01,"","separate_mirage","trait2","bfdr_discoveries",0.01,1
20260912,100,500,15,3000,3000,3000,3000,"fast","control_informative",0.05,5,0.01,"","separate_mirage","trait2","bfdr_observed_fdp",0.05,0
20260912,100,500,15,3000,3000,3000,3000,"fast","control_informative",0.05,5,0.01,"","separate_mirage","trait2","bfdr_estimate",0.05,0.0158109502849665
20260912,100,500,15,3000,3000,3000,3000,"fast","control_informative",0.05,5,0.01,"","separate_mirage","trait2","bfdr_power",0.05,0.2
20260912,100,500,15,3000,3000,3000,3000,"fast","control_informative",0.05,5,0.01,"","separate_mirage","trait2","bfdr_discoveries",0.05,2
20260912,100,500,15,3000,3000,3000,3000,"fast","control_informative",0.05,5,0.01,"","separate_mirage","trait2","bfdr_observed_fdp",0.1,0
20260912,100,500,15,3000,3000,3000,3000,"fast","control_informative",0.05,5,0.01,"","separate_mirage","trait2","bfdr_estimate",0.1,0.0158109502849665
20260912,100,500,15,3000,3000,3000,3000,"fast","control_informative",0.05,5,0.01,"","separate_mirage","trait2","bfdr_power",0.1,0.2
20260912,100,500,15,3000,3000,3000,3000,"fast","control_informative",0.05,5,0.01,"","separate_mirage","trait2","bfdr_discoveries",0.1,2
20260912,100,500,15,3000,3000,3000,3000,"fast","control_informative",0.05,5,0.01,"","separate_mirage","trait2","bfdr_observed_fdp",0.2,0.333333333333333
20260912,100,500,15,3000,3000,3000,3000,"fast","control_informative",0.05,5,0.01,"","separate_mirage","trait2","bfdr_estimate",0.2,0.14191979699816
20260912,100,500,15,3000,3000,3000,3000,"fast","control_informative",0.05,5,0.01,"","separate_mirage","trait2","bfdr_power",0.2,0.2
20260912,100,500,15,3000,3000,3000,3000,"fast","control_informative",0.05,5,0.01,"","separate_mirage","trait2","bfdr_discoveries",0.2,3
20260912,100,500,15,3000,3000,3000,3000,"fast","control_informative",0.05,5,0.01,"","separate_mirage","pleiotropy","bfdr_observed_fdp",0.01,0
20260912,100,500,15,3000,3000,3000,3000,"fast","control_informative",0.05,5,0.01,"","separate_mirage","pleiotropy","bfdr_estimate",0.01,0
20260912,100,500,15,3000,3000,3000,3000,"fast","control_informative",0.05,5,0.01,"","separate_mirage","pleiotropy","bfdr_power",0.01,0
20260912,100,500,15,3000,3000,3000,3000,"fast","control_informative",0.05,5,0.01,"","separate_mirage","pleiotropy","bfdr_discoveries",0.01,0
20260912,100,500,15,3000,3000,3000,3000,"fast","control_informative",0.05,5,0.01,"","separate_mirage","pleiotropy","bfdr_observed_fdp",0.05,0
20260912,100,500,15,3000,3000,3000,3000,"fast","control_informative",0.05,5,0.01,"","separate_mirage","pleiotropy","bfdr_estimate",0.05,0
20260912,100,500,15,3000,3000,3000,3000,"fast","control_informative",0.05,5,0.01,"","separate_mirage","pleiotropy","bfdr_power",0.05,0
20260912,100,500,15,3000,3000,3000,3000,"fast","control_informative",0.05,5,0.01,"","separate_mirage","pleiotropy","bfdr_discoveries",0.05,0
20260912,100,500,15,3000,3000,3000,3000,"fast","control_informative",0.05,5,0.01,"","separate_mirage","pleiotropy","bfdr_observed_fdp",0.1,0
20260912,100,500,15,3000,3000,3000,3000,"fast","control_informative",0.05,5,0.01,"","separate_mirage","pleiotropy","bfdr_estimate",0.1,0
20260912,100,500,15,3000,3000,3000,3000,"fast","control_informative",0.05,5,0.01,"","separate_mirage","pleiotropy","bfdr_power",0.1,0
20260912,100,500,15,3000,3000,3000,3000,"fast","control_informative",0.05,5,0.01,"","separate_mirage","pleiotropy","bfdr_discoveries",0.1,0
20260912,100,500,15,3000,3000,3000,3000,"fast","control_informative",0.05,5,0.01,"","separate_mirage","pleiotropy","bfdr_observed_fdp",0.2,0
20260912,100,500,15,3000,3000,3000,3000,"fast","control_informative",0.05,5,0.01,"","separate_mirage","pleiotropy","bfdr_estimate",0.2,0
20260912,100,500,15,3000,3000,3000,3000,"fast","control_informative",0.05,5,0.01,"","separate_mirage","pleiotropy","bfdr_power",0.2,0
20260912,100,500,15,3000,3000,3000,3000,"fast","control_informative",0.05,5,0.01,"","separate_mirage","pleiotropy","bfdr_discoveries",0.2,0
20260912,100,500,15,3000,3000,3000,3000,"fast","control_informative",0.05,5,0.01,"","separate_mirage","global","runtime_seconds",NA,18.7020000000002
20260912,100,500,15,3000,3000,3000,3000,"fast","control_informative",0.05,5,0.01,"","separate_mirage","pleiotropy","pi11_estimate",NA,0.001
20260912,100,500,15,3000,3000,3000,3000,"fast","control_informative",0.05,5,0.01,"","mtada_aggregated","trait1","auc",NA,0.555621052631579
20260912,100,500,15,3000,3000,3000,3000,"fast","control_informative",0.05,5,0.01,"","mtada_aggregated","trait2","auc",NA,0.730918367346939
20260912,100,500,15,3000,3000,3000,3000,"fast","control_informative",0.05,5,0.01,"","mtada_aggregated","pleiotropy","auc",NA,0.66949494949495
20260912,100,500,15,3000,3000,3000,3000,"fast","control_informative",0.05,5,0.01,"","mtada_aggregated","trait1","pp08_power",0.8,0.12
20260912,100,500,15,3000,3000,3000,3000,"fast","control_informative",0.05,5,0.01,"","mtada_aggregated","trait1","pp08_fdp",0.8,0.9375
20260912,100,500,15,3000,3000,3000,3000,"fast","control_informative",0.05,5,0.01,"","mtada_aggregated","trait1","pp08_discoveries",0.8,48
20260912,100,500,15,3000,3000,3000,3000,"fast","control_informative",0.05,5,0.01,"","mtada_aggregated","trait2","pp08_power",0.8,0.3
20260912,100,500,15,3000,3000,3000,3000,"fast","control_informative",0.05,5,0.01,"","mtada_aggregated","trait2","pp08_fdp",0.8,0.938775510204082
20260912,100,500,15,3000,3000,3000,3000,"fast","control_informative",0.05,5,0.01,"","mtada_aggregated","trait2","pp08_discoveries",0.8,49
20260912,100,500,15,3000,3000,3000,3000,"fast","control_informative",0.05,5,0.01,"","mtada_aggregated","pleiotropy","pp08_power",0.8,0
20260912,100,500,15,3000,3000,3000,3000,"fast","control_informative",0.05,5,0.01,"","mtada_aggregated","pleiotropy","pp08_fdp",0.8,1
20260912,100,500,15,3000,3000,3000,3000,"fast","control_informative",0.05,5,0.01,"","mtada_aggregated","pleiotropy","pp08_discoveries",0.8,4
20260912,100,500,15,3000,3000,3000,3000,"fast","control_informative",0.05,5,0.01,"","mtada_aggregated","trait1","bfdr_observed_fdp",0.01,0.95
20260912,100,500,15,3000,3000,3000,3000,"fast","control_informative",0.05,5,0.01,"","mtada_aggregated","trait1","bfdr_estimate",0.01,0.00990021451370489
20260912,100,500,15,3000,3000,3000,3000,"fast","control_informative",0.05,5,0.01,"","mtada_aggregated","trait1","bfdr_power",0.01,0.08
20260912,100,500,15,3000,3000,3000,3000,"fast","control_informative",0.05,5,0.01,"","mtada_aggregated","trait1","bfdr_discoveries",0.01,40
20260912,100,500,15,3000,3000,3000,3000,"fast","control_informative",0.05,5,0.01,"","mtada_aggregated","trait1","bfdr_observed_fdp",0.05,0.925925925925926
20260912,100,500,15,3000,3000,3000,3000,"fast","control_informative",0.05,5,0.01,"","mtada_aggregated","trait1","bfdr_estimate",0.05,0.0498119210698295
20260912,100,500,15,3000,3000,3000,3000,"fast","control_informative",0.05,5,0.01,"","mtada_aggregated","trait1","bfdr_power",0.05,0.16
20260912,100,500,15,3000,3000,3000,3000,"fast","control_informative",0.05,5,0.01,"","mtada_aggregated","trait1","bfdr_discoveries",0.05,54
20260912,100,500,15,3000,3000,3000,3000,"fast","control_informative",0.05,5,0.01,"","mtada_aggregated","trait1","bfdr_observed_fdp",0.1,0.935483870967742
20260912,100,500,15,3000,3000,3000,3000,"fast","control_informative",0.05,5,0.01,"","mtada_aggregated","trait1","bfdr_estimate",0.1,0.0934325473726123
20260912,100,500,15,3000,3000,3000,3000,"fast","control_informative",0.05,5,0.01,"","mtada_aggregated","trait1","bfdr_power",0.1,0.16
20260912,100,500,15,3000,3000,3000,3000,"fast","control_informative",0.05,5,0.01,"","mtada_aggregated","trait1","bfdr_discoveries",0.1,62
20260912,100,500,15,3000,3000,3000,3000,"fast","control_informative",0.05,5,0.01,"","mtada_aggregated","trait1","bfdr_observed_fdp",0.2,0.93421052631579
20260912,100,500,15,3000,3000,3000,3000,"fast","control_informative",0.05,5,0.01,"","mtada_aggregated","trait1","bfdr_estimate",0.2,0.199378380983832
20260912,100,500,15,3000,3000,3000,3000,"fast","control_informative",0.05,5,0.01,"","mtada_aggregated","trait1","bfdr_power",0.2,0.2
20260912,100,500,15,3000,3000,3000,3000,"fast","control_informative",0.05,5,0.01,"","mtada_aggregated","trait1","bfdr_discoveries",0.2,76
20260912,100,500,15,3000,3000,3000,3000,"fast","control_informative",0.05,5,0.01,"","mtada_aggregated","trait2","bfdr_observed_fdp",0.01,0.936170212765957
20260912,100,500,15,3000,3000,3000,3000,"fast","control_informative",0.05,5,0.01,"","mtada_aggregated","trait2","bfdr_estimate",0.01,0.0063015634028358
20260912,100,500,15,3000,3000,3000,3000,"fast","control_informative",0.05,5,0.01,"","mtada_aggregated","trait2","bfdr_power",0.01,0.3
20260912,100,500,15,3000,3000,3000,3000,"fast","control_informative",0.05,5,0.01,"","mtada_aggregated","trait2","bfdr_discoveries",0.01,47
20260912,100,500,15,3000,3000,3000,3000,"fast","control_informative",0.05,5,0.01,"","mtada_aggregated","trait2","bfdr_observed_fdp",0.05,0.944444444444444
20260912,100,500,15,3000,3000,3000,3000,"fast","control_informative",0.05,5,0.01,"","mtada_aggregated","trait2","bfdr_estimate",0.05,0.046967127236353
20260912,100,500,15,3000,3000,3000,3000,"fast","control_informative",0.05,5,0.01,"","mtada_aggregated","trait2","bfdr_power",0.05,0.3
20260912,100,500,15,3000,3000,3000,3000,"fast","control_informative",0.05,5,0.01,"","mtada_aggregated","trait2","bfdr_discoveries",0.05,54
20260912,100,500,15,3000,3000,3000,3000,"fast","control_informative",0.05,5,0.01,"","mtada_aggregated","trait2","bfdr_observed_fdp",0.1,0.95
20260912,100,500,15,3000,3000,3000,3000,"fast","control_informative",0.05,5,0.01,"","mtada_aggregated","trait2","bfdr_estimate",0.1,0.0937161565981141
20260912,100,500,15,3000,3000,3000,3000,"fast","control_informative",0.05,5,0.01,"","mtada_aggregated","trait2","bfdr_power",0.1,0.3
20260912,100,500,15,3000,3000,3000,3000,"fast","control_informative",0.05,5,0.01,"","mtada_aggregated","trait2","bfdr_discoveries",0.1,60
20260912,100,500,15,3000,3000,3000,3000,"fast","control_informative",0.05,5,0.01,"","mtada_aggregated","trait2","bfdr_observed_fdp",0.2,0.958333333333333
20260912,100,500,15,3000,3000,3000,3000,"fast","control_informative",0.05,5,0.01,"","mtada_aggregated","trait2","bfdr_estimate",0.2,0.199136939466252
20260912,100,500,15,3000,3000,3000,3000,"fast","control_informative",0.05,5,0.01,"","mtada_aggregated","trait2","bfdr_power",0.2,0.3
20260912,100,500,15,3000,3000,3000,3000,"fast","control_informative",0.05,5,0.01,"","mtada_aggregated","trait2","bfdr_discoveries",0.2,72
20260912,100,500,15,3000,3000,3000,3000,"fast","control_informative",0.05,5,0.01,"","mtada_aggregated","pleiotropy","bfdr_observed_fdp",0.01,1
20260912,100,500,15,3000,3000,3000,3000,"fast","control_informative",0.05,5,0.01,"","mtada_aggregated","pleiotropy","bfdr_estimate",0.01,0.000324347735310926
20260912,100,500,15,3000,3000,3000,3000,"fast","control_informative",0.05,5,0.01,"","mtada_aggregated","pleiotropy","bfdr_power",0.01,0
20260912,100,500,15,3000,3000,3000,3000,"fast","control_informative",0.05,5,0.01,"","mtada_aggregated","pleiotropy","bfdr_discoveries",0.01,2
20260912,100,500,15,3000,3000,3000,3000,"fast","control_informative",0.05,5,0.01,"","mtada_aggregated","pleiotropy","bfdr_observed_fdp",0.05,1
20260912,100,500,15,3000,3000,3000,3000,"fast","control_informative",0.05,5,0.01,"","mtada_aggregated","pleiotropy","bfdr_estimate",0.05,0.024278318402694
20260912,100,500,15,3000,3000,3000,3000,"fast","control_informative",0.05,5,0.01,"","mtada_aggregated","pleiotropy","bfdr_power",0.05,0
20260912,100,500,15,3000,3000,3000,3000,"fast","control_informative",0.05,5,0.01,"","mtada_aggregated","pleiotropy","bfdr_discoveries",0.05,4
20260912,100,500,15,3000,3000,3000,3000,"fast","control_informative",0.05,5,0.01,"","mtada_aggregated","pleiotropy","bfdr_observed_fdp",0.1,1
20260912,100,500,15,3000,3000,3000,3000,"fast","control_informative",0.05,5,0.01,"","mtada_aggregated","pleiotropy","bfdr_estimate",0.1,0.0647859277058042
20260912,100,500,15,3000,3000,3000,3000,"fast","control_informative",0.05,5,0.01,"","mtada_aggregated","pleiotropy","bfdr_power",0.1,0
20260912,100,500,15,3000,3000,3000,3000,"fast","control_informative",0.05,5,0.01,"","mtada_aggregated","pleiotropy","bfdr_discoveries",0.1,5
20260912,100,500,15,3000,3000,3000,3000,"fast","control_informative",0.05,5,0.01,"","mtada_aggregated","pleiotropy","bfdr_observed_fdp",0.2,1
20260912,100,500,15,3000,3000,3000,3000,"fast","control_informative",0.05,5,0.01,"","mtada_aggregated","pleiotropy","bfdr_estimate",0.2,0.168099731831769
20260912,100,500,15,3000,3000,3000,3000,"fast","control_informative",0.05,5,0.01,"","mtada_aggregated","pleiotropy","bfdr_power",0.2,0
20260912,100,500,15,3000,3000,3000,3000,"fast","control_informative",0.05,5,0.01,"","mtada_aggregated","pleiotropy","bfdr_discoveries",0.2,7
20260912,100,500,15,3000,3000,3000,3000,"fast","control_informative",0.05,5,0.01,"","mtada_aggregated","global","runtime_seconds",NA,0.870000000000346
20260912,100,500,15,3000,3000,3000,3000,"fast","control_informative",0.05,5,0.01,"","mtada_aggregated","pleiotropy","pi11_estimate",NA,0.00117408
